UNITID,EFDELEV,XEFDETOT,EFDETOT,XEFDEEXC,EFDEEXC,XEFDESOM,EFDESOM,XEFDENON,EFDENON,XEFDEEX1,EFDEEX1,XEFDEEX2,EFDEEX2,XEFDEEX3,EFDEEX3,XEFDEEX4,EFDEEX4,XEFDEEX5,EFDEEX5 
100654, 1,"R",6106,"R",120,"R",1089,"R",4897,"R",87,"R",16,"R",17,"Z",0,"R",0
100654, 2,"R",5143,"R",76,"R",899,"R",4168,"R",56,"R",14,"R",6,"Z",0,"R",0
100654, 3,"R",4990,"R",75,"R",894,"R",4021,"R",55,"R",14,"R",6,"Z",0,"R",0
100654,11,"R",153,"R",1,"R",5,"R",147,"R",1,"R",0,"R",0,"Z",0,"R",0
100654,12,"R",963,"R",44,"R",190,"R",729,"R",31,"R",2,"R",11,"Z",0,"R",0
100663, 1,"R",21923,"R",5603,"R",6935,"R",9385,"R",3915,"R",1674,"Z",0,"R",7,"R",7
100663, 2,"R",13836,"R",2442,"R",5962,"R",5432,"R",2074,"R",366,"Z",0,"Z",0,"R",2
100663, 3,"R",13186,"R",2027,"R",5919,"R",5240,"R",1663,"R",362,"Z",0,"Z",0,"R",2
100663,11,"R",650,"R",415,"R",43,"R",192,"R",411,"R",4,"Z",0,"Z",0,"R",0
100663,12,"R",8087,"R",3161,"R",973,"R",3953,"R",1841,"R",1308,"Z",0,"R",7,"R",5
100690, 1,"R",755,"R",755,"A",,"A",,"R",441,"R",253,"Z",0,"Z",0,"R",61
100690, 2,"R",351,"R",351,"A",,"A",,"R",226,"R",125,"Z",0,"Z",0,"R",0
100690, 3,"R",351,"R",351,"A",,"A",,"R",226,"R",125,"Z",0,"Z",0,"R",0
100690,12,"R",404,"R",404,"A",,"A",,"R",215,"R",128,"Z",0,"Z",0,"R",61
100706, 1,"R",9736,"R",638,"R",2044,"R",7054,"R",428,"R",210,"Z",0,"Z",0,"R",0
100706, 2,"R",7671,"R",176,"R",1682,"R",5813,"R",153,"R",23,"Z",0,"Z",0,"R",0
100706, 3,"R",7458,"R",166,"R",1680,"R",5612,"R",146,"R",20,"Z",0,"Z",0,"R",0
100706,11,"R",213,"R",10,"R",2,"R",201,"R",7,"R",3,"Z",0,"Z",0,"R",0
100706,12,"R",2065,"R",462,"R",362,"R",1241,"R",275,"R",187,"Z",0,"Z",0,"R",0
100724, 1,"R",4413,"R",437,"R",296,"R",3680,"R",316,"R",110,"R",11,"R",0,"R",0
100724, 2,"R",3903,"R",360,"R",243,"R",3300,"R",244,"R",107,"R",9,"R",0,"R",0
100724, 3,"R",3903,"R",360,"R",243,"R",3300,"R",244,"R",107,"R",9,"R",0,"R",0
100724,12,"R",510,"R",77,"R",53,"R",380,"R",72,"R",3,"R",2,"R",0,"R",0
100751, 1,"R",38390,"R",3786,"R",11148,"R",23456,"R",1874,"R",1826,"R",54,"R",32,"R",0
100751, 2,"R",33028,"R",2198,"R",10350,"R",20480,"R",1160,"R",989,"R",28,"R",21,"R",0
100751, 3,"R",32177,"R",2096,"R",10291,"R",19790,"R",1083,"R",964,"R",28,"R",21,"R",0
100751,11,"R",851,"R",102,"R",59,"R",690,"R",77,"R",25,"R",0,"R",0,"R",0
100751,12,"R",5362,"R",1588,"R",798,"R",2976,"R",714,"R",837,"R",26,"R",11,"R",0
100760, 1,"R",1681,"R",139,"R",527,"R",1015,"R",139,"R",0,"R",0,"R",0,"R",0
100760, 2,"R",1681,"R",139,"R",527,"R",1015,"R",139,"R",0,"R",0,"R",0,"R",0
100760, 3,"R",1211,"R",93,"R",477,"R",641,"R",93,"R",0,"R",0,"R",0,"R",0
100760,11,"R",470,"R",46,"R",50,"R",374,"R",46,"R",0,"R",0,"R",0,"R",0
100812, 1,"R",3044,"R",2049,"R",773,"R",222,"R",1943,"R",106,"R",0,"R",0,"R",0
100812, 2,"R",2885,"R",1891,"R",773,"R",221,"R",1797,"R",94,"R",0,"R",0,"R",0
100812, 3,"R",2732,"R",1753,"R",770,"R",209,"R",1668,"R",85,"R",0,"R",0,"R",0
100812,11,"R",153,"R",138,"R",3,"R",12,"R",129,"R",9,"R",0,"R",0,"R",0
100812,12,"R",159,"R",158,"R",0,"R",1,"R",146,"R",12,"R",0,"R",0,"R",0
100830, 1,"R",5211,"R",610,"R",1873,"R",2728,"R",548,"R",29,"R",33,"Z",0,"R",0
100830, 2,"R",4632,"R",371,"R",1708,"R",2553,"R",347,"R",19,"R",5,"Z",0,"R",0
100830, 3,"R",4529,"R",347,"R",1703,"R",2479,"R",324,"R",19,"R",4,"Z",0,"R",0
100830,11,"R",103,"R",24,"R",5,"R",74,"R",23,"Z",0,"R",1,"Z",0,"R",0
100830,12,"R",579,"R",239,"R",165,"R",175,"R",201,"R",10,"R",28,"Z",0,"R",0
100858, 1,"R",30440,"R",1508,"R",5589,"R",23343,"R",608,"R",876,"Z",0,"R",24,"R",0
100858, 2,"R",24628,"R",303,"R",5197,"R",19128,"R",119,"R",180,"Z",0,"R",4,"R",0
100858, 3,"R",24147,"R",302,"R",5196,"R",18649,"R",118,"R",180,"Z",0,"R",4,"R",0
100858,11,"R",481,"R",1,"R",1,"R",479,"R",1,"Z",0,"Z",0,"Z",0,"R",0
100858,12,"R",5812,"R",1205,"R",392,"R",4215,"R",489,"R",696,"Z",0,"R",20,"R",0
100937, 1,"R",1268,"R",0,"R",0,"R",1268,"A",,"A",,"A",,"A",,"A",
100937, 2,"R",1268,"R",0,"R",0,"R",1268,"A",,"A",,"A",,"A",,"A",
100937, 3,"R",1265,"R",0,"R",0,"R",1265,"A",,"A",,"A",,"A",,"A",
100937,11,"R",3,"R",0,"R",0,"R",3,"A",,"A",,"A",,"A",,"A",
101028, 1,"R",1568,"R",60,"R",381,"R",1127,"R",46,"R",14,"R",0,"R",0,"R",0
101028, 2,"R",1568,"R",60,"R",381,"R",1127,"R",46,"R",14,"R",0,"R",0,"R",0
101028, 3,"R",1446,"R",55,"R",354,"R",1037,"R",41,"R",14,"R",0,"R",0,"R",0
101028,11,"R",122,"R",5,"R",27,"R",90,"R",5,"R",0,"R",0,"R",0,"R",0
101116, 1,"R",390,"Z",0,"R",203,"R",187,"A",,"A",,"A",,"A",,"A",
101116, 2,"R",321,"Z",0,"R",169,"R",152,"A",,"A",,"A",,"A",,"A",
101116, 3,"R",321,"Z",0,"R",169,"R",152,"A",,"A",,"A",,"A",,"A",
101116,12,"R",69,"Z",0,"R",34,"R",35,"A",,"A",,"A",,"A",,"A",
101143, 1,"R",1705,"R",179,"R",469,"R",1057,"R",175,"R",4,"R",0,"R",0,"R",0
101143, 2,"R",1705,"R",179,"R",469,"R",1057,"R",175,"R",4,"R",0,"R",0,"R",0
101143, 3,"R",1269,"R",106,"R",397,"R",766,"R",103,"R",3,"R",0,"R",0,"R",0
101143,11,"R",436,"R",73,"R",72,"R",291,"R",72,"R",1,"R",0,"R",0,"R",0
101161, 1,"R",7419,"R",836,"R",2319,"R",4264,"R",811,"R",25,"Z",0,"Z",0,"R",0
101161, 2,"R",7419,"R",836,"R",2319,"R",4264,"R",811,"R",25,"Z",0,"Z",0,"R",0
101161, 3,"R",5494,"R",750,"R",2272,"R",2472,"R",725,"R",25,"Z",0,"Z",0,"R",0
101161,11,"R",1925,"R",86,"R",47,"R",1792,"R",86,"Z",0,"Z",0,"Z",0,"R",0
101189, 1,"R",3178,"R",1124,"R",541,"R",1513,"R",922,"R",200,"R",0,"R",2,"R",0
101189, 2,"R",2428,"R",647,"R",491,"R",1290,"R",569,"R",78,"R",0,"R",0,"R",0
101189, 3,"R",2079,"R",634,"R",486,"R",959,"R",558,"R",76,"R",0,"R",0,"R",0
101189,11,"R",349,"R",13,"R",5,"R",331,"R",11,"R",2,"R",0,"R",0,"R",0
101189,12,"R",750,"R",477,"R",50,"R",223,"R",353,"R",122,"R",0,"R",2,"R",0
101240, 1,"R",4736,"R",746,"R",1603,"R",2387,"R",718,"R",26,"R",2,"R",0,"R",0
101240, 2,"R",4736,"R",746,"R",1603,"R",2387,"R",718,"R",26,"R",2,"R",0,"R",0
101240, 3,"R",4147,"R",553,"R",1551,"R",2043,"R",529,"R",22,"R",2,"R",0,"R",0
101240,11,"R",589,"R",193,"R",52,"R",344,"R",189,"R",4,"R",0,"R",0,"R",0
101277, 1,"R",83,"A",,"A",,"R",83,"A",,"A",,"A",,"A",,"A",
101277, 2,"R",83,"A",,"A",,"R",83,"A",,"A",,"A",,"A",,"A",
101286, 1,"R",4610,"R",347,"R",718,"R",3545,"R",329,"R",18,"Z",0,"Z",0,"R",0
101286, 2,"R",4610,"R",347,"R",718,"R",3545,"R",329,"R",18,"Z",0,"Z",0,"R",0
101286, 3,"R",3746,"R",299,"R",677,"R",2770,"R",282,"R",17,"Z",0,"Z",0,"R",0
101286,11,"R",864,"R",48,"R",41,"R",775,"R",47,"R",1,"Z",0,"Z",0,"R",0
101295, 1,"R",5057,"R",641,"R",1571,"R",2845,"R",633,"R",7,"R",1,"Z",0,"R",0
101295, 2,"R",5057,"R",641,"R",1571,"R",2845,"R",633,"R",7,"R",1,"Z",0,"R",0
101295, 3,"R",4569,"R",597,"R",1506,"R",2466,"R",590,"R",6,"R",1,"Z",0,"R",0
101295,11,"R",488,"R",44,"R",65,"R",379,"R",43,"R",1,"R",0,"Z",0,"R",0
101301, 1,"R",1475,"R",356,"R",450,"R",669,"R",354,"R",2,"R",0,"R",0,"R",0
101301, 2,"R",1475,"R",356,"R",450,"R",669,"R",354,"R",2,"R",0,"R",0,"R",0
101301, 3,"R",1104,"R",164,"R",403,"R",537,"R",162,"R",2,"R",0,"R",0,"R",0
101301,11,"R",371,"R",192,"R",47,"R",132,"R",192,"R",0,"R",0,"R",0,"R",0
101365, 1,"R",571,"R",228,"R",96,"R",247,"R",227,"R",1,"Z",0,"Z",0,"R",0
101365, 2,"R",551,"R",208,"R",96,"R",247,"R",208,"R",0,"Z",0,"Z",0,"R",0
101365, 3,"R",544,"R",201,"R",96,"R",247,"R",201,"R",0,"Z",0,"Z",0,"R",0
101365,11,"R",7,"R",7,"Z",0,"R",0,"R",7,"Z",0,"Z",0,"Z",0,"R",0
101365,12,"R",20,"R",20,"Z",0,"R",0,"R",19,"R",1,"Z",0,"Z",0,"R",0
101435, 1,"R",1081,"R",0,"R",48,"R",1033,"A",,"A",,"A",,"A",,"A",
101435, 2,"R",1081,"R",0,"R",48,"R",1033,"A",,"A",,"A",,"A",,"A",
101435, 3,"R",1078,"R",0,"R",48,"R",1030,"A",,"A",,"A",,"A",,"A",
101435,11,"R",3,"R",0,"R",0,"R",3,"A",,"A",,"A",,"A",,"A",
101453, 1,"R",78,"R",38,"R",29,"R",11,"R",7,"R",22,"R",0,"R",1,"R",8
101453, 2,"R",51,"R",26,"R",20,"R",5,"R",4,"R",18,"R",0,"R",1,"R",3
101453, 3,"R",49,"R",26,"R",20,"R",3,"R",4,"R",18,"R",0,"R",1,"R",3
101453,11,"R",2,"R",0,"R",0,"R",2,"A",,"A",,"A",,"A",,"A",
101453,12,"R",27,"R",12,"R",9,"R",6,"R",3,"R",4,"R",0,"R",0,"R",5
101462, 1,"R",831,"R",64,"R",294,"R",473,"R",63,"R",1,"R",0,"R",0,"R",0
101462, 2,"R",831,"R",64,"R",294,"R",473,"R",63,"R",1,"R",0,"R",0,"R",0
101462, 3,"R",678,"R",54,"R",281,"R",343,"R",53,"R",1,"R",0,"R",0,"R",0
101462,11,"R",153,"R",10,"R",13,"R",130,"R",10,"R",0,"R",0,"R",0,"R",0
101471, 1,"R",443,"A",,"A",,"R",443,"A",,"A",,"A",,"A",,"A",
101471, 2,"R",443,"A",,"A",,"R",443,"A",,"A",,"A",,"A",,"A",
101471, 3,"R",443,"A",,"A",,"R",443,"A",,"A",,"A",,"A",,"A",
101480, 1,"R",8479,"R",1782,"R",3981,"R",2716,"R",1673,"R",105,"R",0,"R",4,"R",0
101480, 2,"R",7321,"R",950,"R",3782,"R",2589,"R",903,"R",45,"R",0,"R",2,"R",0
101480, 3,"R",6394,"R",675,"R",3683,"R",2036,"R",628,"R",45,"R",0,"R",2,"R",0
101480,11,"R",927,"R",275,"R",99,"R",553,"R",275,"R",0,"R",0,"R",0,"R",0
101480,12,"R",1158,"R",832,"R",199,"R",127,"R",770,"R",60,"R",0,"R",2,"R",0
101505, 1,"R",9078,"R",1447,"R",2049,"R",5582,"R",1429,"R",18,"R",0,"R",0,"R",0
101505, 2,"R",9078,"R",1447,"R",2049,"R",5582,"R",1429,"R",18,"R",0,"R",0,"R",0
101505, 3,"R",6937,"R",1201,"R",1962,"R",3774,"R",1184,"R",17,"R",0,"R",0,"R",0
101505,11,"R",2141,"R",246,"R",87,"R",1808,"R",245,"R",1,"R",0,"R",0,"R",0
101514, 1,"R",9736,"R",1933,"R",2541,"R",5262,"R",1884,"R",48,"R",1,"R",0,"R",0
101514, 2,"R",9736,"R",1933,"R",2541,"R",5262,"R",1884,"R",48,"R",1,"R",0,"R",0
101514, 3,"R",8270,"R",1631,"R",2443,"R",4196,"R",1594,"R",36,"R",1,"R",0,"R",0
101514,11,"R",1466,"R",302,"R",98,"R",1066,"R",290,"R",12,"R",0,"R",0,"R",0
101541, 1,"R",268,"R",41,"R",24,"R",203,"R",25,"R",16,"Z",0,"Z",0,"R",0
101541, 2,"R",268,"R",41,"R",24,"R",203,"R",25,"R",16,"Z",0,"Z",0,"R",0
101541, 3,"R",259,"R",34,"R",24,"R",201,"R",23,"R",11,"Z",0,"Z",0,"R",0
101541,11,"R",9,"R",7,"R",0,"R",2,"R",2,"R",5,"Z",0,"Z",0,"R",0
101569, 1,"R",3274,"R",167,"R",504,"R",2603,"R",165,"R",2,"R",0,"R",0,"R",0
101569, 2,"R",3274,"R",167,"R",504,"R",2603,"R",165,"R",2,"R",0,"R",0,"R",0
101569, 3,"R",2959,"R",117,"R",479,"R",2363,"R",115,"R",2,"R",0,"R",0,"R",0
101569,11,"R",315,"R",50,"R",25,"R",240,"R",50,"R",0,"R",0,"R",0,"R",0
101587, 1,"R",5200,"R",3374,"R",340,"R",1486,"R",2733,"R",627,"Z",0,"R",3,"R",11
101587, 2,"R",2154,"R",458,"R",283,"R",1413,"R",358,"R",94,"Z",0,"R",1,"R",5
101587, 3,"R",2152,"R",458,"R",283,"R",1411,"R",358,"R",94,"Z",0,"R",1,"R",5
101587,11,"R",2,"Z",0,"Z",0,"R",2,"A",,"A",,"A",,"A",,"A",
101587,12,"R",3046,"R",2916,"R",57,"R",73,"R",2375,"R",533,"Z",0,"R",2,"R",6
101602, 1,"R",1784,"R",105,"R",605,"R",1074,"R",103,"R",2,"Z",0,"Z",0,"R",0
101602, 2,"R",1784,"R",105,"R",605,"R",1074,"R",103,"R",2,"Z",0,"Z",0,"R",0
101602, 3,"R",1267,"R",64,"R",569,"R",634,"R",62,"R",2,"Z",0,"Z",0,"R",0
101602,11,"R",517,"R",41,"R",36,"R",440,"R",41,"Z",0,"Z",0,"Z",0,"R",0
101648, 1,"R",394,"A",,"A",,"R",394,"A",,"A",,"A",,"A",,"A",
101648, 2,"R",394,"A",,"A",,"R",394,"A",,"A",,"A",,"A",,"A",
101648, 3,"R",392,"A",,"A",,"R",392,"A",,"A",,"A",,"A",,"A",
101648,11,"R",2,"A",,"A",,"R",2,"A",,"A",,"A",,"A",,"A",
101675, 1,"R",1550,"R",49,"R",32,"R",1469,"R",43,"R",6,"R",0,"R",0,"R",0
101675, 2,"R",1550,"R",49,"R",32,"R",1469,"R",43,"R",6,"R",0,"R",0,"R",0
101675, 3,"R",1546,"R",48,"R",32,"R",1466,"R",42,"R",6,"R",0,"R",0,"R",0
101675,11,"R",4,"R",1,"R",0,"R",3,"R",1,"R",0,"R",0,"R",0,"R",0
101693, 1,"R",1885,"R",198,"R",568,"R",1119,"R",170,"R",7,"R",0,"R",3,"R",18
101693, 2,"R",1676,"R",127,"R",525,"R",1024,"R",109,"Z",0,"Z",0,"Z",0,"R",18
101693, 3,"R",1294,"R",125,"R",525,"R",644,"R",107,"Z",0,"Z",0,"Z",0,"R",18
101693,11,"R",382,"R",2,"R",0,"R",380,"R",2,"Z",0,"Z",0,"Z",0,"R",0
101693,12,"R",209,"R",71,"R",43,"R",95,"R",61,"R",7,"R",0,"R",3,"R",0
101709, 1,"R",2612,"R",21,"R",615,"R",1976,"R",21,"Z",0,"Z",0,"Z",0,"R",0
101709, 2,"R",2281,"R",0,"R",492,"R",1789,"A",,"A",,"A",,"A",,"A",
101709, 3,"R",2251,"R",0,"R",486,"R",1765,"A",,"A",,"A",,"A",,"A",
101709,11,"R",30,"R",0,"R",6,"R",24,"A",,"A",,"A",,"A",,"A",
101709,12,"R",331,"R",21,"R",123,"R",187,"R",21,"Z",0,"Z",0,"Z",0,"R",0
101736, 1,"R",3539,"R",422,"R",871,"R",2246,"R",416,"R",6,"R",0,"R",0,"R",0
101736, 2,"R",3539,"R",422,"R",871,"R",2246,"R",416,"R",6,"R",0,"R",0,"R",0
101736, 3,"R",2590,"R",248,"R",825,"R",1517,"R",243,"R",5,"R",0,"R",0,"R",0
101736,11,"R",949,"R",174,"R",46,"R",729,"R",173,"R",1,"R",0,"R",0,"R",0
101879, 1,"R",7488,"R",1617,"R",2762,"R",3109,"R",977,"R",556,"Z",0,"R",84,"R",0
101879, 2,"R",6153,"R",594,"R",2636,"R",2923,"R",304,"R",222,"Z",0,"R",68,"R",0
101879, 3,"R",5741,"R",350,"R",2635,"R",2756,"R",282,"R",67,"Z",0,"R",1,"R",0
101879,11,"R",412,"R",244,"R",1,"R",167,"R",22,"R",155,"Z",0,"R",67,"R",0
101879,12,"R",1335,"R",1023,"R",126,"R",186,"R",673,"R",334,"Z",0,"R",16,"R",0
101897, 1,"R",2883,"R",433,"R",1201,"R",1249,"R",432,"R",1,"R",0,"R",0,"R",0
101897, 2,"R",2883,"R",433,"R",1201,"R",1249,"R",432,"R",1,"R",0,"R",0,"R",0
101897, 3,"R",1982,"R",200,"R",956,"R",826,"R",199,"R",1,"R",0,"R",0,"R",0
101897,11,"R",901,"R",233,"R",245,"R",423,"R",233,"R",0,"R",0,"R",0,"R",0
101912, 1,"R",1636,"R",148,"R",170,"R",1318,"R",75,"R",71,"R",1,"R",1,"R",0
101912, 2,"R",1581,"R",111,"R",170,"R",1300,"R",64,"R",45,"R",1,"R",1,"R",0
101912, 3,"R",1569,"R",111,"R",170,"R",1288,"R",64,"R",45,"R",1,"R",1,"R",0
101912,11,"R",12,"R",0,"R",0,"R",12,"A",,"A",,"A",,"A",,"A",
101912,12,"R",55,"R",37,"R",0,"R",18,"R",11,"R",26,"Z",0,"Z",0,"R",0
101994, 1,"R",396,"A",,"A",,"R",396,"A",,"A",,"A",,"A",,"A",
101994, 2,"R",396,"A",,"A",,"R",396,"A",,"A",,"A",,"A",,"A",
101994, 3,"R",261,"A",,"A",,"R",261,"A",,"A",,"A",,"A",,"A",
101994,11,"R",135,"A",,"A",,"R",135,"A",,"A",,"A",,"A",,"A",
102030, 1,"R",2860,"R",51,"R",300,"R",2509,"R",49,"R",2,"R",0,"R",0,"R",0
102030, 2,"R",2860,"R",51,"R",300,"R",2509,"R",49,"R",2,"R",0,"R",0,"R",0
102030, 3,"R",2440,"R",49,"R",299,"R",2092,"R",47,"R",2,"R",0,"R",0,"R",0
102030,11,"R",420,"R",2,"R",1,"R",417,"R",2,"R",0,"R",0,"R",0,"R",0
102049, 1,"R",5619,"R",651,"R",1040,"R",3928,"R",466,"R",184,"R",0,"R",1,"R",0
102049, 2,"R",3535,"R",22,"R",622,"R",2891,"R",21,"R",1,"R",0,"R",0,"R",0
102049, 3,"R",3524,"R",22,"R",622,"R",2880,"R",21,"R",1,"R",0,"R",0,"R",0
102049,11,"R",11,"R",0,"R",0,"R",11,"A",,"A",,"A",,"A",,"A",
102049,12,"R",2084,"R",629,"R",418,"R",1037,"R",445,"R",183,"R",0,"R",1,"R",0
102058, 1,"P",317,"Z",0,"Z",0,"P",317,"A",,"A",,"A",,"A",,"A",
102058, 2,"P",304,"Z",0,"Z",0,"P",304,"A",,"A",,"A",,"A",,"A",
102058, 3,"P",304,"Z",0,"Z",0,"P",304,"A",,"A",,"A",,"A",,"A",
102058,12,"P",13,"A",,"A",,"P",13,"A",,"A",,"A",,"A",,"A",
102067, 1,"R",4350,"R",593,"R",916,"R",2841,"R",563,"R",30,"R",0,"R",0,"R",0
102067, 2,"R",4350,"R",593,"R",916,"R",2841,"R",563,"R",30,"R",0,"R",0,"R",0
102067, 3,"R",3829,"R",351,"R",852,"R",2626,"R",345,"R",6,"R",0,"R",0,"R",0
102067,11,"R",521,"R",242,"R",64,"R",215,"R",218,"R",24,"R",0,"R",0,"R",0
102076, 1,"R",2280,"R",813,"R",1002,"R",465,"R",741,"R",50,"R",2,"R",0,"R",20
102076, 2,"R",2280,"R",813,"R",1002,"R",465,"R",741,"R",50,"R",2,"R",0,"R",20
102076, 3,"R",1872,"R",553,"R",956,"R",363,"R",514,"R",17,"R",2,"R",0,"R",20
102076,11,"R",408,"R",260,"R",46,"R",102,"R",227,"R",33,"R",0,"R",0,"R",0
102094, 1,"R",14834,"R",3379,"R",3671,"R",7784,"R",788,"R",2582,"R",0,"R",9,"R",0
102094, 2,"R",10293,"R",310,"R",3498,"R",6485,"R",235,"R",74,"R",0,"R",1,"R",0
102094, 3,"R",10035,"R",297,"R",3492,"R",6246,"R",226,"R",71,"R",0,"R",0,"R",0
102094,11,"R",258,"R",13,"R",6,"R",239,"R",9,"R",3,"R",0,"R",1,"R",0
102094,12,"R",4541,"R",3069,"R",173,"R",1299,"R",553,"R",2508,"R",0,"R",8,"R",0
102234, 1,"R",1379,"R",59,"R",11,"R",1309,"R",46,"R",13,"R",0,"R",0,"R",0
102234, 2,"R",1254,"R",1,"R",4,"R",1249,"R",0,"R",1,"R",0,"R",0,"R",0
102234, 3,"R",1252,"R",1,"R",4,"R",1247,"R",0,"R",1,"R",0,"R",0,"R",0
102234,11,"R",2,"R",0,"R",0,"R",2,"A",,"A",,"A",,"A",,"A",
102234,12,"R",125,"R",58,"R",7,"R",60,"R",46,"R",12,"R",0,"R",0,"R",0
102270, 1,"R",797,"R",43,"R",342,"R",412,"R",35,"R",7,"R",1,"R",0,"R",0
102270, 2,"R",797,"R",43,"R",342,"R",412,"R",35,"R",7,"R",1,"R",0,"R",0
102270, 3,"R",689,"R",36,"R",324,"R",329,"R",28,"R",7,"R",1,"R",0,"R",0
102270,11,"R",108,"R",7,"R",18,"R",83,"R",7,"R",0,"R",0,"R",0,"R",0
102298, 1,"R",1212,"R",102,"R",1110,"R",0,"R",76,"R",23,"Z",0,"R",3,"R",0
102298, 2,"R",1208,"R",98,"R",1110,"R",0,"R",73,"R",22,"Z",0,"R",3,"R",0
102298, 3,"R",1208,"R",98,"R",1110,"R",0,"R",73,"R",22,"Z",0,"R",3,"R",0
102298,12,"R",4,"R",4,"R",0,"R",0,"R",3,"R",1,"Z",0,"Z",0,"R",0
102313, 1,"R",1855,"R",36,"R",341,"R",1478,"R",35,"R",1,"R",0,"R",0,"R",0
102313, 2,"R",1855,"R",36,"R",341,"R",1478,"R",35,"R",1,"R",0,"R",0,"R",0
102313, 3,"R",1567,"R",35,"R",340,"R",1192,"R",34,"R",1,"R",0,"R",0,"R",0
102313,11,"R",288,"R",1,"R",1,"R",286,"R",1,"R",0,"R",0,"R",0,"R",0
102368, 1,"R",16981,"R",6548,"R",2135,"R",8298,"R",3065,"R",3292,"R",0,"R",190,"R",1
102368, 2,"R",13452,"R",4492,"R",1897,"R",7063,"R",2265,"R",2133,"R",0,"R",94,"R",0
102368, 3,"R",13147,"R",4370,"R",1862,"R",6915,"R",2180,"R",2097,"R",0,"R",93,"R",0
102368,11,"R",305,"R",122,"R",35,"R",148,"R",85,"R",36,"R",0,"R",1,"R",0
102368,12,"R",3529,"R",2056,"R",238,"R",1235,"R",800,"R",1159,"R",0,"R",96,"R",1
102377, 1,"R",3026,"R",3,"R",0,"R",3023,"R",2,"R",1,"R",0,"R",0,"R",0
102377, 2,"R",2529,"A",,"A",,"R",2529,"A",,"A",,"A",,"A",,"A",
102377, 3,"R",2529,"A",,"A",,"R",2529,"A",,"A",,"A",,"A",,"A",
102377,12,"R",497,"R",3,"R",0,"R",494,"R",2,"R",1,"R",0,"R",0,"R",0
102395, 1,"R",546,"R",546,"Z",0,"R",0,"R",65,"R",463,"R",1,"R",2,"R",15
102395, 2,"R",305,"R",305,"Z",0,"R",0,"R",41,"R",246,"R",1,"R",2,"R",15
102395, 3,"R",266,"R",266,"Z",0,"R",0,"R",17,"R",246,"R",1,"R",2,"R",0
102395,11,"R",39,"R",39,"Z",0,"R",0,"R",24,"Z",0,"Z",0,"Z",0,"R",15
102395,12,"R",241,"R",241,"Z",0,"R",0,"R",24,"R",217,"Z",0,"Z",0,"R",0
102429, 1,"R",3745,"R",385,"R",780,"R",2580,"R",376,"R",9,"R",0,"R",0,"R",0
102429, 2,"R",3745,"R",385,"R",780,"R",2580,"R",376,"R",9,"R",0,"R",0,"R",0
102429, 3,"R",2825,"R",346,"R",770,"R",1709,"R",337,"R",9,"R",0,"R",0,"R",0
102429,11,"R",920,"R",39,"R",10,"R",871,"R",39,"R",0,"R",0,"R",0,"R",0
102553, 1,"R",14644,"R",2779,"R",4874,"R",6991,"R",2622,"R",142,"R",8,"R",2,"R",5
102553, 2,"R",13885,"R",2451,"R",4733,"R",6701,"R",2327,"R",115,"R",4,"R",0,"R",5
102553, 3,"R",10482,"R",1622,"R",4361,"R",4499,"R",1544,"R",71,"R",4,"R",0,"R",3
102553,11,"R",3403,"R",829,"R",372,"R",2202,"R",783,"R",44,"R",0,"R",0,"R",2
102553,12,"R",759,"R",328,"R",141,"R",290,"R",295,"R",27,"R",4,"R",2,"R",0
102580, 1,"R",45,"R",0,"R",6,"R",39,"A",,"A",,"A",,"A",,"A",
102580, 2,"R",45,"R",0,"R",6,"R",39,"A",,"A",,"A",,"A",,"A",
102580, 3,"R",37,"R",0,"R",6,"R",31,"A",,"A",,"A",,"A",,"A",
102580,11,"R",8,"R",0,"R",0,"R",8,"A",,"A",,"A",,"A",,"A",
102614, 1,"R",7404,"R",2662,"R",1778,"R",2964,"R",2318,"R",320,"R",5,"R",8,"R",11
102614, 2,"R",6429,"R",2072,"R",1555,"R",2802,"R",1821,"R",242,"R",5,"R",2,"R",2
102614, 3,"R",4657,"R",1327,"R",1463,"R",1867,"R",1122,"R",196,"R",5,"R",2,"R",2
102614,11,"R",1772,"R",745,"R",92,"R",935,"R",699,"R",46,"R",0,"R",0,"R",0
102614,12,"R",975,"R",590,"R",223,"R",162,"R",497,"R",78,"R",0,"R",6,"R",9
102632, 1,"R",2266,"R",1146,"R",387,"R",733,"R",1060,"R",72,"R",1,"R",13,"R",0
102632, 2,"R",2010,"R",948,"R",342,"R",720,"R",882,"R",64,"R",0,"R",2,"R",0
102632, 3,"R",1216,"R",548,"R",303,"R",365,"R",498,"R",49,"R",0,"R",1,"R",0
102632,11,"R",794,"R",400,"R",39,"R",355,"R",384,"R",15,"R",0,"R",1,"R",0
102632,12,"R",256,"R",198,"R",45,"R",13,"R",178,"R",8,"R",1,"R",11,"R",0
102669, 1,"R",502,"R",79,"R",65,"R",358,"R",73,"R",5,"R",0,"R",0,"R",1
102669, 2,"R",301,"R",77,"R",58,"R",166,"R",71,"R",5,"R",0,"R",0,"R",1
102669, 3,"R",283,"R",76,"R",55,"R",152,"R",70,"R",5,"R",0,"R",0,"R",1
102669,11,"R",18,"R",1,"R",3,"R",14,"R",1,"R",0,"R",0,"R",0,"R",0
102669,12,"R",201,"R",2,"R",7,"R",192,"R",2,"R",0,"R",0,"R",0,"R",0
102711, 1,"R",855,"A",,"A",,"R",855,"A",,"A",,"A",,"A",,"A",
102711, 2,"R",855,"A",,"A",,"R",855,"A",,"A",,"A",,"A",,"A",
102711, 3,"R",855,"A",,"A",,"R",855,"A",,"A",,"A",,"A",,"A",
102845, 1,"R",2853,"R",736,"R",1936,"R",181,"R",300,"R",436,"R",0,"R",0,"R",0
102845, 2,"R",2853,"R",736,"R",1936,"R",181,"R",300,"R",436,"R",0,"R",0,"R",0
102845, 3,"R",2853,"R",736,"R",1936,"R",181,"R",300,"R",436,"R",0,"R",0,"R",0
103501, 1,"R",415,"A",,"A",,"R",415,"A",,"A",,"A",,"A",,"A",
103501, 2,"R",415,"A",,"A",,"R",415,"A",,"A",,"A",,"A",,"A",
103501, 3,"R",415,"A",,"A",,"R",415,"A",,"A",,"A",,"A",,"A",
103741, 1,"R",102,"A",,"A",,"R",102,"A",,"A",,"A",,"A",,"A",
103741, 2,"R",102,"A",,"A",,"R",102,"A",,"A",,"A",,"A",,"A",
103893, 1,"R",475,"Z",0,"R",264,"R",211,"A",,"A",,"A",,"A",,"A",
103893, 2,"R",475,"Z",0,"R",264,"R",211,"A",,"A",,"A",,"A",,"A",
103893, 3,"R",475,"Z",0,"R",264,"R",211,"A",,"A",,"A",,"A",,"A",
103909, 1,"R",541,"Z",0,"R",183,"R",358,"A",,"A",,"A",,"A",,"A",
103909, 2,"R",541,"Z",0,"R",183,"R",358,"A",,"A",,"A",,"A",,"A",
103909, 3,"R",541,"Z",0,"R",183,"R",358,"A",,"A",,"A",,"A",,"A",
103927, 1,"R",227,"Z",0,"R",88,"R",139,"A",,"A",,"A",,"A",,"A",
103927, 2,"R",227,"Z",0,"R",88,"R",139,"A",,"A",,"A",,"A",,"A",
103927, 3,"R",227,"Z",0,"R",88,"R",139,"A",,"A",,"A",,"A",,"A",
103945, 1,"R",62,"Z",0,"R",62,"R",0,"A",,"A",,"A",,"A",,"A",
103945, 2,"R",62,"Z",0,"R",62,"R",0,"A",,"A",,"A",,"A",,"A",
103945, 3,"R",62,"Z",0,"R",62,"R",0,"A",,"A",,"A",,"A",,"A",
103954, 1,"R",57,"A",,"A",,"R",57,"A",,"A",,"A",,"A",,"A",
103954, 2,"R",57,"A",,"A",,"R",57,"A",,"A",,"A",,"A",,"A",
103963, 1,"R",713,"A",,"A",,"R",713,"A",,"A",,"A",,"A",,"A",
103963, 2,"R",713,"A",,"A",,"R",713,"A",,"A",,"A",,"A",,"A",
104090, 1,"R",1251,"R",349,"R",887,"R",15,"R",239,"R",110,"R",0,"R",0,"R",0
104090, 2,"R",1235,"R",333,"R",887,"R",15,"R",233,"R",100,"R",0,"R",0,"R",0
104090, 3,"R",1230,"R",333,"R",882,"R",15,"R",233,"R",100,"R",0,"R",0,"R",0
104090,11,"R",5,"Z",0,"R",5,"R",0,"A",,"A",,"A",,"A",,"A",
104090,12,"R",16,"R",16,"R",0,"R",0,"R",6,"R",10,"R",0,"R",0,"R",0
104151, 1,"R",51585,"R",268,"R",23569,"R",27748,"R",97,"R",167,"R",1,"R",3,"R",0
104151, 2,"R",42844,"R",0,"R",22970,"R",19874,"A",,"A",,"A",,"A",,"A",
104151, 3,"R",42529,"R",0,"R",22856,"R",19673,"A",,"A",,"A",,"A",,"A",
104151,11,"R",315,"R",0,"R",114,"R",201,"A",,"A",,"A",,"A",,"A",
104151,12,"R",8741,"R",268,"R",599,"R",7874,"R",97,"R",167,"R",1,"R",3,"R",0
104160, 1,"R",7434,"R",1379,"R",2462,"R",3593,"R",1295,"R",80,"Z",0,"R",2,"R",2
104160, 2,"R",7434,"R",1379,"R",2462,"R",3593,"R",1295,"R",80,"Z",0,"R",2,"R",2
104160, 3,"R",6673,"R",1210,"R",2326,"R",3137,"R",1134,"R",72,"Z",0,"R",2,"R",2
104160,11,"R",761,"R",169,"R",136,"R",456,"R",161,"R",8,"Z",0,"R",0,"R",0
104179, 1,"R",44097,"R",4242,"R",12701,"R",27154,"R",1863,"R",2247,"Z",0,"R",132,"R",0
104179, 2,"R",34153,"R",1903,"R",12029,"R",20221,"R",936,"R",960,"Z",0,"R",7,"R",0
104179, 3,"R",33509,"R",1832,"R",12012,"R",19665,"R",911,"R",914,"Z",0,"R",7,"R",0
104179,11,"R",644,"R",71,"R",17,"R",556,"R",25,"R",46,"Z",0,"R",0,"R",0
104179,12,"R",9944,"R",2339,"R",672,"R",6933,"R",927,"R",1287,"Z",0,"R",125,"R",0
104188, 1,"R",125,"A",,"A",,"R",125,"A",,"A",,"A",,"A",,"A",
104188, 2,"R",124,"A",,"A",,"R",124,"A",,"A",,"A",,"A",,"A",
104188, 3,"R",124,"A",,"A",,"R",124,"A",,"A",,"A",,"A",,"A",
104188,12,"R",1,"A",,"A",,"R",1,"A",,"A",,"A",,"A",,"A",
104346, 1,"R",5044,"R",1071,"R",1265,"R",2708,"R",1024,"R",47,"R",0,"R",0,"R",0
104346, 2,"R",5044,"R",1071,"R",1265,"R",2708,"R",1024,"R",47,"R",0,"R",0,"R",0
104346, 3,"R",4976,"R",1071,"R",1262,"R",2643,"R",1024,"R",47,"R",0,"R",0,"R",0
104346,11,"R",68,"R",0,"R",3,"R",65,"A",,"A",,"A",,"A",,"A",
104391, 1,"R",43,"A",,"A",,"R",43,"A",,"A",,"A",,"A",,"A",
104391, 2,"R",43,"A",,"A",,"R",43,"A",,"A",,"A",,"A",,"A",
104425, 1,"R",3670,"R",976,"R",1067,"R",1627,"R",671,"R",277,"R",0,"R",28,"R",0
104425, 2,"R",3670,"R",976,"R",1067,"R",1627,"R",671,"R",277,"R",0,"R",28,"R",0
104425, 3,"R",3404,"R",912,"R",1049,"R",1443,"R",609,"R",275,"R",0,"R",28,"R",0
104425,11,"R",266,"R",64,"R",18,"R",184,"R",62,"R",2,"R",0,"R",0,"R",0
104434, 1,"R",37,"A",,"A",,"R",37,"A",,"A",,"A",,"A",,"A",
104434, 2,"R",37,"A",,"A",,"R",37,"A",,"A",,"A",,"A",,"A",
104443, 1,"R",48,"A",,"A",,"R",48,"A",,"A",,"A",,"A",,"A",
104443, 2,"R",48,"A",,"A",,"R",48,"A",,"A",,"A",,"A",,"A",
104504, 1,"R",99,"A",,"A",,"R",99,"A",,"A",,"A",,"A",,"A",
104504, 2,"R",99,"A",,"A",,"R",99,"A",,"A",,"A",,"A",,"A",
104568, 1,"R",356,"A",,"A",,"R",356,"A",,"A",,"A",,"A",,"A",
104568, 2,"R",356,"A",,"A",,"R",356,"A",,"A",,"A",,"A",,"A",
104577, 1,"R",6040,"R",241,"R",707,"R",5092,"R",215,"R",26,"R",0,"R",0,"R",0
104577, 2,"R",6040,"R",241,"R",707,"R",5092,"R",215,"R",26,"R",0,"R",0,"R",0
104577, 3,"R",4291,"R",227,"R",635,"R",3429,"R",202,"R",25,"R",0,"R",0,"R",0
104577,11,"R",1749,"R",14,"R",72,"R",1663,"R",13,"R",1,"R",0,"R",0,"R",0
104586, 1,"R",2776,"R",9,"R",94,"R",2673,"R",6,"R",3,"R",0,"R",0,"R",0
104586, 2,"R",2726,"R",9,"R",94,"R",2623,"R",6,"R",3,"R",0,"R",0,"R",0
104586, 3,"R",2712,"R",9,"R",94,"R",2609,"R",6,"R",3,"R",0,"R",0,"R",0
104586,11,"R",14,"R",0,"R",0,"R",14,"A",,"A",,"A",,"A",,"A",
104586,12,"R",50,"R",0,"R",0,"R",50,"A",,"A",,"A",,"A",,"A",
104665, 1,"R",19,"A",,"A",,"R",19,"A",,"A",,"A",,"A",,"A",
104665,12,"R",19,"A",,"A",,"R",19,"A",,"A",,"A",,"A",,"A",
104708, 1,"R",17942,"R",1321,"R",3109,"R",13512,"R",1284,"R",34,"R",3,"R",0,"R",0
104708, 2,"R",17942,"R",1321,"R",3109,"R",13512,"R",1284,"R",34,"R",3,"R",0,"R",0
104708, 3,"R",13588,"R",1018,"R",2839,"R",9731,"R",990,"R",27,"R",1,"R",0,"R",0
104708,11,"R",4354,"R",303,"R",270,"R",3781,"R",294,"R",7,"R",2,"R",0,"R",0
104717, 1,"R",90253,"R",70295,"R",10704,"R",9254,"R",12674,"R",57278,"R",2,"R",341,"R",0
104717, 2,"R",54139,"R",36328,"R",10679,"R",7132,"R",6520,"R",29646,"R",1,"R",161,"R",0
104717, 3,"R",53209,"R",35876,"R",10679,"R",6654,"R",6435,"R",29283,"R",1,"R",157,"R",0
104717,11,"R",930,"R",452,"Z",0,"R",478,"R",85,"R",363,"Z",0,"R",4,"R",0
104717,12,"R",36114,"R",33967,"R",25,"R",2122,"R",6154,"R",27632,"R",1,"R",180,"R",0
105145, 1,"R",5081,"R",350,"R",746,"R",3985,"R",338,"R",12,"R",0,"R",0,"R",0
105145, 2,"R",5081,"R",350,"R",746,"R",3985,"R",338,"R",12,"R",0,"R",0,"R",0
105145, 3,"R",4188,"R",291,"R",724,"R",3173,"R",280,"R",11,"R",0,"R",0,"R",0
105145,11,"R",893,"R",59,"R",22,"R",812,"R",58,"R",1,"R",0,"R",0,"R",0
105154, 1,"R",20387,"R",2903,"R",4220,"R",13264,"R",2746,"R",148,"R",8,"R",1,"R",0
105154, 2,"R",20387,"R",2903,"R",4220,"R",13264,"R",2746,"R",148,"R",8,"R",1,"R",0
105154, 3,"R",15775,"R",2437,"R",3901,"R",9437,"R",2302,"R",131,"R",4,"R",0,"R",0
105154,11,"R",4612,"R",466,"R",319,"R",3827,"R",444,"R",17,"R",4,"R",1,"R",0
105206, 1,"R",4071,"R",948,"R",1117,"R",2006,"R",871,"R",77,"Z",0,"Z",0,"R",0
105206, 2,"R",4071,"R",948,"R",1117,"R",2006,"R",871,"R",77,"Z",0,"Z",0,"R",0
105206, 3,"R",2778,"R",864,"R",1033,"R",881,"R",795,"R",69,"Z",0,"Z",0,"R",0
105206,11,"R",1293,"R",84,"R",84,"R",1125,"R",76,"R",8,"Z",0,"Z",0,"R",0
105215, 1,"R",952,"A",,"A",,"R",952,"A",,"A",,"A",,"A",,"A",
105215, 2,"R",952,"A",,"A",,"R",952,"A",,"A",,"A",,"A",,"A",
105297, 1,"R",1519,"R",0,"R",1067,"R",452,"A",,"A",,"A",,"A",,"A",
105297, 2,"R",1519,"R",0,"R",1067,"R",452,"A",,"A",,"A",,"A",,"A",
105297, 3,"R",1399,"R",0,"R",1011,"R",388,"A",,"A",,"A",,"A",,"A",
105297,11,"R",120,"R",0,"R",56,"R",64,"A",,"A",,"A",,"A",,"A",
105330, 1,"R",31066,"R",6304,"R",7024,"R",17738,"R",4492,"R",1157,"R",2,"R",114,"R",539
105330, 2,"R",27072,"R",4483,"R",6601,"R",15988,"R",3197,"R",764,"R",2,"R",85,"R",435
105330, 3,"R",26647,"R",4150,"R",6600,"R",15897,"R",3163,"R",757,"R",2,"R",43,"R",185
105330,11,"R",425,"R",333,"R",1,"R",91,"R",34,"R",7,"R",0,"R",42,"R",250
105330,12,"R",3994,"R",1821,"R",423,"R",1750,"R",1295,"R",393,"R",0,"R",29,"R",104
105349, 1,"R",3182,"R",974,"R",582,"R",1626,"R",973,"R",1,"R",0,"R",0,"R",0
105349, 2,"R",3182,"R",974,"R",582,"R",1626,"R",973,"R",1,"R",0,"R",0,"R",0
105349, 3,"R",1235,"R",472,"R",346,"R",417,"R",472,"R",0,"R",0,"R",0,"R",0
105349,11,"R",1947,"R",502,"R",236,"R",1209,"R",501,"R",1,"R",0,"R",0,"R",0
105367, 1,"R",809,"R",401,"R",408,"R",0,"R",373,"R",22,"R",5,"R",1,"R",0
105367, 2,"R",344,"R",299,"R",45,"R",0,"R",289,"R",7,"R",3,"R",0,"R",0
105367, 3,"R",340,"R",296,"R",44,"R",0,"R",286,"R",7,"R",3,"R",0,"R",0
105367,11,"R",4,"R",3,"R",1,"R",0,"R",3,"R",0,"R",0,"R",0,"R",0
105367,12,"R",465,"R",102,"R",363,"R",0,"R",84,"R",15,"R",2,"R",1,"R",0
105428, 1,"R",10959,"R",1584,"R",2350,"R",7025,"R",1510,"R",72,"R",2,"R",0,"R",0
105428, 2,"R",10959,"R",1584,"R",2350,"R",7025,"R",1510,"R",72,"R",2,"R",0,"R",0
105428, 3,"R",8472,"R",1258,"R",2183,"R",5031,"R",1203,"R",53,"R",2,"R",0,"R",0
105428,11,"R",2487,"R",326,"R",167,"R",1994,"R",307,"R",19,"R",0,"R",0,"R",0
105482, 1,"R",69,"A",,"A",,"R",69,"A",,"A",,"A",,"A",,"A",
105482, 2,"R",69,"A",,"A",,"R",69,"A",,"A",,"A",,"A",,"A",
105525, 1,"R",19594,"R",3035,"R",3217,"R",13342,"R",2833,"R",189,"R",0,"R",6,"R",7
105525, 2,"R",19594,"R",3035,"R",3217,"R",13342,"R",2833,"R",189,"R",0,"R",6,"R",7
105525, 3,"R",17246,"R",2772,"R",3089,"R",11385,"R",2582,"R",182,"R",0,"R",2,"R",6
105525,11,"R",2348,"R",263,"R",128,"R",1957,"R",251,"R",7,"R",0,"R",4,"R",1
105534, 1,"R",1851,"R",262,"R",11,"R",1578,"R",48,"R",214,"R",0,"R",0,"R",0
105534, 2,"R",1851,"R",262,"R",11,"R",1578,"R",48,"R",214,"R",0,"R",0,"R",0
105534, 3,"R",1851,"R",262,"R",11,"R",1578,"R",48,"R",214,"R",0,"R",0,"R",0
105543, 1,"R",565,"R",0,"R",0,"R",565,"A",,"A",,"A",,"A",,"A",
105543, 2,"R",565,"R",0,"R",0,"R",565,"A",,"A",,"A",,"A",,"A",
105543, 3,"R",565,"R",0,"R",0,"R",565,"A",,"A",,"A",,"A",,"A",
105589, 1,"R",827,"R",535,"Z",0,"R",292,"R",221,"R",298,"R",4,"R",12,"R",0
105589, 2,"R",456,"R",171,"Z",0,"R",285,"R",105,"R",59,"R",2,"R",5,"R",0
105589, 3,"R",394,"R",119,"Z",0,"R",275,"R",55,"R",59,"Z",0,"R",5,"R",0
105589,11,"R",62,"R",52,"Z",0,"R",10,"R",50,"Z",0,"R",2,"Z",0,"R",0
105589,12,"R",371,"R",364,"Z",0,"R",7,"R",116,"R",239,"R",2,"R",7,"R",0
105659, 1,"R",912,"R",12,"R",0,"R",900,"R",11,"R",1,"R",0,"R",0,"R",0
105659, 2,"R",912,"R",12,"R",0,"R",900,"R",11,"R",1,"R",0,"R",0,"R",0
105659, 3,"R",912,"R",12,"R",0,"R",900,"R",11,"R",1,"R",0,"R",0,"R",0
105668, 1,"R",18304,"R",10146,"R",537,"R",7621,"R",9023,"R",1098,"R",12,"R",13,"R",0
105668, 2,"R",18304,"R",10146,"R",537,"R",7621,"R",9023,"R",1098,"R",12,"R",13,"R",0
105668, 3,"R",6066,"R",5564,"R",257,"R",245,"R",4833,"R",718,"R",7,"R",6,"R",0
105668,11,"R",12238,"R",4582,"R",280,"R",7376,"R",4190,"R",380,"R",5,"R",7,"R",0
105677, 1,"R",20,"A",,"A",,"R",20,"A",,"A",,"A",,"A",,"A",
105677, 2,"R",20,"A",,"A",,"R",20,"A",,"A",,"A",,"A",,"A",
105747, 1,"R",8744,"R",960,"R",1873,"R",5911,"R",914,"R",39,"R",7,"R",0,"R",0
105747, 2,"R",8744,"R",960,"R",1873,"R",5911,"R",914,"R",39,"R",7,"R",0,"R",0
105747, 3,"R",5660,"R",685,"R",1703,"R",3272,"R",656,"R",26,"R",3,"R",0,"R",0
105747,11,"R",3084,"R",275,"R",170,"R",2639,"R",258,"R",13,"R",4,"R",0,"R",0
105792, 1,"R",4075,"R",331,"R",719,"R",3025,"R",324,"R",6,"R",1,"R",0,"R",0
105792, 2,"R",4075,"R",331,"R",719,"R",3025,"R",324,"R",6,"R",1,"R",0,"R",0
105792, 3,"R",2933,"R",283,"R",690,"R",1960,"R",276,"R",6,"R",1,"R",0,"R",0
105792,11,"R",1142,"R",48,"R",29,"R",1065,"R",48,"R",0,"R",0,"R",0,"R",0
105899, 1,"R",776,"R",37,"R",0,"R",739,"R",31,"R",6,"R",0,"R",0,"R",0
105899, 2,"R",776,"R",37,"R",0,"R",739,"R",31,"R",6,"R",0,"R",0,"R",0
105899, 3,"R",705,"R",37,"R",0,"R",668,"R",31,"R",6,"R",0,"R",0,"R",0
105899,11,"R",71,"R",0,"R",0,"R",71,"A",,"A",,"A",,"A",,"A",
106041, 1,"R",1869,"A",,"A",,"R",1869,"A",,"A",,"A",,"A",,"A",
106041, 2,"R",1869,"A",,"A",,"R",1869,"A",,"A",,"A",,"A",,"A",
106041, 3,"R",1869,"A",,"A",,"R",1869,"A",,"A",,"A",,"A",,"A",
106111, 1,"R",87,"A",,"A",,"R",87,"A",,"A",,"A",,"A",,"A",
106111, 2,"R",87,"A",,"A",,"R",87,"A",,"A",,"A",,"A",,"A",
106148, 1,"R",7314,"R",1539,"R",1454,"R",4321,"R",1461,"R",77,"Z",0,"R",1,"R",0
106148, 2,"R",7314,"R",1539,"R",1454,"R",4321,"R",1461,"R",77,"Z",0,"R",1,"R",0
106148, 3,"R",4598,"R",1358,"R",1369,"R",1871,"R",1294,"R",63,"Z",0,"R",1,"R",0
106148,11,"R",2716,"R",181,"R",85,"R",2450,"R",167,"R",14,"Z",0,"Z",0,"R",0
106245, 1,"R",10515,"R",2338,"R",2922,"R",5255,"R",2152,"R",181,"Z",0,"R",5,"R",0
106245, 2,"R",7715,"R",1579,"R",2528,"R",3608,"R",1501,"R",77,"Z",0,"R",1,"R",0
106245, 3,"R",6328,"R",1561,"R",2516,"R",2251,"R",1485,"R",75,"Z",0,"R",1,"R",0
106245,11,"R",1387,"R",18,"R",12,"R",1357,"R",16,"R",2,"Z",0,"Z",0,"R",0
106245,12,"R",2800,"R",759,"R",394,"R",1647,"R",651,"R",104,"Z",0,"R",4,"R",0
106263, 1,"R",2758,"R",324,"R",493,"R",1941,"R",306,"R",18,"R",0,"R",0,"R",0
106263, 2,"R",606,"R",118,"R",167,"R",321,"R",109,"R",9,"R",0,"R",0,"R",0
106263, 3,"R",601,"R",118,"R",167,"R",316,"R",109,"R",9,"R",0,"R",0,"R",0
106263,11,"R",5,"R",0,"R",0,"R",5,"A",,"A",,"A",,"A",,"A",
106263,12,"R",2152,"R",206,"R",326,"R",1620,"R",197,"R",9,"R",0,"R",0,"R",0
106306, 1,"R",525,"A",,"A",,"R",525,"A",,"A",,"A",,"A",,"A",
106306, 2,"R",525,"A",,"A",,"R",525,"A",,"A",,"A",,"A",,"A",
106306, 3,"R",525,"A",,"A",,"R",525,"A",,"A",,"A",,"A",,"A",
106315, 1,"R",125,"A",,"A",,"R",125,"A",,"A",,"A",,"A",,"A",
106315, 2,"R",125,"A",,"A",,"R",125,"A",,"A",,"A",,"A",,"A",
106324, 1,"R",15,"A",,"A",,"R",15,"A",,"A",,"A",,"A",,"A",
106324, 2,"R",15,"A",,"A",,"R",15,"A",,"A",,"A",,"A",,"A",
106342, 1,"R",655,"A",,"A",,"R",655,"A",,"A",,"A",,"A",,"A",
106342, 2,"R",655,"A",,"A",,"R",655,"A",,"A",,"A",,"A",,"A",
106342, 3,"R",655,"A",,"A",,"R",655,"A",,"A",,"A",,"A",,"A",
106351, 1,"R",128,"A",,"A",,"R",128,"A",,"A",,"A",,"A",,"A",
106351, 2,"R",128,"A",,"A",,"R",128,"A",,"A",,"A",,"A",,"A",
106360, 1,"R",31,"A",,"A",,"R",31,"A",,"A",,"A",,"A",,"A",
106360, 2,"R",31,"A",,"A",,"R",31,"A",,"A",,"A",,"A",,"A",
106397, 1,"R",27778,"R",2328,"R",5366,"R",20084,"R",1364,"R",930,"R",0,"R",34,"R",0
106397, 2,"R",23386,"R",887,"R",5141,"R",17358,"R",607,"R",269,"R",0,"R",11,"R",0
106397, 3,"R",23121,"R",787,"R",5135,"R",17199,"R",562,"R",219,"R",0,"R",6,"R",0
106397,11,"R",265,"R",100,"R",6,"R",159,"R",45,"R",50,"R",0,"R",5,"R",0
106397,12,"R",4392,"R",1441,"R",225,"R",2726,"R",757,"R",661,"R",0,"R",23,"R",0
106412, 1,"R",2579,"R",52,"R",1369,"R",1158,"R",41,"R",11,"Z",0,"Z",0,"R",0
106412, 2,"R",2473,"R",48,"R",1350,"R",1075,"R",37,"R",11,"Z",0,"Z",0,"R",0
106412, 3,"R",2467,"R",47,"R",1350,"R",1070,"R",36,"R",11,"Z",0,"Z",0,"R",0
106412,11,"R",6,"R",1,"R",0,"R",5,"R",1,"Z",0,"Z",0,"Z",0,"R",0
106412,12,"R",106,"R",4,"R",19,"R",83,"R",4,"Z",0,"Z",0,"Z",0,"R",0
106449, 1,"R",3446,"R",389,"R",979,"R",2078,"R",371,"R",8,"Z",0,"R",10,"R",0
106449, 2,"R",3446,"R",389,"R",979,"R",2078,"R",371,"R",8,"Z",0,"R",10,"R",0
106449, 3,"R",2473,"R",331,"R",924,"R",1218,"R",327,"R",4,"Z",0,"Z",0,"R",0
106449,11,"R",973,"R",58,"R",55,"R",860,"R",44,"R",4,"Z",0,"R",10,"R",0
106458, 1,"R",13709,"R",4220,"R",3494,"R",5995,"R",2134,"R",2086,"R",0,"R",0,"R",0
106458, 2,"R",9350,"R",961,"R",3373,"R",5016,"R",803,"R",158,"R",0,"R",0,"R",0
106458, 3,"R",8623,"R",928,"R",3307,"R",4388,"R",770,"R",158,"R",0,"R",0,"R",0
106458,11,"R",727,"R",33,"R",66,"R",628,"R",33,"R",0,"R",0,"R",0,"R",0
106458,12,"R",4359,"R",3259,"R",121,"R",979,"R",1331,"R",1928,"R",0,"R",0,"R",0
106467, 1,"R",12101,"R",2845,"R",2734,"R",6522,"R",2755,"R",88,"Z",0,"R",2,"R",0
106467, 2,"R",11151,"R",2311,"R",2564,"R",6276,"R",2272,"R",38,"Z",0,"R",1,"R",0
106467, 3,"R",7896,"R",1119,"R",2516,"R",4261,"R",1081,"R",37,"Z",0,"R",1,"R",0
106467,11,"R",3255,"R",1192,"R",48,"R",2015,"R",1191,"R",1,"Z",0,"Z",0,"R",0
106467,12,"R",950,"R",534,"R",170,"R",246,"R",483,"R",50,"Z",0,"R",1,"R",0
106485, 1,"R",3111,"R",368,"R",962,"R",1781,"R",336,"R",32,"Z",0,"Z",0,"R",0
106485, 2,"R",2810,"R",202,"R",875,"R",1733,"R",189,"R",13,"Z",0,"Z",0,"R",0
106485, 3,"R",2412,"R",183,"R",874,"R",1355,"R",171,"R",12,"Z",0,"Z",0,"R",0
106485,11,"R",398,"R",19,"R",1,"R",378,"R",18,"R",1,"Z",0,"Z",0,"R",0
106485,12,"R",301,"R",166,"R",87,"R",48,"R",147,"R",19,"Z",0,"Z",0,"R",0
106494, 1,"R",36,"A",,"A",,"R",36,"A",,"A",,"A",,"A",,"A",
106494, 2,"R",36,"A",,"A",,"R",36,"A",,"A",,"A",,"A",,"A",
106546, 1,"R",648,"R",4,"R",7,"R",637,"R",3,"R",1,"Z",0,"Z",0,"R",0
106546, 2,"R",648,"R",4,"R",7,"R",637,"R",3,"R",1,"Z",0,"Z",0,"R",0
106546, 3,"R",648,"R",4,"R",7,"R",637,"R",3,"R",1,"Z",0,"Z",0,"R",0
106625, 1,"R",1576,"R",162,"R",587,"R",827,"R",155,"R",7,"R",0,"R",0,"R",0
106625, 2,"R",1576,"R",162,"R",587,"R",827,"R",155,"R",7,"R",0,"R",0,"R",0
106625, 3,"R",1270,"R",142,"R",540,"R",588,"R",136,"R",6,"R",0,"R",0,"R",0
106625,11,"R",306,"R",20,"R",47,"R",239,"R",19,"R",1,"R",0,"R",0,"R",0
106704, 1,"R",11177,"R",1003,"R",2314,"R",7860,"R",942,"R",56,"R",0,"R",5,"R",0
106704, 2,"R",9425,"R",261,"R",2003,"R",7161,"R",243,"R",15,"R",0,"R",3,"R",0
106704, 3,"R",8906,"R",252,"R",1998,"R",6656,"R",239,"R",12,"R",0,"R",1,"R",0
106704,11,"R",519,"R",9,"R",5,"R",505,"R",4,"R",3,"R",0,"R",2,"R",0
106704,12,"R",1752,"R",742,"R",311,"R",699,"R",699,"R",41,"R",0,"R",2,"R",0
106713, 1,"R",732,"R",36,"R",316,"R",380,"R",35,"R",1,"R",0,"R",0,"R",0
106713, 2,"R",732,"R",36,"R",316,"R",380,"R",35,"R",1,"R",0,"R",0,"R",0
106713, 3,"R",663,"R",36,"R",316,"R",311,"R",35,"R",1,"R",0,"R",0,"R",0
106713,11,"R",69,"R",0,"R",0,"R",69,"A",,"A",,"A",,"A",,"A",
106795, 1,"R",1518,"R",177,"R",583,"R",758,"R",167,"R",10,"R",0,"R",0,"R",0
106795, 2,"R",1518,"R",177,"R",583,"R",758,"R",167,"R",10,"R",0,"R",0,"R",0
106795, 3,"R",903,"R",99,"R",424,"R",380,"R",89,"R",10,"R",0,"R",0,"R",0
106795,11,"R",615,"R",78,"R",159,"R",378,"R",78,"R",0,"R",0,"R",0,"R",0
106810, 1,"R",198,"R",0,"R",50,"R",148,"A",,"A",,"A",,"A",,"A",
106810, 2,"R",198,"R",0,"R",50,"R",148,"A",,"A",,"A",,"A",,"A",
106810, 3,"R",178,"R",0,"R",49,"R",129,"A",,"A",,"A",,"A",,"A",
106810,11,"R",20,"R",0,"R",1,"R",19,"A",,"A",,"A",,"A",,"A",
106829, 1,"R",168,"A",,"A",,"R",168,"A",,"A",,"A",,"A",,"A",
106829, 2,"R",168,"A",,"A",,"R",168,"A",,"A",,"A",,"A",,"A",
106829, 3,"R",168,"A",,"A",,"R",168,"A",,"A",,"A",,"A",,"A",
106883, 1,"R",1151,"R",73,"R",221,"R",857,"R",72,"R",1,"R",0,"R",0,"R",0
106883, 2,"R",1151,"R",73,"R",221,"R",857,"R",72,"R",1,"R",0,"R",0,"R",0
106883, 3,"R",683,"R",46,"R",186,"R",451,"R",46,"R",0,"R",0,"R",0,"R",0
106883,11,"R",468,"R",27,"R",35,"R",406,"R",26,"R",1,"R",0,"R",0,"R",0
106892, 1,"R",121,"A",,"A",,"R",121,"A",,"A",,"A",,"A",,"A",
106892, 2,"R",121,"A",,"A",,"R",121,"A",,"A",,"A",,"A",,"A",
106908, 1,"R",382,"A",,"A",,"R",382,"A",,"A",,"A",,"A",,"A",
106908, 2,"R",382,"A",,"A",,"R",382,"A",,"A",,"A",,"A",,"A",
106980, 1,"R",2017,"R",20,"R",975,"R",1022,"R",20,"R",0,"R",0,"R",0,"R",0
106980, 2,"R",2017,"R",20,"R",975,"R",1022,"R",20,"R",0,"R",0,"R",0,"R",0
106980, 3,"R",1869,"R",15,"R",875,"R",979,"R",15,"R",0,"R",0,"R",0,"R",0
106980,11,"R",148,"R",5,"R",100,"R",43,"R",5,"R",0,"R",0,"R",0,"R",0
106999, 1,"R",1319,"R",111,"R",410,"R",798,"R",110,"R",1,"R",0,"R",0,"R",0
106999, 2,"R",1319,"R",111,"R",410,"R",798,"R",110,"R",1,"R",0,"R",0,"R",0
106999, 3,"R",921,"R",111,"R",410,"R",400,"R",110,"R",1,"R",0,"R",0,"R",0
106999,11,"R",398,"R",0,"R",0,"R",398,"A",,"A",,"A",,"A",,"A",
107044, 1,"R",5121,"R",249,"R",263,"R",4609,"R",147,"R",73,"R",21,"R",8,"R",0
107044, 2,"R",3974,"R",29,"R",141,"R",3804,"R",13,"R",8,"R",1,"R",7,"R",0
107044, 3,"R",3953,"R",29,"R",141,"R",3783,"R",13,"R",8,"R",1,"R",7,"R",0
107044,11,"R",21,"R",0,"R",0,"R",21,"A",,"A",,"A",,"A",,"A",
107044,12,"R",1147,"R",220,"R",122,"R",805,"R",134,"R",65,"R",20,"R",1,"R",0
107071, 1,"R",3961,"R",427,"R",1427,"R",2107,"R",396,"R",31,"R",0,"R",0,"R",0
107071, 2,"R",3404,"R",102,"R",1336,"R",1966,"R",95,"R",7,"R",0,"R",0,"R",0
107071, 3,"R",2996,"R",101,"R",1336,"R",1559,"R",94,"R",7,"R",0,"R",0,"R",0
107071,11,"R",408,"R",1,"R",0,"R",407,"R",1,"R",0,"R",0,"R",0,"R",0
107071,12,"R",557,"R",325,"R",91,"R",141,"R",301,"R",24,"R",0,"R",0,"R",0
107080, 1,"R",1208,"A",,"A",,"R",1208,"A",,"A",,"A",,"A",,"A",
107080, 2,"R",1202,"A",,"A",,"R",1202,"A",,"A",,"A",,"A",,"A",
107080, 3,"R",1192,"A",,"A",,"R",1192,"A",,"A",,"A",,"A",,"A",
107080,11,"R",10,"A",,"A",,"R",10,"A",,"A",,"A",,"A",,"A",
107080,12,"R",6,"A",,"A",,"R",6,"A",,"A",,"A",,"A",,"A",
107099, 1,"R",28,"A",,"A",,"R",28,"A",,"A",,"A",,"A",,"A",
107099, 2,"R",28,"A",,"A",,"R",28,"A",,"A",,"A",,"A",,"A",
107123, 1,"R",70,"A",,"A",,"R",70,"A",,"A",,"A",,"A",,"A",
107123, 2,"R",70,"A",,"A",,"R",70,"A",,"A",,"A",,"A",,"A",
107123, 3,"R",70,"A",,"A",,"R",70,"A",,"A",,"A",,"A",,"A",
107141, 1,"R",2516,"R",479,"R",358,"R",1679,"R",375,"R",101,"Z",0,"R",3,"R",0
107141, 2,"R",1903,"R",268,"R",137,"R",1498,"R",219,"R",49,"Z",0,"Z",0,"R",0
107141, 3,"R",1575,"R",244,"R",130,"R",1201,"R",218,"R",26,"Z",0,"Z",0,"R",0
107141,11,"R",328,"R",24,"R",7,"R",297,"R",1,"R",23,"Z",0,"Z",0,"R",0
107141,12,"R",613,"R",211,"R",221,"R",181,"R",156,"R",52,"Z",0,"R",3,"R",0
107220, 1,"R",211,"A",,"A",,"R",211,"A",,"A",,"A",,"A",,"A",
107220, 2,"R",211,"A",,"A",,"R",211,"A",,"A",,"A",,"A",,"A",
107293, 1,"R",53,"A",,"A",,"R",53,"A",,"A",,"A",,"A",,"A",
107293, 2,"R",53,"A",,"A",,"R",53,"A",,"A",,"A",,"A",,"A",
107318, 1,"R",1423,"R",92,"R",232,"R",1099,"R",77,"R",15,"R",0,"R",0,"R",0
107318, 2,"R",1423,"R",92,"R",232,"R",1099,"R",77,"R",15,"R",0,"R",0,"R",0
107318, 3,"R",657,"R",72,"R",220,"R",365,"R",62,"R",10,"R",0,"R",0,"R",0
107318,11,"R",766,"R",20,"R",12,"R",734,"R",15,"R",5,"R",0,"R",0,"R",0
107327, 1,"R",1422,"R",397,"R",337,"R",688,"R",262,"R",135,"R",0,"R",0,"R",0
107327, 2,"R",1422,"R",397,"R",337,"R",688,"R",262,"R",135,"R",0,"R",0,"R",0
107327, 3,"R",881,"R",96,"R",287,"R",498,"R",88,"R",8,"R",0,"R",0,"R",0
107327,11,"R",541,"R",301,"R",50,"R",190,"R",174,"R",127,"R",0,"R",0,"R",0
107442, 1,"R",38,"A",,"A",,"R",38,"A",,"A",,"A",,"A",,"A",
107442, 2,"R",38,"A",,"A",,"R",38,"A",,"A",,"A",,"A",,"A",
107460, 1,"R",1812,"R",310,"R",584,"R",918,"R",305,"R",5,"R",0,"R",0,"R",0
107460, 2,"R",1812,"R",310,"R",584,"R",918,"R",305,"R",5,"R",0,"R",0,"R",0
107460, 3,"R",1393,"R",202,"R",553,"R",638,"R",197,"R",5,"R",0,"R",0,"R",0
107460,11,"R",419,"R",108,"R",31,"R",280,"R",108,"R",0,"R",0,"R",0,"R",0
107488, 1,"R",237,"A",,"A",,"R",237,"A",,"A",,"A",,"A",,"A",
107488, 2,"R",237,"A",,"A",,"R",237,"A",,"A",,"A",,"A",,"A",
107488, 3,"R",237,"A",,"A",,"R",237,"A",,"A",,"A",,"A",,"A",
107512, 1,"R",1660,"R",24,"R",91,"R",1545,"R",19,"R",5,"Z",0,"Z",0,"R",0
107512, 2,"R",1660,"R",24,"R",91,"R",1545,"R",19,"R",5,"Z",0,"Z",0,"R",0
107512, 3,"R",1546,"R",22,"R",91,"R",1433,"R",17,"R",5,"Z",0,"Z",0,"R",0
107512,11,"R",114,"R",2,"R",0,"R",112,"R",2,"Z",0,"Z",0,"Z",0,"R",0
107521, 1,"R",1259,"R",90,"R",225,"R",944,"R",89,"R",1,"R",0,"R",0,"R",0
107521, 2,"R",1259,"R",90,"R",225,"R",944,"R",89,"R",1,"R",0,"R",0,"R",0
107521, 3,"R",567,"R",67,"R",196,"R",304,"R",66,"R",1,"R",0,"R",0,"R",0
107521,11,"R",692,"R",23,"R",29,"R",640,"R",23,"R",0,"R",0,"R",0,"R",0
107549, 1,"R",1123,"R",300,"R",409,"R",414,"R",242,"R",14,"Z",0,"Z",0,"R",44
107549, 2,"R",1123,"R",300,"R",409,"R",414,"R",242,"R",14,"Z",0,"Z",0,"R",44
107549, 3,"R",761,"R",202,"R",320,"R",239,"R",145,"R",13,"Z",0,"Z",0,"R",44
107549,11,"R",362,"R",98,"R",89,"R",175,"R",97,"R",1,"Z",0,"Z",0,"R",0
107558, 1,"R",872,"A",,"A",,"R",872,"A",,"A",,"A",,"A",,"A",
107558, 2,"R",872,"A",,"A",,"R",872,"A",,"A",,"A",,"A",,"A",
107558, 3,"R",862,"A",,"A",,"R",862,"A",,"A",,"A",,"A",,"A",
107558,11,"R",10,"A",,"A",,"R",10,"A",,"A",,"A",,"A",,"A",
107585, 1,"R",1902,"R",61,"R",449,"R",1392,"R",61,"R",0,"R",0,"R",0,"R",0
107585, 2,"R",1902,"R",61,"R",449,"R",1392,"R",61,"R",0,"R",0,"R",0,"R",0
107585, 3,"R",1720,"R",57,"R",439,"R",1224,"R",57,"R",0,"R",0,"R",0,"R",0
107585,11,"R",182,"R",4,"R",10,"R",168,"R",4,"R",0,"R",0,"R",0,"R",0
107600, 1,"R",1000,"R",19,"R",833,"R",148,"R",18,"R",1,"R",0,"R",0,"R",0
107600, 2,"R",1000,"R",19,"R",833,"R",148,"R",18,"R",1,"R",0,"R",0,"R",0
107600, 3,"R",1000,"R",19,"R",833,"R",148,"R",18,"R",1,"R",0,"R",0,"R",0
107619, 1,"R",1520,"R",73,"R",161,"R",1286,"R",68,"R",5,"R",0,"R",0,"R",0
107619, 2,"R",1520,"R",73,"R",161,"R",1286,"R",68,"R",5,"R",0,"R",0,"R",0
107619, 3,"R",710,"R",44,"R",137,"R",529,"R",43,"R",1,"R",0,"R",0,"R",0
107619,11,"R",810,"R",29,"R",24,"R",757,"R",25,"R",4,"R",0,"R",0,"R",0
107637, 1,"R",1119,"R",81,"R",265,"R",773,"R",81,"Z",0,"Z",0,"Z",0,"R",0
107637, 2,"R",1119,"R",81,"R",265,"R",773,"R",81,"Z",0,"Z",0,"Z",0,"R",0
107637, 3,"R",947,"R",77,"R",251,"R",619,"R",77,"Z",0,"Z",0,"Z",0,"R",0
107637,11,"R",172,"R",4,"R",14,"R",154,"R",4,"Z",0,"Z",0,"Z",0,"R",0
107655, 1,"R",30,"A",,"A",,"R",30,"A",,"A",,"A",,"A",,"A",
107655, 2,"R",30,"A",,"A",,"R",30,"A",,"A",,"A",,"A",,"A",
107664, 1,"R",5445,"R",1046,"R",1631,"R",2768,"R",1032,"R",14,"R",0,"R",0,"R",0
107664, 2,"R",5445,"R",1046,"R",1631,"R",2768,"R",1032,"R",14,"R",0,"R",0,"R",0
107664, 3,"R",4599,"R",839,"R",1584,"R",2176,"R",829,"R",10,"R",0,"R",0,"R",0
107664,11,"R",846,"R",207,"R",47,"R",592,"R",203,"R",4,"R",0,"R",0,"R",0
107725, 1,"R",1559,"R",216,"R",412,"R",931,"R",190,"R",26,"R",0,"R",0,"R",0
107725, 2,"R",1559,"R",216,"R",412,"R",931,"R",190,"R",26,"R",0,"R",0,"R",0
107725, 3,"R",1542,"R",214,"R",411,"R",917,"R",188,"R",26,"R",0,"R",0,"R",0
107725,11,"R",17,"R",2,"R",1,"R",14,"R",2,"R",0,"R",0,"R",0,"R",0
107743, 1,"R",814,"R",63,"R",311,"R",440,"R",61,"R",2,"Z",0,"Z",0,"R",0
107743, 2,"R",814,"R",63,"R",311,"R",440,"R",61,"R",2,"Z",0,"Z",0,"R",0
107743, 3,"R",449,"R",27,"R",217,"R",205,"R",25,"R",2,"Z",0,"Z",0,"R",0
107743,11,"R",365,"R",36,"R",94,"R",235,"R",36,"Z",0,"Z",0,"Z",0,"R",0
107789, 1,"R",95,"A",,"A",,"R",95,"A",,"A",,"A",,"A",,"A",
107789, 2,"R",95,"A",,"A",,"R",95,"A",,"A",,"A",,"A",,"A",
107831, 1,"R",75,"A",,"A",,"R",75,"A",,"A",,"A",,"A",,"A",
107831, 2,"R",75,"A",,"A",,"R",75,"A",,"A",,"A",,"A",,"A",
107840, 1,"R",569,"A",,"A",,"R",569,"A",,"A",,"A",,"A",,"A",
107840, 2,"R",569,"A",,"A",,"R",569,"A",,"A",,"A",,"A",,"A",
107840, 3,"R",569,"A",,"A",,"R",569,"A",,"A",,"A",,"A",,"A",
107877, 1,"R",496,"R",25,"R",118,"R",353,"R",25,"R",0,"R",0,"R",0,"R",0
107877, 2,"R",479,"R",8,"R",118,"R",353,"R",8,"R",0,"R",0,"R",0,"R",0
107877, 3,"R",460,"R",8,"R",118,"R",334,"R",8,"R",0,"R",0,"R",0,"R",0
107877,11,"R",19,"R",0,"R",0,"R",19,"A",,"A",,"A",,"A",,"A",
107877,12,"R",17,"R",17,"R",0,"R",0,"R",17,"R",0,"R",0,"R",0,"R",0
107974, 1,"R",1473,"R",249,"R",450,"R",774,"R",198,"R",51,"Z",0,"Z",0,"R",0
107974, 2,"R",1473,"R",249,"R",450,"R",774,"R",198,"R",51,"Z",0,"Z",0,"R",0
107974, 3,"R",1143,"R",238,"R",442,"R",463,"R",187,"R",51,"Z",0,"Z",0,"R",0
107974,11,"R",330,"R",11,"R",8,"R",311,"R",11,"Z",0,"Z",0,"Z",0,"R",0
107983, 1,"R",4468,"R",869,"R",1482,"R",2117,"R",734,"R",132,"R",0,"R",3,"R",0
107983, 2,"R",3542,"R",261,"R",1225,"R",2056,"R",233,"R",28,"R",0,"R",0,"R",0
107983, 3,"R",3203,"R",200,"R",1197,"R",1806,"R",173,"R",27,"R",0,"R",0,"R",0
107983,11,"R",339,"R",61,"R",28,"R",250,"R",60,"R",1,"R",0,"R",0,"R",0
107983,12,"R",926,"R",608,"R",257,"R",61,"R",501,"R",104,"R",0,"R",3,"R",0
107992, 1,"R",1082,"R",194,"R",193,"R",695,"R",192,"R",2,"R",0,"R",0,"R",0
107992, 2,"R",1082,"R",194,"R",193,"R",695,"R",192,"R",2,"R",0,"R",0,"R",0
107992, 3,"R",733,"R",185,"R",189,"R",359,"R",184,"R",1,"R",0,"R",0,"R",0
107992,11,"R",349,"R",9,"R",4,"R",336,"R",8,"R",1,"R",0,"R",0,"R",0
108065, 1,"R",16,"A",,"A",,"R",16,"A",,"A",,"A",,"A",,"A",
108065, 2,"R",16,"A",,"A",,"R",16,"A",,"A",,"A",,"A",,"A",
108092, 1,"R",6557,"R",690,"R",2609,"R",3258,"R",601,"R",87,"R",0,"R",2,"R",0
108092, 2,"R",6531,"R",664,"R",2609,"R",3258,"R",579,"R",83,"R",0,"R",2,"R",0
108092, 3,"R",5235,"R",522,"R",2535,"R",2178,"R",441,"R",79,"R",0,"R",2,"R",0
108092,11,"R",1296,"R",142,"R",74,"R",1080,"R",138,"R",4,"R",0,"R",0,"R",0
108092,12,"R",26,"R",26,"R",0,"R",0,"R",22,"R",4,"R",0,"R",0,"R",0
108232, 1,"R",10616,"R",4070,"R",2884,"R",3662,"R",1108,"R",2546,"R",88,"R",328,"R",0
108232, 2,"R",7051,"R",2673,"R",2131,"R",2247,"R",783,"R",1654,"R",52,"R",184,"R",0
108232, 3,"R",6898,"R",2583,"R",2127,"R",2188,"R",731,"R",1633,"R",47,"R",172,"R",0
108232,11,"R",153,"R",90,"R",4,"R",59,"R",52,"R",21,"R",5,"R",12,"R",0
108232,12,"R",3565,"R",1397,"R",753,"R",1415,"R",325,"R",892,"R",36,"R",144,"R",0
108269, 1,"R",103,"A",,"A",,"R",103,"A",,"A",,"A",,"A",,"A",
108269,12,"R",103,"A",,"A",,"R",103,"A",,"A",,"A",,"A",,"A",
108348, 1,"R",26,"R",10,"Z",0,"R",16,"R",3,"R",7,"Z",0,"Z",0,"R",0
108348, 2,"R",26,"R",10,"Z",0,"R",16,"R",3,"R",7,"Z",0,"Z",0,"R",0
108649, 1,"R",118,"A",,"A",,"R",118,"A",,"A",,"A",,"A",,"A",
108649, 2,"R",118,"A",,"A",,"R",118,"A",,"A",,"A",,"A",,"A",
108667, 1,"R",6389,"R",2398,"R",1039,"R",2952,"R",2187,"R",0,"R",60,"R",151,"R",0
108667, 2,"R",6389,"R",2398,"R",1039,"R",2952,"R",2187,"R",0,"R",60,"R",151,"R",0
108667, 3,"R",4975,"R",2002,"R",899,"R",2074,"R",1830,"R",0,"R",31,"R",141,"R",0
108667,11,"R",1414,"R",396,"R",140,"R",878,"R",357,"R",0,"R",29,"R",10,"R",0
108807, 1,"R",11285,"R",1250,"R",2217,"R",7818,"R",1247,"R",2,"R",0,"R",1,"R",0
108807, 2,"R",11285,"R",1250,"R",2217,"R",7818,"R",1247,"R",2,"R",0,"R",1,"R",0
108807, 3,"R",9045,"R",979,"R",2120,"R",5946,"R",978,"R",1,"R",0,"R",0,"R",0
108807,11,"R",2240,"R",271,"R",97,"R",1872,"R",269,"R",1,"R",0,"R",1,"R",0
108852, 1,"R",263,"A",,"A",,"R",263,"A",,"A",,"A",,"A",,"A",
108852, 2,"R",263,"A",,"A",,"R",263,"A",,"A",,"A",,"A",,"A",
108852, 3,"R",263,"A",,"A",,"R",263,"A",,"A",,"A",,"A",,"A",
108861, 1,"R",51,"R",3,"R",0,"R",48,"R",3,"R",0,"R",0,"R",0,"R",0
108861,12,"R",51,"R",3,"R",0,"R",48,"R",3,"R",0,"R",0,"R",0,"R",0
108870, 1,"R",339,"A",,"A",,"R",339,"A",,"A",,"A",,"A",,"A",
108870,12,"R",339,"A",,"A",,"R",339,"A",,"A",,"A",,"A",,"A",
108977, 1,"R",129,"A",,"A",,"R",129,"A",,"A",,"A",,"A",,"A",
108977, 2,"R",129,"A",,"A",,"R",129,"A",,"A",,"A",,"A",,"A",
109040, 1,"R",1284,"A",,"A",,"R",1284,"A",,"A",,"A",,"A",,"A",
109040, 2,"R",1284,"A",,"A",,"R",1284,"A",,"A",,"A",,"A",,"A",
109040, 3,"R",1284,"A",,"A",,"R",1284,"A",,"A",,"A",,"A",,"A",
109086, 1,"R",46,"A",,"A",,"R",46,"A",,"A",,"A",,"A",,"A",
109086, 2,"R",11,"A",,"A",,"R",11,"A",,"A",,"A",,"A",,"A",
109086,11,"R",11,"A",,"A",,"R",11,"A",,"A",,"A",,"A",,"A",
109086,12,"R",35,"A",,"A",,"R",35,"A",,"A",,"A",,"A",,"A",
109208, 1,"R",31366,"R",4316,"R",5082,"R",21968,"R",4292,"R",0,"R",19,"R",5,"R",0
109208, 2,"R",31366,"R",4316,"R",5082,"R",21968,"R",4292,"R",0,"R",19,"R",5,"R",0
109208, 3,"R",28573,"R",3730,"R",4874,"R",19969,"R",3716,"R",0,"R",10,"R",4,"R",0
109208,11,"R",2793,"R",586,"R",208,"R",1999,"R",576,"R",0,"R",9,"R",1,"R",0
109350, 1,"R",14239,"R",688,"R",1975,"R",11576,"R",687,"R",0,"R",0,"R",1,"R",0
109350, 2,"R",14239,"R",688,"R",1975,"R",11576,"R",687,"R",0,"R",0,"R",1,"R",0
109350, 3,"R",12080,"R",554,"R",1830,"R",9696,"R",553,"R",0,"R",0,"R",1,"R",0
109350,11,"R",2159,"R",134,"R",145,"R",1880,"R",134,"R",0,"R",0,"R",0,"R",0
109651, 1,"R",2249,"R",0,"R",88,"R",2161,"A",,"A",,"A",,"A",,"A",
109651, 2,"R",2008,"R",0,"R",73,"R",1935,"A",,"A",,"A",,"A",,"A",
109651, 3,"R",1987,"R",0,"R",73,"R",1914,"A",,"A",,"A",,"A",,"A",
109651,11,"R",21,"R",0,"R",0,"R",21,"A",,"A",,"A",,"A",,"A",
109651,12,"R",241,"R",0,"R",15,"R",226,"A",,"A",,"A",,"A",,"A",
109721, 1,"R",367,"A",,"A",,"R",367,"A",,"A",,"A",,"A",,"A",
109721, 2,"R",367,"A",,"A",,"R",367,"A",,"A",,"A",,"A",,"A",
109730, 1,"R",98,"A",,"A",,"R",98,"A",,"A",,"A",,"A",,"A",
109730, 2,"R",98,"A",,"A",,"R",98,"A",,"A",,"A",,"A",,"A",
109785, 1,"R",10095,"R",2345,"R",1321,"R",6429,"R",2099,"R",89,"R",0,"R",1,"R",156
109785, 2,"R",5657,"R",575,"R",701,"R",4381,"R",535,"R",16,"R",0,"R",0,"R",24
109785, 3,"R",5545,"R",575,"R",701,"R",4269,"R",535,"R",16,"R",0,"R",0,"R",24
109785,11,"R",112,"R",0,"R",0,"R",112,"A",,"A",,"A",,"A",,"A",
109785,12,"R",4438,"R",1770,"R",620,"R",2048,"R",1564,"R",73,"R",0,"R",1,"R",132
109819, 1,"R",24589,"R",1875,"R",4434,"R",18280,"R",1870,"R",5,"R",0,"R",0,"R",0
109819, 2,"R",24589,"R",1875,"R",4434,"R",18280,"R",1870,"R",5,"R",0,"R",0,"R",0
109819, 3,"R",19178,"R",1537,"R",4199,"R",13442,"R",1533,"R",4,"R",0,"R",0,"R",0
109819,11,"R",5411,"R",338,"R",235,"R",4838,"R",337,"R",1,"R",0,"R",0,"R",0
109907, 1,"R",3052,"R",1313,"R",893,"R",846,"R",1308,"R",4,"R",1,"R",0,"R",0
109907, 2,"R",3052,"R",1313,"R",893,"R",846,"R",1308,"R",4,"R",1,"R",0,"R",0
109907, 3,"R",2721,"R",1185,"R",861,"R",675,"R",1180,"R",4,"R",1,"R",0,"R",0
109907,11,"R",331,"R",128,"R",32,"R",171,"R",128,"R",0,"R",0,"R",0,"R",0
109934, 1,"R",202,"A",,"A",,"R",202,"A",,"A",,"A",,"A",,"A",
109934, 2,"R",202,"A",,"A",,"R",202,"A",,"A",,"A",,"A",,"A",
110060, 1,"R",346,"R",31,"R",272,"R",43,"R",13,"R",10,"R",0,"R",4,"R",4
110060, 2,"R",213,"R",15,"R",181,"R",17,"R",9,"R",5,"R",0,"R",0,"R",1
110060, 3,"R",213,"R",15,"R",181,"R",17,"R",9,"R",5,"R",0,"R",0,"R",1
110060,12,"R",133,"R",16,"R",91,"R",26,"R",4,"R",5,"R",0,"R",4,"R",3
110097, 1,"R",6109,"R",670,"R",1332,"R",4107,"R",357,"R",210,"R",2,"R",100,"R",1
110097, 2,"R",4010,"R",120,"R",949,"R",2941,"R",88,"R",28,"R",0,"R",4,"R",0
110097, 3,"R",4005,"R",120,"R",949,"R",2936,"R",88,"R",28,"R",0,"R",4,"R",0
110097,11,"R",5,"R",0,"R",0,"R",5,"A",,"A",,"A",,"A",,"A",
110097,12,"R",2099,"R",550,"R",383,"R",1166,"R",269,"R",182,"R",2,"R",96,"R",1
110194, 1,"R",61,"R",0,"R",5,"R",56,"A",,"A",,"A",,"A",,"A",
110194, 2,"R",61,"R",0,"R",5,"R",56,"A",,"A",,"A",,"A",,"A",
110219, 1,"R",1083,"R",1083,"R",0,"R",0,"R",51,"R",1032,"R",0,"R",0,"R",0
110219, 2,"R",1076,"R",1076,"R",0,"R",0,"R",48,"R",1028,"R",0,"R",0,"R",0
110219, 3,"R",1075,"R",1075,"R",0,"R",0,"R",48,"R",1027,"Z",0,"Z",0,"R",0
110219,11,"R",1,"R",1,"R",0,"R",0,"R",0,"R",1,"R",0,"R",0,"R",0
110219,12,"R",7,"R",7,"Z",0,"R",0,"R",3,"R",4,"Z",0,"Z",0,"R",0
110246, 1,"R",10872,"R",889,"R",2123,"R",7860,"R",877,"R",0,"R",7,"R",5,"R",0
110246, 2,"R",10872,"R",889,"R",2123,"R",7860,"R",877,"R",0,"R",7,"R",5,"R",0
110246, 3,"R",9942,"R",815,"R",2065,"R",7062,"R",803,"R",0,"R",7,"R",5,"R",0
110246,11,"R",930,"R",74,"R",58,"R",798,"R",74,"R",0,"R",0,"R",0,"R",0
110307, 1,"R",125,"A",,"A",,"R",125,"A",,"A",,"A",,"A",,"A",
110307,12,"R",125,"A",,"A",,"R",125,"A",,"A",,"A",,"A",,"A",
110316, 1,"R",1452,"R",110,"R",436,"R",906,"R",46,"R",55,"Z",0,"R",9,"R",0
110316, 2,"R",61,"R",1,"R",32,"R",28,"R",1,"Z",0,"Z",0,"Z",0,"R",0
110316, 3,"R",61,"R",1,"R",32,"R",28,"R",1,"Z",0,"Z",0,"Z",0,"R",0
110316,12,"R",1391,"R",109,"R",404,"R",878,"R",45,"R",55,"Z",0,"R",9,"R",0
110334, 1,"R",11321,"R",1044,"R",3903,"R",6374,"R",1032,"R",0,"R",7,"R",5,"R",0
110334, 2,"R",11321,"R",1044,"R",3903,"R",6374,"R",1032,"R",0,"R",7,"R",5,"R",0
110334, 3,"R",10164,"R",893,"R",3734,"R",5537,"R",881,"R",0,"R",7,"R",5,"R",0
110334,11,"R",1157,"R",151,"R",169,"R",837,"R",151,"R",0,"R",0,"R",0,"R",0
110361, 1,"R",10486,"R",2273,"R",3372,"R",4841,"R",2101,"R",160,"R",2,"R",10,"R",0
110361, 2,"R",7855,"R",1691,"R",2972,"R",3192,"R",1577,"R",110,"R",2,"R",2,"R",0
110361, 3,"R",7811,"R",1653,"R",2970,"R",3188,"R",1541,"R",108,"R",2,"R",2,"R",0
110361,11,"R",44,"R",38,"R",2,"R",4,"R",36,"R",2,"R",0,"R",0,"R",0
110361,12,"R",2631,"R",582,"R",400,"R",1649,"R",524,"R",50,"R",0,"R",8,"R",0
110370, 1,"R",1805,"R",25,"Z",0,"R",1780,"Z",0,"R",25,"Z",0,"Z",0,"R",0
110370, 2,"R",1468,"Z",0,"Z",0,"R",1468,"A",,"A",,"A",,"A",,"A",
110370, 3,"R",1453,"Z",0,"Z",0,"R",1453,"A",,"A",,"A",,"A",,"A",
110370,11,"R",15,"Z",0,"Z",0,"R",15,"A",,"A",,"A",,"A",,"A",
110370,12,"R",337,"R",25,"Z",0,"R",312,"Z",0,"R",25,"Z",0,"Z",0,"R",0
110398, 1,"R",1002,"R",29,"R",25,"R",948,"R",27,"R",2,"R",0,"R",0,"R",0
110398,12,"R",1002,"R",29,"R",25,"R",948,"R",27,"R",2,"R",0,"R",0,"R",0
110404, 1,"R",2233,"A",,"A",,"R",2233,"A",,"A",,"A",,"A",,"A",
110404, 2,"R",948,"A",,"A",,"R",948,"A",,"A",,"A",,"A",,"A",
110404, 3,"R",948,"A",,"A",,"R",948,"A",,"A",,"A",,"A",,"A",
110404,12,"R",1285,"A",,"A",,"R",1285,"A",,"A",,"A",,"A",,"A",
110413, 1,"R",4383,"R",129,"R",334,"R",3920,"R",107,"R",22,"Z",0,"Z",0,"R",0
110413, 2,"R",3059,"R",19,"R",257,"R",2783,"R",19,"Z",0,"Z",0,"Z",0,"R",0
110413, 3,"R",3054,"R",17,"R",257,"R",2780,"R",17,"Z",0,"Z",0,"Z",0,"R",0
110413,11,"R",5,"R",2,"R",0,"R",3,"R",2,"Z",0,"Z",0,"Z",0,"R",0
110413,12,"R",1324,"R",110,"R",77,"R",1137,"R",88,"R",22,"Z",0,"Z",0,"R",0
110422, 1,"R",22013,"R",48,"R",1637,"R",20328,"R",28,"R",19,"Z",0,"R",1,"R",0
110422, 2,"R",21098,"R",4,"R",1633,"R",19461,"R",4,"R",0,"Z",0,"R",0,"R",0
110422, 3,"R",21047,"R",4,"R",1632,"R",19411,"R",4,"R",0,"Z",0,"R",0,"R",0
110422,11,"R",51,"R",0,"R",1,"R",50,"A",,"A",,"A",,"A",,"A",
110422,12,"R",915,"R",44,"R",4,"R",867,"R",24,"R",19,"Z",0,"R",1,"R",0
110468, 1,"R",3780,"R",1158,"R",226,"R",2396,"R",1112,"R",39,"R",1,"R",6,"R",0
110468, 2,"R",988,"R",267,"R",2,"R",719,"R",266,"R",1,"R",0,"R",0,"R",0
110468, 3,"R",289,"R",180,"R",2,"R",107,"R",180,"R",0,"R",0,"R",0,"R",0
110468,11,"R",699,"R",87,"R",0,"R",612,"R",86,"R",1,"R",0,"R",0,"R",0
110468,12,"R",2792,"R",891,"R",224,"R",1677,"R",846,"R",38,"R",1,"R",6,"R",0
110486, 1,"R",10816,"R",398,"R",4003,"R",6415,"R",391,"R",6,"Z",0,"R",1,"R",0
110486, 2,"R",9368,"R",167,"R",3542,"R",5659,"R",165,"R",1,"Z",0,"R",1,"R",0
110486, 3,"R",9142,"R",100,"R",3542,"R",5500,"R",99,"R",0,"Z",0,"R",1,"R",0
110486,11,"R",226,"R",67,"R",0,"R",159,"R",66,"R",1,"Z",0,"R",0,"R",0
110486,12,"R",1448,"R",231,"R",461,"R",756,"R",226,"R",5,"Z",0,"R",0,"R",0
110495, 1,"R",10577,"R",224,"R",3964,"R",6389,"R",221,"R",3,"Z",0,"R",0,"R",0
110495, 2,"R",9293,"R",185,"R",3648,"R",5460,"R",184,"R",1,"Z",0,"R",0,"R",0
110495, 3,"R",9272,"R",170,"R",3648,"R",5454,"R",169,"R",1,"Z",0,"R",0,"R",0
110495,11,"R",21,"R",15,"R",0,"R",6,"R",15,"R",0,"Z",0,"R",0,"R",0
110495,12,"R",1284,"R",39,"R",316,"R",929,"R",37,"R",2,"Z",0,"R",0,"R",0
110510, 1,"R",20238,"R",609,"R",4920,"R",14709,"R",580,"R",15,"Z",0,"R",14,"R",0
110510, 2,"R",17967,"R",212,"R",4386,"R",13369,"R",205,"R",5,"Z",0,"R",2,"R",0
110510, 3,"R",17704,"R",183,"R",4382,"R",13139,"R",181,"R",0,"Z",0,"R",2,"R",0
110510,11,"R",263,"R",29,"R",4,"R",230,"R",24,"R",5,"Z",0,"R",0,"R",0
110510,12,"R",2271,"R",397,"R",534,"R",1340,"R",375,"R",10,"Z",0,"R",12,"R",0
110529, 1,"R",26598,"R",100,"R",10261,"R",16237,"R",98,"R",0,"Z",0,"R",2,"R",0
110529, 2,"R",24934,"R",74,"R",9882,"R",14978,"R",73,"R",0,"Z",0,"R",1,"R",0
110529, 3,"R",24841,"R",53,"R",9868,"R",14920,"R",52,"R",0,"Z",0,"R",1,"R",0
110529,11,"R",93,"R",21,"R",14,"R",58,"R",21,"R",0,"Z",0,"R",0,"R",0
110529,12,"R",1664,"R",26,"R",379,"R",1259,"R",25,"R",0,"Z",0,"R",1,"R",0
110538, 1,"R",17578,"R",529,"R",4803,"R",12246,"R",527,"R",2,"Z",0,"R",0,"R",0
110538, 2,"R",16483,"R",436,"R",4461,"R",11586,"R",435,"R",1,"Z",0,"R",0,"R",0
110538, 3,"R",16317,"R",416,"R",4447,"R",11454,"R",415,"R",1,"Z",0,"R",0,"R",0
110538,11,"R",166,"R",20,"R",14,"R",132,"R",20,"R",0,"Z",0,"R",0,"R",0
110538,12,"R",1095,"R",93,"R",342,"R",660,"R",92,"R",1,"Z",0,"R",0,"R",0
110547, 1,"R",16732,"R",1589,"R",5467,"R",9676,"R",1486,"R",85,"Z",0,"R",18,"R",0
110547, 2,"R",13899,"R",662,"R",5284,"R",7953,"R",661,"R",1,"Z",0,"R",0,"R",0
110547, 3,"R",13871,"R",654,"R",5279,"R",7938,"R",653,"R",1,"Z",0,"R",0,"R",0
110547,11,"R",28,"R",8,"R",5,"R",15,"R",8,"R",0,"Z",0,"R",0,"R",0
110547,12,"R",2833,"R",927,"R",183,"R",1723,"R",825,"R",84,"Z",0,"R",18,"R",0
110556, 1,"R",25137,"R",231,"R",6013,"R",18893,"R",229,"R",1,"Z",0,"R",1,"R",0
110556, 2,"R",22125,"R",101,"R",5631,"R",16393,"R",101,"R",0,"Z",0,"R",0,"R",0
110556, 3,"R",21732,"R",81,"R",5630,"R",16021,"R",81,"R",0,"Z",0,"R",0,"R",0
110556,11,"R",393,"R",20,"R",1,"R",372,"R",20,"R",0,"Z",0,"R",0,"R",0
110556,12,"R",3012,"R",130,"R",382,"R",2500,"R",128,"R",1,"Z",0,"R",1,"R",0
110565, 1,"R",40280,"R",2161,"R",12133,"R",25986,"R",2113,"R",37,"Z",0,"R",11,"R",0
110565, 2,"R",34860,"R",1048,"R",11208,"R",22604,"R",1036,"R",8,"Z",0,"R",4,"R",0
110565, 3,"R",34637,"R",921,"R",11202,"R",22514,"R",911,"R",7,"Z",0,"R",3,"R",0
110565,11,"R",223,"R",127,"R",6,"R",90,"R",125,"R",1,"Z",0,"R",1,"R",0
110565,12,"R",5420,"R",1113,"R",925,"R",3382,"R",1077,"R",29,"Z",0,"R",7,"R",0
110574, 1,"R",15628,"R",1554,"R",6927,"R",7147,"R",1509,"R",14,"Z",0,"R",31,"R",0
110574, 2,"R",12836,"R",1373,"R",6154,"R",5309,"R",1354,"R",10,"Z",0,"R",9,"R",0
110574, 3,"R",12728,"R",1302,"R",6147,"R",5279,"R",1284,"R",9,"Z",0,"R",9,"R",0
110574,11,"R",108,"R",71,"R",7,"R",30,"R",70,"R",1,"Z",0,"R",0,"R",0
110574,12,"R",2792,"R",181,"R",773,"R",1838,"R",155,"R",4,"Z",0,"R",22,"R",0
110583, 1,"R",37466,"R",443,"R",10391,"R",26632,"R",422,"R",13,"Z",0,"R",8,"R",0
110583, 2,"R",31690,"R",170,"R",9288,"R",22232,"R",169,"R",1,"Z",0,"R",0,"R",0
110583, 3,"R",31503,"R",153,"R",9262,"R",22088,"R",152,"R",1,"Z",0,"R",0,"R",0
110583,11,"R",187,"R",17,"R",26,"R",144,"R",17,"R",0,"Z",0,"R",0,"R",0
110583,12,"R",5776,"R",273,"R",1103,"R",4400,"R",253,"R",12,"Z",0,"R",8,"R",0
110592, 1,"R",28036,"R",60,"R",8829,"R",19147,"R",59,"R",0,"Z",0,"R",1,"R",0
110592, 2,"R",24223,"R",55,"R",8432,"R",15736,"R",54,"R",0,"Z",0,"R",1,"R",0
110592, 3,"R",24163,"R",55,"R",8420,"R",15688,"R",54,"R",0,"Z",0,"R",1,"R",0
110592,11,"R",60,"R",0,"R",12,"R",48,"A",,"A",,"A",,"A",,"A",
110592,12,"R",3813,"R",5,"R",397,"R",3411,"R",5,"R",0,"Z",0,"R",0,"R",0
110608, 1,"R",40212,"R",1304,"R",19451,"R",19457,"R",1240,"R",61,"Z",0,"R",3,"R",0
110608, 2,"R",35051,"R",446,"R",18860,"R",15745,"R",441,"R",3,"Z",0,"R",2,"R",0
110608, 3,"R",34911,"R",432,"R",18806,"R",15673,"R",427,"R",3,"Z",0,"R",2,"R",0
110608,11,"R",140,"R",14,"R",54,"R",72,"R",14,"R",0,"Z",0,"R",0,"R",0
110608,12,"R",5161,"R",858,"R",591,"R",3712,"R",799,"R",58,"Z",0,"R",1,"R",0
110617, 1,"R",31902,"R",578,"R",12655,"R",18669,"R",551,"R",11,"Z",0,"R",16,"R",0
110617, 2,"R",28813,"R",353,"R",12124,"R",16336,"R",352,"R",1,"Z",0,"R",0,"R",0
110617, 3,"R",28439,"R",327,"R",12110,"R",16002,"R",326,"R",1,"Z",0,"R",0,"R",0
110617,11,"R",374,"R",26,"R",14,"R",334,"R",26,"R",0,"Z",0,"R",0,"R",0
110617,12,"R",3089,"R",225,"R",531,"R",2333,"R",199,"R",10,"Z",0,"R",16,"R",0
110635, 1,"R",42501,"R",651,"R",930,"R",40920,"R",359,"R",292,"R",0,"R",0,"R",0
110635, 2,"R",30853,"R",0,"R",585,"R",30268,"A",,"A",,"A",,"A",,"A",
110635, 3,"R",30845,"R",0,"R",585,"R",30260,"A",,"A",,"A",,"A",,"A",
110635,11,"R",8,"R",0,"R",0,"R",8,"A",,"A",,"A",,"A",,"A",
110635,12,"R",11648,"R",651,"R",345,"R",10652,"R",359,"R",292,"R",0,"R",0,"R",0
110644, 1,"R",38167,"R",28,"R",1528,"R",36611,"R",26,"R",2,"R",0,"R",0,"R",0
110644, 2,"R",30718,"R",28,"R",1528,"R",29162,"R",26,"R",2,"R",0,"R",0,"R",0
110644, 3,"R",30698,"R",8,"R",1528,"R",29162,"R",8,"R",0,"R",0,"R",0,"R",0
110644,11,"R",20,"R",20,"R",0,"R",0,"R",18,"R",2,"R",0,"R",0,"R",0
110644,12,"R",7449,"A",,"A",,"R",7449,"A",,"A",,"A",,"A",,"A",
110653, 1,"R",36032,"R",182,"R",4852,"R",30998,"R",162,"R",16,"Z",0,"R",4,"R",0
110653, 2,"R",29736,"R",26,"R",4725,"R",24985,"R",24,"Z",0,"Z",0,"R",2,"R",0
110653, 3,"R",29722,"R",26,"R",4723,"R",24973,"R",24,"Z",0,"Z",0,"R",2,"R",0
110653,11,"R",14,"R",0,"R",2,"R",12,"A",,"A",,"A",,"A",,"A",
110653,12,"R",6296,"R",156,"R",127,"R",6013,"R",138,"R",16,"Z",0,"R",2,"R",0
110662, 1,"R",44537,"R",338,"R",2288,"R",41911,"R",257,"R",68,"R",0,"R",13,"R",0
110662, 2,"R",31577,"R",4,"R",2235,"R",29338,"R",4,"R",0,"R",0,"R",0,"R",0
110662, 3,"R",31568,"R",4,"R",2235,"R",29329,"R",4,"R",0,"R",0,"R",0,"R",0
110662,11,"R",9,"R",0,"R",0,"R",9,"A",,"A",,"A",,"A",,"A",
110662,12,"R",12960,"R",334,"R",53,"R",12573,"R",253,"R",68,"R",0,"R",13,"R",0
110671, 1,"R",23922,"R",161,"R",1274,"R",22487,"R",119,"R",27,"R",0,"R",8,"R",7
110671, 2,"R",20581,"R",8,"R",1249,"R",19324,"R",2,"R",0,"R",0,"R",1,"R",5
110671, 3,"R",20574,"R",1,"R",1249,"R",19324,"R",1,"R",0,"R",0,"R",0,"R",0
110671,11,"R",7,"R",7,"R",0,"R",0,"R",1,"R",0,"R",0,"R",1,"R",5
110671,12,"R",3341,"R",153,"R",25,"R",3163,"R",117,"R",27,"R",0,"R",7,"R",2
110680, 1,"R",37887,"A",,"A",,"R",37887,"A",,"A",,"A",,"A",,"A",
110680, 2,"R",30285,"A",,"A",,"R",30285,"A",,"A",,"A",,"A",,"A",
110680, 3,"R",30279,"A",,"A",,"R",30279,"A",,"A",,"A",,"A",,"A",
110680,11,"R",6,"A",,"A",,"R",6,"A",,"A",,"A",,"A",,"A",
110680,12,"R",7602,"A",,"A",,"R",7602,"A",,"A",,"A",,"A",,"A",
110699, 1,"R",3114,"R",28,"R",145,"R",2941,"R",27,"R",1,"R",0,"R",0,"R",0
110699,12,"R",3114,"R",28,"R",145,"R",2941,"R",27,"R",1,"R",0,"R",0,"R",0
110705, 1,"R",25976,"R",0,"R",365,"R",25611,"A",,"A",,"A",,"A",,"A",
110705, 2,"R",23070,"R",0,"R",365,"R",22705,"A",,"A",,"A",,"A",,"A",
110705, 3,"R",23063,"R",0,"R",365,"R",22698,"A",,"A",,"A",,"A",,"A",
110705,11,"R",7,"R",0,"R",0,"R",7,"A",,"A",,"A",,"A",,"A",
110705,12,"R",2906,"A",,"A",,"R",2906,"A",,"A",,"A",,"A",,"A",
110714, 1,"R",19700,"R",0,"R",853,"R",18847,"A",,"A",,"A",,"A",,"A",
110714, 2,"R",17792,"R",0,"R",853,"R",16939,"A",,"A",,"A",,"A",,"A",
110714, 3,"R",17792,"R",0,"R",853,"R",16939,"A",,"A",,"A",,"A",,"A",
110714,12,"R",1908,"A",,"A",,"R",1908,"A",,"A",,"A",,"A",,"A",
110778, 1,"R",1214,"R",951,"R",247,"R",16,"R",2,"R",1,"R",0,"R",948,"R",0
110778, 2,"R",4,"R",4,"Z",0,"R",0,"R",2,"R",1,"Z",0,"R",1,"R",0
110778, 3,"R",4,"R",4,"Z",0,"R",0,"R",2,"R",1,"Z",0,"R",1,"R",0
110778,12,"R",1210,"R",947,"R",247,"R",16,"R",0,"R",0,"R",0,"R",947,"R",0
110875, 1,"R",85,"A",,"A",,"R",85,"A",,"A",,"A",,"A",,"A",
110875, 2,"R",85,"A",,"A",,"R",85,"A",,"A",,"A",,"A",,"A",
110918, 1,"R",13,"A",,"A",,"R",13,"A",,"A",,"A",,"A",,"A",
110918, 2,"R",13,"A",,"A",,"R",13,"A",,"A",,"A",,"A",,"A",
110918, 3,"R",13,"A",,"A",,"R",13,"A",,"A",,"A",,"A",,"A",
111054, 1,"R",172,"A",,"A",,"R",172,"A",,"A",,"A",,"A",,"A",
111054, 2,"R",172,"A",,"A",,"R",172,"A",,"A",,"A",,"A",,"A",
111081, 1,"R",1506,"A",,"A",,"R",1506,"A",,"A",,"A",,"A",,"A",
111081, 2,"R",1010,"A",,"A",,"R",1010,"A",,"A",,"A",,"A",,"A",
111081, 3,"R",1003,"A",,"A",,"R",1003,"A",,"A",,"A",,"A",,"A",
111081,11,"R",7,"A",,"A",,"R",7,"A",,"A",,"A",,"A",,"A",
111081,12,"R",496,"A",,"A",,"R",496,"A",,"A",,"A",,"A",,"A",
111188, 1,"R",1046,"R",20,"R",96,"R",930,"R",16,"R",4,"Z",0,"R",0,"R",0
111188, 2,"R",1017,"R",0,"R",96,"R",921,"A",,"A",,"A",,"A",,"A",
111188, 3,"R",1016,"R",0,"R",96,"R",920,"A",,"A",,"A",,"A",,"A",
111188,11,"R",1,"R",0,"R",0,"R",1,"A",,"A",,"A",,"A",,"A",
111188,12,"R",29,"R",20,"R",0,"R",9,"R",16,"R",4,"Z",0,"R",0,"R",0
111391, 1,"R",802,"R",106,"R",6,"R",690,"Z",0,"Z",0,"Z",0,"R",106,"R",0
111391,12,"R",802,"R",106,"R",6,"R",690,"Z",0,"Z",0,"Z",0,"R",106,"R",0
111434, 1,"R",5987,"R",1130,"R",819,"R",4038,"R",1069,"R",2,"R",0,"R",59,"R",0
111434, 2,"R",5987,"R",1130,"R",819,"R",4038,"R",1069,"R",2,"R",0,"R",59,"R",0
111434, 3,"R",4867,"R",969,"R",771,"R",3127,"R",916,"R",2,"R",0,"R",51,"R",0
111434,11,"R",1120,"R",161,"R",48,"R",911,"R",153,"R",0,"R",0,"R",8,"R",0
111461, 1,"R",20850,"R",2227,"R",4857,"R",13766,"R",2198,"R",0,"R",26,"R",3,"R",0
111461, 2,"R",20850,"R",2227,"R",4857,"R",13766,"R",2198,"R",0,"R",26,"R",3,"R",0
111461, 3,"R",18649,"R",1669,"R",4693,"R",12287,"R",1643,"R",0,"R",23,"R",3,"R",0
111461,11,"R",2201,"R",558,"R",164,"R",1479,"R",555,"R",0,"R",3,"R",0,"R",0
111513, 1,"R",171,"A",,"A",,"R",171,"A",,"A",,"A",,"A",,"A",
111513, 2,"R",171,"A",,"A",,"R",171,"A",,"A",,"A",,"A",,"A",
111638, 1,"R",175,"R",0,"R",175,"R",0,"A",,"A",,"A",,"A",,"A",
111638, 2,"R",175,"R",0,"R",175,"R",0,"A",,"A",,"A",,"A",,"A",
111638, 3,"R",175,"R",0,"R",175,"R",0,"A",,"A",,"A",,"A",,"A",
111708, 1,"R",174,"A",,"A",,"R",174,"A",,"A",,"A",,"A",,"A",
111708, 2,"R",174,"A",,"A",,"R",174,"A",,"A",,"A",,"A",,"A",
111717, 1,"R",248,"A",,"A",,"R",248,"A",,"A",,"A",,"A",,"A",
111717, 2,"R",248,"A",,"A",,"R",248,"A",,"A",,"A",,"A",,"A",
111726, 1,"R",230,"A",,"A",,"R",230,"A",,"A",,"A",,"A",,"A",
111726, 2,"R",230,"A",,"A",,"R",230,"A",,"A",,"A",,"A",,"A",
111744, 1,"R",154,"A",,"A",,"R",154,"A",,"A",,"A",,"A",,"A",
111744, 2,"R",154,"A",,"A",,"R",154,"A",,"A",,"A",,"A",,"A",
111762, 1,"R",61,"A",,"A",,"R",61,"A",,"A",,"A",,"A",,"A",
111762, 2,"R",61,"A",,"A",,"R",61,"A",,"A",,"A",,"A",,"A",
111799, 1,"R",162,"A",,"A",,"R",162,"A",,"A",,"A",,"A",,"A",
111799, 2,"R",162,"A",,"A",,"R",162,"A",,"A",,"A",,"A",,"A",
111887, 1,"R",21745,"R",2653,"R",3794,"R",15298,"R",2632,"R",0,"R",5,"R",16,"R",0
111887, 2,"R",21745,"R",2653,"R",3794,"R",15298,"R",2632,"R",0,"R",5,"R",16,"R",0
111887, 3,"R",20368,"R",2450,"R",3708,"R",14210,"R",2431,"R",0,"R",5,"R",14,"R",0
111887,11,"R",1377,"R",203,"R",86,"R",1088,"R",201,"R",0,"R",0,"R",2,"R",0
111896, 1,"R",6074,"R",2074,"R",958,"R",3042,"R",2068,"R",6,"R",0,"R",0,"R",0
111896, 2,"R",6074,"R",2074,"R",958,"R",3042,"R",2068,"R",6,"R",0,"R",0,"R",0
111896, 3,"R",4890,"R",1764,"R",877,"R",2249,"R",1758,"R",6,"R",0,"R",0,"R",0
111896,11,"R",1184,"R",310,"R",81,"R",793,"R",310,"R",0,"R",0,"R",0,"R",0
111920, 1,"R",13833,"R",2121,"R",2886,"R",8826,"R",2089,"R",4,"R",17,"R",11,"R",0
111920, 2,"R",13833,"R",2121,"R",2886,"R",8826,"R",2089,"R",4,"R",17,"R",11,"R",0
111920, 3,"R",12621,"R",1874,"R",2851,"R",7896,"R",1847,"R",4,"R",14,"R",9,"R",0
111920,11,"R",1212,"R",247,"R",35,"R",930,"R",242,"R",0,"R",3,"R",2,"R",0
111939, 1,"R",22969,"R",1303,"R",3222,"R",18444,"R",1290,"R",0,"R",13,"R",0,"R",0
111939, 2,"R",22969,"R",1303,"R",3222,"R",18444,"R",1290,"R",0,"R",13,"R",0,"R",0
111939, 3,"R",19650,"R",1067,"R",3044,"R",15539,"R",1062,"R",0,"R",5,"R",0,"R",0
111939,11,"R",3319,"R",236,"R",178,"R",2905,"R",228,"R",0,"R",8,"R",0,"R",0
111948, 1,"R",9608,"R",2,"R",50,"R",9556,"R",2,"R",0,"R",0,"R",0,"R",0
111948, 2,"R",7281,"R",1,"R",43,"R",7237,"R",1,"R",0,"R",0,"R",0,"R",0
111948, 3,"R",7026,"R",1,"R",43,"R",6982,"R",1,"R",0,"R",0,"R",0,"R",0
111948,11,"R",255,"R",0,"R",0,"R",255,"A",,"A",,"A",,"A",,"A",
111948,12,"R",2327,"R",1,"R",7,"R",2319,"R",1,"R",0,"R",0,"R",0,"R",0
111966, 1,"R",593,"R",0,"R",42,"R",551,"A",,"A",,"A",,"A",,"A",
111966, 2,"R",169,"R",0,"R",42,"R",127,"A",,"A",,"A",,"A",,"A",
111966, 3,"R",163,"R",0,"R",42,"R",121,"A",,"A",,"A",,"A",,"A",
111966,11,"R",6,"R",0,"R",0,"R",6,"A",,"A",,"A",,"A",,"A",
111966,12,"R",424,"A",,"A",,"R",424,"A",,"A",,"A",,"A",,"A",
112075, 1,"R",4162,"R",1956,"R",607,"R",1599,"R",1365,"R",568,"R",16,"R",7,"R",0
112075, 2,"R",1788,"R",91,"R",458,"R",1239,"R",86,"R",5,"R",0,"R",0,"R",0
112075, 3,"R",1784,"R",91,"R",457,"R",1236,"R",86,"R",5,"R",0,"R",0,"R",0
112075,11,"R",4,"R",0,"R",1,"R",3,"A",,"A",,"A",,"A",,"A",
112075,12,"R",2374,"R",1865,"R",149,"R",360,"R",1279,"R",563,"R",16,"R",7,"R",0
112084, 1,"R",525,"R",165,"R",312,"R",48,"R",136,"R",29,"Z",0,"Z",0,"R",0
112084, 2,"R",450,"R",118,"R",284,"R",48,"R",92,"R",26,"Z",0,"Z",0,"R",0
112084, 3,"R",448,"R",117,"R",284,"R",47,"R",91,"R",26,"Z",0,"Z",0,"R",0
112084,11,"R",2,"R",1,"Z",0,"R",1,"R",1,"Z",0,"Z",0,"Z",0,"R",0
112084,12,"R",75,"R",47,"R",28,"R",0,"R",44,"R",3,"Z",0,"Z",0,"R",0
112127, 1,"R",87,"R",15,"R",38,"R",34,"R",3,"R",12,"Z",0,"Z",0,"R",0
112127,12,"R",87,"R",15,"R",38,"R",34,"R",3,"R",12,"Z",0,"Z",0,"R",0
112172, 1,"R",13136,"R",1297,"R",2890,"R",8949,"R",1293,"R",1,"R",0,"R",3,"R",0
112172, 2,"R",13136,"R",1297,"R",2890,"R",8949,"R",1293,"R",1,"R",0,"R",3,"R",0
112172, 3,"R",11745,"R",1134,"R",2810,"R",7801,"R",1130,"R",1,"R",0,"R",3,"R",0
112172,11,"R",1391,"R",163,"R",80,"R",1148,"R",163,"R",0,"R",0,"R",0,"R",0
112181, 1,"R",86,"A",,"A",,"R",86,"A",,"A",,"A",,"A",,"A",
112181, 2,"R",86,"A",,"A",,"R",86,"A",,"A",,"A",,"A",,"A",
112190, 1,"R",27008,"R",2062,"R",3744,"R",21202,"R",2046,"R",7,"R",3,"R",6,"R",0
112190, 2,"R",27008,"R",2062,"R",3744,"R",21202,"R",2046,"R",7,"R",3,"R",6,"R",0
112190, 3,"R",24429,"R",1832,"R",3673,"R",18924,"R",1819,"R",5,"R",3,"R",5,"R",0
112190,11,"R",2579,"R",230,"R",71,"R",2278,"R",227,"R",2,"R",0,"R",1,"R",0
112251, 1,"R",1882,"R",18,"R",13,"R",1851,"R",12,"R",6,"Z",0,"Z",0,"R",0
112251,12,"R",1882,"R",18,"R",13,"R",1851,"R",12,"R",6,"Z",0,"Z",0,"R",0
112260, 1,"R",1327,"A",,"A",,"R",1327,"A",,"A",,"A",,"A",,"A",
112260, 2,"R",1324,"A",,"A",,"R",1324,"A",,"A",,"A",,"A",,"A",
112260, 3,"R",1318,"A",,"A",,"R",1318,"A",,"A",,"A",,"A",,"A",
112260,11,"R",6,"A",,"A",,"R",6,"A",,"A",,"A",,"A",,"A",
112260,12,"R",3,"A",,"A",,"R",3,"A",,"A",,"A",,"A",,"A",
112288, 1,"R",273,"A",,"A",,"R",273,"A",,"A",,"A",,"A",,"A",
112288, 2,"R",273,"A",,"A",,"R",273,"A",,"A",,"A",,"A",,"A",
112367, 1,"R",752,"A",,"A",,"R",752,"A",,"A",,"A",,"A",,"A",
112367, 2,"R",752,"A",,"A",,"R",752,"A",,"A",,"A",,"A",,"A",
112367, 3,"R",752,"A",,"A",,"R",752,"A",,"A",,"A",,"A",,"A",
112385, 1,"R",10977,"R",8804,"R",898,"R",1275,"R",8664,"R",0,"R",72,"R",68,"R",0
112385, 2,"R",10977,"R",8804,"R",898,"R",1275,"R",8664,"R",0,"R",72,"R",68,"R",0
112385, 3,"R",9459,"R",7811,"R",870,"R",778,"R",7683,"R",0,"R",63,"R",65,"R",0
112385,11,"R",1518,"R",993,"R",28,"R",497,"R",981,"R",0,"R",9,"R",3,"R",0
112394, 1,"R",599,"R",0,"R",199,"R",400,"A",,"A",,"A",,"A",,"A",
112394, 2,"R",595,"R",0,"R",195,"R",400,"A",,"A",,"A",,"A",,"A",
112394, 3,"R",589,"R",0,"R",189,"R",400,"A",,"A",,"A",,"A",,"A",
112394,11,"R",6,"R",0,"R",6,"R",0,"A",,"A",,"A",,"A",,"A",
112394,12,"R",4,"R",0,"R",4,"R",0,"A",,"A",,"A",,"A",,"A",
112455, 1,"R",90,"A",,"A",,"R",90,"A",,"A",,"A",,"A",,"A",
112455, 2,"R",90,"A",,"A",,"R",90,"A",,"A",,"A",,"A",,"A",
112525, 1,"R",3833,"A",,"A",,"R",3833,"A",,"A",,"A",,"A",,"A",
112525,12,"R",3833,"A",,"A",,"R",3833,"A",,"A",,"A",,"A",,"A",
112561, 1,"R",2496,"R",394,"R",649,"R",1453,"R",386,"R",0,"R",8,"R",0,"R",0
112561, 2,"R",2496,"R",394,"R",649,"R",1453,"R",386,"R",0,"R",8,"R",0,"R",0
112561, 3,"R",2180,"R",313,"R",616,"R",1251,"R",308,"R",0,"R",5,"R",0,"R",0
112561,11,"R",316,"R",81,"R",33,"R",202,"R",78,"R",0,"R",3,"R",0,"R",0
112570, 1,"R",540,"Z",0,"R",150,"R",390,"A",,"A",,"A",,"A",,"A",
112570, 2,"R",540,"Z",0,"R",150,"R",390,"A",,"A",,"A",,"A",,"A",
112570, 3,"R",540,"Z",0,"R",150,"R",390,"A",,"A",,"A",,"A",,"A",
112686, 1,"R",7046,"R",754,"R",787,"R",5505,"R",739,"R",0,"R",5,"R",10,"R",0
112686, 2,"R",7046,"R",754,"R",787,"R",5505,"R",739,"R",0,"R",5,"R",10,"R",0
112686, 3,"R",5605,"R",673,"R",691,"R",4241,"R",660,"R",0,"R",4,"R",9,"R",0
112686,11,"R",1441,"R",81,"R",96,"R",1264,"R",79,"R",0,"R",1,"R",1,"R",0
112826, 1,"R",7193,"R",841,"R",1106,"R",5246,"R",820,"R",0,"R",16,"R",5,"R",0
112826, 2,"R",7193,"R",841,"R",1106,"R",5246,"R",820,"R",0,"R",16,"R",5,"R",0
112826, 3,"R",5702,"R",719,"R",1078,"R",3905,"R",702,"R",0,"R",13,"R",4,"R",0
112826,11,"R",1491,"R",122,"R",28,"R",1341,"R",118,"R",0,"R",3,"R",1,"R",0
113096, 1,"R",14193,"R",2077,"R",2184,"R",9932,"R",2069,"R",0,"R",6,"R",2,"R",0
113096, 2,"R",14193,"R",2077,"R",2184,"R",9932,"R",2069,"R",0,"R",6,"R",2,"R",0
113096, 3,"R",13045,"R",1864,"R",2147,"R",9034,"R",1858,"R",0,"R",4,"R",2,"R",0
113096,11,"R",1148,"R",213,"R",37,"R",898,"R",211,"R",0,"R",2,"R",0,"R",0
113111, 1,"R",6552,"R",751,"R",1256,"R",4545,"R",737,"R",0,"R",8,"R",6,"R",0
113111, 2,"R",6552,"R",751,"R",1256,"R",4545,"R",737,"R",0,"R",8,"R",6,"R",0
113111, 3,"R",5661,"R",639,"R",1194,"R",3828,"R",627,"R",0,"R",6,"R",6,"R",0
113111,11,"R",891,"R",112,"R",62,"R",717,"R",110,"R",0,"R",2,"R",0,"R",0
113193, 1,"R",11024,"R",1375,"R",2099,"R",7550,"R",1359,"R",12,"R",0,"R",4,"R",0
113193, 2,"R",11024,"R",1375,"R",2099,"R",7550,"R",1359,"R",12,"R",0,"R",4,"R",0
113193, 3,"R",7853,"R",1147,"R",1999,"R",4707,"R",1133,"R",12,"R",0,"R",2,"R",0
113193,11,"R",3171,"R",228,"R",100,"R",2843,"R",226,"R",0,"R",0,"R",2,"R",0
113218, 1,"R",8824,"R",1834,"R",1823,"R",5167,"R",1834,"R",0,"R",0,"R",0,"R",0
113218, 2,"R",8824,"R",1834,"R",1823,"R",5167,"R",1834,"R",0,"R",0,"R",0,"R",0
113218, 3,"R",7412,"R",1605,"R",1672,"R",4135,"R",1605,"R",0,"R",0,"R",0,"R",0
113218,11,"R",1412,"R",229,"R",151,"R",1032,"R",229,"R",0,"R",0,"R",0,"R",0
113236, 1,"R",15794,"R",1155,"R",2844,"R",11795,"R",1152,"R",0,"R",3,"R",0,"R",0
113236, 2,"R",15794,"R",1155,"R",2844,"R",11795,"R",1152,"R",0,"R",3,"R",0,"R",0
113236, 3,"R",14068,"R",973,"R",2764,"R",10331,"R",971,"R",0,"R",2,"R",0,"R",0
113236,11,"R",1726,"R",182,"R",80,"R",1464,"R",181,"R",0,"R",1,"R",0,"R",0
113333, 1,"R",19482,"R",2051,"R",4132,"R",13299,"R",1973,"R",0,"R",35,"R",43,"R",0
113333, 2,"R",19482,"R",2051,"R",4132,"R",13299,"R",1973,"R",0,"R",35,"R",43,"R",0
113333, 3,"R",17325,"R",1782,"R",4012,"R",11531,"R",1712,"R",0,"R",31,"R",39,"R",0
113333,11,"R",2157,"R",269,"R",120,"R",1768,"R",261,"R",0,"R",4,"R",4,"R",0
113449, 1,"R",127,"A",,"A",,"R",127,"A",,"A",,"A",,"A",,"A",
113449, 2,"R",127,"A",,"A",,"R",127,"A",,"A",,"A",,"A",,"A",
113537, 1,"R",30,"A",,"A",,"R",30,"A",,"A",,"A",,"A",,"A",
113537, 2,"R",10,"A",,"A",,"R",10,"A",,"A",,"A",,"A",,"A",
113537, 3,"R",10,"A",,"A",,"R",10,"A",,"A",,"A",,"A",,"A",
113537,12,"R",20,"A",,"A",,"R",20,"A",,"A",,"A",,"A",,"A",
113573, 1,"R",11412,"R",798,"R",2334,"R",8280,"R",789,"R",4,"R",0,"R",5,"R",0
113573, 2,"R",11412,"R",798,"R",2334,"R",8280,"R",789,"R",4,"R",0,"R",5,"R",0
113573, 3,"R",10418,"R",705,"R",2268,"R",7445,"R",697,"R",3,"R",0,"R",5,"R",0
113573,11,"R",994,"R",93,"R",66,"R",835,"R",92,"R",1,"R",0,"R",0,"R",0
113582, 1,"R",98,"A",,"A",,"R",98,"A",,"A",,"A",,"A",,"A",
113582, 2,"R",98,"A",,"A",,"R",98,"A",,"A",,"A",,"A",,"A",
113582, 3,"R",98,"A",,"A",,"R",98,"A",,"A",,"A",,"A",,"A",
113634, 1,"R",20271,"R",2452,"R",4357,"R",13462,"R",2377,"R",0,"R",51,"R",24,"R",0
113634, 2,"R",20271,"R",2452,"R",4357,"R",13462,"R",2377,"R",0,"R",51,"R",24,"R",0
113634, 3,"R",18327,"R",2061,"R",4209,"R",12057,"R",2004,"R",0,"R",37,"R",20,"R",0
113634,11,"R",1944,"R",391,"R",148,"R",1405,"R",373,"R",0,"R",14,"R",4,"R",0
113698, 1,"R",1779,"A",,"A",,"R",1779,"A",,"A",,"A",,"A",,"A",
113698, 2,"R",1355,"A",,"A",,"R",1355,"A",,"A",,"A",,"A",,"A",
113698, 3,"R",1264,"A",,"A",,"R",1264,"A",,"A",,"A",,"A",,"A",
113698,11,"R",91,"A",,"A",,"R",91,"A",,"A",,"A",,"A",,"A",
113698,12,"R",424,"A",,"A",,"R",424,"A",,"A",,"A",,"A",,"A",
113704, 1,"R",57,"Z",0,"R",2,"R",55,"A",,"A",,"A",,"A",,"A",
113704,12,"R",57,"Z",0,"R",2,"R",55,"A",,"A",,"A",,"A",,"A",
113856, 1,"R",39293,"R",2475,"R",3806,"R",33012,"R",2421,"R",0,"R",41,"R",13,"R",0
113856, 2,"R",39293,"R",2475,"R",3806,"R",33012,"R",2421,"R",0,"R",41,"R",13,"R",0
113856, 3,"R",32876,"R",1760,"R",3634,"R",27482,"R",1743,"R",0,"R",6,"R",11,"R",0
113856,11,"R",6417,"R",715,"R",172,"R",5530,"R",678,"R",0,"R",35,"R",2,"R",0
113980, 1,"R",24820,"R",1746,"R",3230,"R",19844,"R",1718,"R",1,"R",16,"R",11,"R",0
113980, 2,"R",24820,"R",1746,"R",3230,"R",19844,"R",1718,"R",1,"R",16,"R",11,"R",0
113980, 3,"R",21292,"R",1528,"R",3188,"R",16576,"R",1509,"R",1,"R",11,"R",7,"R",0
113980,11,"R",3528,"R",218,"R",42,"R",3268,"R",209,"R",0,"R",5,"R",4,"R",0
114044, 1,"R",256,"A",,"A",,"R",256,"A",,"A",,"A",,"A",,"A",
114044, 2,"R",256,"A",,"A",,"R",256,"A",,"A",,"A",,"A",,"A",
114114, 1,"R",189,"A",,"A",,"R",189,"A",,"A",,"A",,"A",,"A",
114114,12,"R",189,"A",,"A",,"R",189,"A",,"A",,"A",,"A",,"A",
114123, 1,"R",400,"A",,"A",,"R",400,"A",,"A",,"A",,"A",,"A",
114123, 2,"R",329,"A",,"A",,"R",329,"A",,"A",,"A",,"A",,"A",
114123, 3,"R",329,"A",,"A",,"R",329,"A",,"A",,"A",,"A",,"A",
114123,12,"R",71,"A",,"A",,"R",71,"A",,"A",,"A",,"A",,"A",
114266, 1,"R",9598,"R",558,"R",1233,"R",7807,"R",551,"R",1,"R",2,"R",4,"R",0
114266, 2,"R",9598,"R",558,"R",1233,"R",7807,"R",551,"R",1,"R",2,"R",4,"R",0
114266, 3,"R",7865,"R",475,"R",1172,"R",6218,"R",469,"R",1,"R",2,"R",3,"R",0
114266,11,"R",1733,"R",83,"R",61,"R",1589,"R",82,"R",0,"R",0,"R",1,"R",0
114354, 1,"R",2221,"R",90,"R",434,"R",1697,"R",79,"R",11,"R",0,"R",0,"R",0
114354, 2,"R",2215,"R",90,"R",428,"R",1697,"R",79,"R",11,"R",0,"R",0,"R",0
114354, 3,"R",2198,"R",90,"R",428,"R",1680,"R",79,"R",11,"R",0,"R",0,"R",0
114354,11,"R",17,"R",0,"R",0,"R",17,"A",,"A",,"A",,"A",,"A",
114354,12,"R",6,"R",0,"R",6,"R",0,"A",,"A",,"A",,"A",,"A",
114390, 1,"R",218,"R",9,"R",53,"R",156,"R",8,"R",1,"R",0,"R",0,"R",0
114390, 2,"R",218,"R",9,"R",53,"R",156,"R",8,"R",1,"R",0,"R",0,"R",0
114390, 3,"R",218,"R",9,"R",53,"R",156,"R",8,"R",1,"R",0,"R",0,"R",0
114415, 1,"R",64,"R",0,"R",5,"R",59,"A",,"A",,"A",,"A",,"A",
114415, 2,"R",64,"R",0,"R",5,"R",59,"A",,"A",,"A",,"A",,"A",
114415, 3,"R",64,"R",0,"R",5,"R",59,"A",,"A",,"A",,"A",,"A",
114433, 1,"R",2216,"R",614,"R",498,"R",1104,"R",613,"R",1,"R",0,"R",0,"R",0
114433, 2,"R",2216,"R",614,"R",498,"R",1104,"R",613,"R",1,"R",0,"R",0,"R",0
114433, 3,"R",1275,"R",608,"R",484,"R",183,"R",607,"R",1,"R",0,"R",0,"R",0
114433,11,"R",941,"R",6,"R",14,"R",921,"R",6,"R",0,"R",0,"R",0,"R",0
114460, 1,"R",346,"A",,"A",,"R",346,"A",,"A",,"A",,"A",,"A",
114460, 2,"R",346,"A",,"A",,"R",346,"A",,"A",,"A",,"A",,"A",
114549, 1,"R",989,"R",110,"R",839,"R",40,"R",19,"R",81,"R",0,"R",10,"R",0
114549,12,"R",989,"R",110,"R",839,"R",40,"R",19,"R",81,"R",0,"R",10,"R",0
114585, 1,"R",324,"R",0,"R",0,"R",324,"A",,"A",,"A",,"A",,"A",
114585,12,"R",324,"R",0,"R",0,"R",324,"A",,"A",,"A",,"A",,"A",
114637, 1,"R",115,"A",,"A",,"R",115,"A",,"A",,"A",,"A",,"A",
114637, 2,"R",115,"A",,"A",,"R",115,"A",,"A",,"A",,"A",,"A",
114716, 1,"R",14732,"R",5547,"R",3095,"R",6090,"R",5248,"R",0,"R",217,"R",82,"R",0
114716, 2,"R",14732,"R",5547,"R",3095,"R",6090,"R",5248,"R",0,"R",217,"R",82,"R",0
114716, 3,"R",13228,"R",4956,"R",2988,"R",5284,"R",4667,"R",0,"R",209,"R",80,"R",0
114716,11,"R",1504,"R",591,"R",107,"R",806,"R",581,"R",0,"R",8,"R",2,"R",0
114734, 1,"R",47,"A",,"A",,"R",47,"A",,"A",,"A",,"A",,"A",
114734,12,"R",47,"A",,"A",,"R",47,"A",,"A",,"A",,"A",,"A",
114761, 1,"R",57,"A",,"A",,"R",57,"A",,"A",,"A",,"A",,"A",
114761, 2,"R",57,"A",,"A",,"R",57,"A",,"A",,"A",,"A",,"A",
114789, 1,"R",24366,"R",2349,"R",2709,"R",19308,"R",2312,"R",0,"R",33,"R",4,"R",0
114789, 2,"R",24366,"R",2349,"R",2709,"R",19308,"R",2312,"R",0,"R",33,"R",4,"R",0
114789, 3,"R",20888,"R",1874,"R",2551,"R",16463,"R",1852,"R",0,"R",18,"R",4,"R",0
114789,11,"R",3478,"R",475,"R",158,"R",2845,"R",460,"R",0,"R",15,"R",0,"R",0
114813, 1,"R",4292,"R",639,"R",1841,"R",1812,"R",576,"R",0,"R",0,"R",0,"R",63
114813, 2,"R",2906,"R",391,"R",1371,"R",1144,"R",382,"R",0,"R",0,"R",0,"R",9
114813, 3,"R",2888,"R",388,"R",1368,"R",1132,"R",379,"R",0,"R",0,"R",0,"R",9
114813,11,"R",18,"R",3,"R",3,"R",12,"R",3,"Z",0,"Z",0,"Z",0,"R",0
114813,12,"R",1386,"R",248,"R",470,"R",668,"R",194,"Z",0,"Z",0,"Z",0,"R",54
114840, 1,"R",2361,"R",1082,"R",291,"R",988,"R",317,"R",634,"R",2,"R",129,"R",0
114840,12,"R",2361,"R",1082,"R",291,"R",988,"R",317,"R",634,"R",2,"R",129,"R",0
114859, 1,"R",22644,"R",1719,"R",3413,"R",17512,"R",1714,"R",2,"R",3,"R",0,"R",0
114859, 2,"R",22644,"R",1719,"R",3413,"R",17512,"R",1714,"R",2,"R",3,"R",0,"R",0
114859, 3,"R",20260,"R",1434,"R",3342,"R",15484,"R",1430,"R",2,"R",2,"R",0,"R",0
114859,11,"R",2384,"R",285,"R",71,"R",2028,"R",284,"R",0,"R",1,"R",0,"R",0
114938, 1,"R",5649,"R",449,"R",1392,"R",3808,"R",447,"R",1,"R",1,"R",0,"R",0
114938, 2,"R",5649,"R",449,"R",1392,"R",3808,"R",447,"R",1,"R",1,"R",0,"R",0
114938, 3,"R",4656,"R",353,"R",1215,"R",3088,"R",352,"R",0,"R",1,"R",0,"R",0
114938,11,"R",993,"R",96,"R",177,"R",720,"R",95,"R",1,"R",0,"R",0,"R",0
114947, 1,"R",197,"A",,"A",,"R",197,"A",,"A",,"A",,"A",,"A",
114947, 2,"R",197,"A",,"A",,"R",197,"A",,"A",,"A",,"A",,"A",
115001, 1,"R",13892,"R",954,"R",3049,"R",9889,"R",921,"R",0,"R",24,"R",9,"R",0
115001, 2,"R",13892,"R",954,"R",3049,"R",9889,"R",921,"R",0,"R",24,"R",9,"R",0
115001, 3,"R",12570,"R",838,"R",3003,"R",8729,"R",812,"R",0,"R",17,"R",9,"R",0
115001,11,"R",1322,"R",116,"R",46,"R",1160,"R",109,"R",0,"R",7,"R",0,"R",0
115010, 1,"R",600,"R",0,"R",0,"R",600,"A",,"A",,"A",,"A",,"A",
115010, 2,"R",600,"R",0,"R",0,"R",600,"A",,"A",,"A",,"A",,"A",
115010, 3,"R",600,"R",0,"R",0,"R",600,"A",,"A",,"A",,"A",,"A",
115083, 1,"R",2515,"R",784,"R",476,"R",1255,"R",544,"R",67,"Z",0,"R",53,"R",120
115083, 2,"R",415,"R",155,"R",238,"R",22,"R",139,"R",15,"Z",0,"R",1,"R",0
115083, 3,"R",404,"R",151,"R",232,"R",21,"R",136,"R",14,"Z",0,"R",1,"R",0
115083,11,"R",11,"R",4,"R",6,"R",1,"R",3,"R",1,"Z",0,"Z",0,"R",0
115083,12,"R",2100,"R",629,"R",238,"R",1233,"R",405,"R",52,"Z",0,"R",52,"R",120
115126, 1,"R",11621,"R",1610,"R",2809,"R",7202,"R",1568,"R",0,"R",21,"R",21,"R",0
115126, 2,"R",11621,"R",1610,"R",2809,"R",7202,"R",1568,"R",0,"R",21,"R",21,"R",0
115126, 3,"R",10881,"R",1473,"R",2763,"R",6645,"R",1435,"R",0,"R",19,"R",19,"R",0
115126,11,"R",740,"R",137,"R",46,"R",557,"R",133,"R",0,"R",2,"R",2,"R",0
115214, 1,"R",196,"R",0,"R",10,"R",186,"A",,"A",,"A",,"A",,"A",
115214,12,"R",196,"R",0,"R",10,"R",186,"A",,"A",,"A",,"A",,"A",
115296, 1,"R",17835,"R",2337,"R",3900,"R",11598,"R",2287,"R",0,"R",31,"R",19,"R",0
115296, 2,"R",17835,"R",2337,"R",3900,"R",11598,"R",2287,"R",0,"R",31,"R",19,"R",0
115296, 3,"R",15838,"R",2091,"R",3768,"R",9979,"R",2045,"R",0,"R",27,"R",19,"R",0
115296,11,"R",1997,"R",246,"R",132,"R",1619,"R",242,"R",0,"R",4,"R",0,"R",0
115357, 1,"R",84,"A",,"A",,"R",84,"A",,"A",,"A",,"A",,"A",
115357, 2,"R",84,"A",,"A",,"R",84,"A",,"A",,"A",,"A",,"A",
115393, 1,"R",12521,"R",433,"R",1446,"R",10642,"R",430,"R",0,"R",3,"R",0,"R",0
115393, 2,"R",12521,"R",433,"R",1446,"R",10642,"R",430,"R",0,"R",3,"R",0,"R",0
115393, 3,"R",11274,"R",378,"R",1412,"R",9484,"R",375,"R",0,"R",3,"R",0,"R",0
115393,11,"R",1247,"R",55,"R",34,"R",1158,"R",55,"R",0,"R",0,"R",0,"R",0
115409, 1,"R",902,"A",,"A",,"R",902,"A",,"A",,"A",,"A",,"A",
115409, 2,"R",902,"A",,"A",,"R",902,"A",,"A",,"A",,"A",,"A",
115409, 3,"R",886,"A",,"A",,"R",886,"A",,"A",,"A",,"A",,"A",
115409,11,"R",16,"A",,"A",,"R",16,"A",,"A",,"A",,"A",,"A",
115658, 1,"R",96,"A",,"A",,"R",96,"A",,"A",,"A",,"A",,"A",
115658, 2,"R",96,"A",,"A",,"R",96,"A",,"A",,"A",,"A",,"A",
115728, 1,"R",960,"Z",0,"R",44,"R",916,"A",,"A",,"A",,"A",,"A",
115728, 2,"R",632,"Z",0,"R",8,"R",624,"A",,"A",,"A",,"A",,"A",
115728, 3,"R",626,"Z",0,"R",8,"R",618,"A",,"A",,"A",,"A",,"A",
115728,11,"R",6,"Z",0,"R",0,"R",6,"A",,"A",,"A",,"A",,"A",
115728,12,"R",328,"Z",0,"R",36,"R",292,"A",,"A",,"A",,"A",,"A",
115746, 1,"R",871,"A",,"A",,"R",871,"A",,"A",,"A",,"A",,"A",
115746,12,"R",871,"A",,"A",,"R",871,"A",,"A",,"A",,"A",,"A",
115755, 1,"R",7972,"R",300,"R",1865,"R",5807,"R",281,"R",19,"Z",0,"R",0,"R",0
115755, 2,"R",7319,"R",174,"R",1722,"R",5423,"R",169,"R",5,"Z",0,"R",0,"R",0
115755, 3,"R",7300,"R",170,"R",1716,"R",5414,"R",165,"R",5,"Z",0,"R",0,"R",0
115755,11,"R",19,"R",4,"R",6,"R",9,"R",4,"R",0,"Z",0,"R",0,"R",0
115755,12,"R",653,"R",126,"R",143,"R",384,"R",112,"R",14,"Z",0,"R",0,"R",0
115773, 1,"R",463,"R",76,"R",156,"R",231,"R",76,"Z",0,"Z",0,"Z",0,"R",0
115773, 2,"R",317,"R",39,"R",132,"R",146,"R",39,"Z",0,"Z",0,"Z",0,"R",0
115773, 3,"R",315,"R",39,"R",131,"R",145,"R",39,"Z",0,"Z",0,"Z",0,"R",0
115773,11,"R",2,"Z",0,"R",1,"R",1,"A",,"A",,"A",,"A",,"A",
115773,12,"R",146,"R",37,"R",24,"R",85,"R",37,"Z",0,"Z",0,"Z",0,"R",0
115861, 1,"R",8340,"R",244,"R",1716,"R",6380,"R",233,"R",0,"R",11,"R",0,"R",0
115861, 2,"R",8340,"R",244,"R",1716,"R",6380,"R",233,"R",0,"R",11,"R",0,"R",0
115861, 3,"R",7265,"R",211,"R",1640,"R",5414,"R",201,"R",0,"R",10,"R",0,"R",0
115861,11,"R",1075,"R",33,"R",76,"R",966,"R",32,"R",0,"R",1,"R",0,"R",0
115931, 1,"R",539,"R",0,"R",45,"R",494,"A",,"A",,"A",,"A",,"A",
115931, 2,"R",539,"R",0,"R",45,"R",494,"A",,"A",,"A",,"A",,"A",
115931, 3,"R",539,"R",0,"R",45,"R",494,"A",,"A",,"A",,"A",,"A",
116226, 1,"R",192,"A",,"A",,"R",192,"A",,"A",,"A",,"A",,"A",
116226, 2,"R",184,"A",,"A",,"R",184,"A",,"A",,"A",,"A",,"A",
116226, 3,"R",184,"A",,"A",,"R",184,"A",,"A",,"A",,"A",,"A",
116226,12,"R",8,"A",,"A",,"R",8,"A",,"A",,"A",,"A",,"A",
116350, 1,"R",197,"A",,"A",,"R",197,"A",,"A",,"A",,"A",,"A",
116350, 2,"R",197,"A",,"A",,"R",197,"A",,"A",,"A",,"A",,"A",
116439, 1,"R",13052,"R",1605,"R",3611,"R",7836,"R",1554,"R",0,"R",21,"R",30,"R",0
116439, 2,"R",13052,"R",1605,"R",3611,"R",7836,"R",1554,"R",0,"R",21,"R",30,"R",0
116439, 3,"R",11253,"R",1186,"R",3471,"R",6596,"R",1145,"R",0,"R",18,"R",23,"R",0
116439,11,"R",1799,"R",419,"R",140,"R",1240,"R",409,"R",0,"R",3,"R",7,"R",0
116563, 1,"R",159,"A",,"A",,"R",159,"A",,"A",,"A",,"A",,"A",
116563, 2,"R",159,"A",,"A",,"R",159,"A",,"A",,"A",,"A",,"A",
116712, 1,"R",920,"R",185,"R",261,"R",474,"R",73,"R",108,"R",0,"R",4,"R",0
116712, 2,"R",188,"R",112,"R",30,"R",46,"R",50,"R",60,"R",0,"R",2,"R",0
116712, 3,"R",187,"R",112,"R",30,"R",45,"R",50,"R",60,"R",0,"R",2,"R",0
116712,11,"R",1,"R",0,"R",0,"R",1,"A",,"A",,"A",,"A",,"A",
116712,12,"R",732,"R",73,"R",231,"R",428,"R",23,"R",48,"R",0,"R",2,"R",0
116846, 1,"R",168,"A",,"A",,"R",168,"A",,"A",,"A",,"A",,"A",
116846, 2,"R",68,"A",,"A",,"R",68,"A",,"A",,"A",,"A",,"A",
116846, 3,"R",67,"A",,"A",,"R",67,"A",,"A",,"A",,"A",,"A",
116846,11,"R",1,"A",,"A",,"R",1,"A",,"A",,"A",,"A",,"A",
116846,12,"R",100,"A",,"A",,"R",100,"A",,"A",,"A",,"A",,"A",
117052, 1,"R",11189,"R",1690,"R",1387,"R",8112,"R",1644,"R",0,"R",45,"R",1,"R",0
117052, 2,"R",11189,"R",1690,"R",1387,"R",8112,"R",1644,"R",0,"R",45,"R",1,"R",0
117052, 3,"R",8626,"R",1399,"R",1291,"R",5936,"R",1374,"R",0,"R",24,"R",1,"R",0
117052,11,"R",2563,"R",291,"R",96,"R",2176,"R",270,"R",0,"R",21,"R",0,"R",0
117104, 1,"R",619,"R",142,"R",114,"R",363,"R",60,"R",70,"R",0,"R",12,"R",0
117104, 2,"R",530,"R",91,"R",76,"R",363,"R",41,"R",50,"R",0,"R",0,"R",0
117104, 3,"R",504,"R",68,"R",76,"R",360,"R",22,"R",46,"Z",0,"Z",0,"R",0
117104,11,"R",26,"R",23,"R",0,"R",3,"R",19,"R",4,"R",0,"R",0,"R",0
117104,12,"R",89,"R",51,"R",38,"R",0,"R",19,"R",20,"Z",0,"R",12,"R",0
117140, 1,"R",8064,"R",947,"R",766,"R",6351,"R",941,"R",5,"R",1,"R",0,"R",0
117140, 2,"R",5149,"R",505,"R",551,"R",4093,"R",502,"R",2,"R",1,"R",0,"R",0
117140, 3,"R",5098,"R",501,"R",547,"R",4050,"R",498,"R",2,"R",1,"R",0,"R",0
117140,11,"R",51,"R",4,"R",4,"R",43,"R",4,"R",0,"R",0,"R",0,"R",0
117140,12,"R",2915,"R",442,"R",215,"R",2258,"R",439,"R",3,"R",0,"R",0,"R",0
117168, 1,"R",758,"R",0,"R",218,"R",540,"A",,"A",,"A",,"A",,"A",
117168, 2,"R",705,"R",0,"R",200,"R",505,"A",,"A",,"A",,"A",,"A",
117168, 3,"R",705,"R",0,"R",200,"R",505,"A",,"A",,"A",,"A",,"A",
117168,12,"R",53,"R",0,"R",18,"R",35,"A",,"A",,"A",,"A",,"A",
117195, 1,"R",2404,"R",1037,"R",440,"R",927,"R",986,"R",9,"R",42,"R",0,"R",0
117195, 2,"R",2404,"R",1037,"R",440,"R",927,"R",986,"R",9,"R",42,"R",0,"R",0
117195, 3,"R",2006,"R",879,"R",360,"R",767,"R",838,"R",8,"R",33,"R",0,"R",0
117195,11,"R",398,"R",158,"R",80,"R",160,"R",148,"R",1,"R",9,"R",0,"R",0
117238, 1,"R",128,"A",,"A",,"R",128,"A",,"A",,"A",,"A",,"A",
117238, 2,"R",128,"A",,"A",,"R",128,"A",,"A",,"A",,"A",,"A",
117247, 1,"R",10404,"R",1161,"R",1204,"R",8039,"R",1089,"R",0,"R",28,"R",44,"R",0
117247, 2,"R",10404,"R",1161,"R",1204,"R",8039,"R",1089,"R",0,"R",28,"R",44,"R",0
117247, 3,"R",8271,"R",992,"R",1091,"R",6188,"R",929,"R",0,"R",23,"R",40,"R",0
117247,11,"R",2133,"R",169,"R",113,"R",1851,"R",160,"R",0,"R",5,"R",4,"R",0
117274, 1,"R",2660,"R",1124,"R",380,"R",1156,"R",1120,"R",0,"R",4,"R",0,"R",0
117274, 2,"R",2660,"R",1124,"R",380,"R",1156,"R",1120,"R",0,"R",4,"R",0,"R",0
117274, 3,"R",2343,"R",930,"R",359,"R",1054,"R",928,"R",0,"R",2,"R",0,"R",0
117274,11,"R",317,"R",194,"R",21,"R",102,"R",192,"R",0,"R",2,"R",0,"R",0
117520, 1,"R",637,"R",7,"R",56,"R",574,"R",3,"R",3,"R",0,"R",1,"R",0
117520,12,"R",637,"R",7,"R",56,"R",574,"R",3,"R",3,"R",0,"R",1,"R",0
117557, 1,"R",572,"A",,"A",,"R",572,"A",,"A",,"A",,"A",,"A",
117557, 2,"R",91,"A",,"A",,"R",91,"A",,"A",,"A",,"A",,"A",
117557, 3,"R",91,"A",,"A",,"R",91,"A",,"A",,"A",,"A",,"A",
117557,12,"R",481,"A",,"A",,"R",481,"A",,"A",,"A",,"A",,"A",
117575, 1,"R",197,"R",110,"R",42,"R",45,"R",76,"R",30,"R",0,"R",4,"R",0
117575, 2,"R",50,"R",23,"R",11,"R",16,"R",17,"R",6,"R",0,"R",0,"R",0
117575, 3,"R",50,"R",23,"R",11,"R",16,"R",17,"R",6,"R",0,"R",0,"R",0
117575,12,"R",147,"R",87,"R",31,"R",29,"R",59,"R",24,"R",0,"R",4,"R",0
117627, 1,"R",2339,"R",2,"R",0,"R",2337,"R",0,"R",2,"R",0,"R",0,"R",0
117627, 2,"R",1825,"R",0,"R",0,"R",1825,"A",,"A",,"A",,"A",,"A",
117627, 3,"R",1666,"R",0,"R",0,"R",1666,"A",,"A",,"A",,"A",,"A",
117627,11,"R",159,"R",0,"R",0,"R",159,"A",,"A",,"A",,"A",,"A",
117627,12,"R",514,"R",2,"R",0,"R",512,"R",0,"R",2,"R",0,"R",0,"R",0
117636, 1,"R",4448,"R",236,"R",468,"R",3744,"R",213,"R",20,"R",1,"R",2,"R",0
117636, 2,"R",1192,"R",137,"R",278,"R",777,"R",133,"R",3,"R",1,"R",0,"R",0
117636, 3,"R",1052,"R",126,"R",278,"R",648,"R",123,"R",3,"R",0,"R",0,"R",0
117636,11,"R",140,"R",11,"R",0,"R",129,"R",10,"R",0,"R",1,"R",0,"R",0
117636,12,"R",3256,"R",99,"R",190,"R",2967,"R",80,"R",17,"R",0,"R",2,"R",0
117645, 1,"R",23845,"R",1512,"R",4527,"R",17806,"R",1494,"R",0,"R",12,"R",6,"R",0
117645, 2,"R",23845,"R",1512,"R",4527,"R",17806,"R",1494,"R",0,"R",12,"R",6,"R",0
117645, 3,"R",22784,"R",1378,"R",4468,"R",16938,"R",1363,"R",0,"R",10,"R",5,"R",0
117645,11,"R",1061,"R",134,"R",59,"R",868,"R",131,"R",0,"R",2,"R",1,"R",0
117672, 1,"R",1211,"R",35,"R",0,"R",1176,"R",34,"R",1,"R",0,"R",0,"R",0
117672, 2,"R",654,"R",35,"R",0,"R",619,"R",34,"R",1,"R",0,"R",0,"R",0
117672, 3,"R",112,"R",0,"R",0,"R",112,"A",,"A",,"A",,"A",,"A",
117672,11,"R",542,"R",35,"R",0,"R",507,"R",34,"R",1,"R",0,"R",0,"R",0
117672,12,"R",557,"A",,"A",,"R",557,"A",,"A",,"A",,"A",,"A",
117690, 1,"R",8853,"R",1693,"R",1915,"R",5245,"R",1675,"R",0,"R",6,"R",12,"R",0
117690, 2,"R",8853,"R",1693,"R",1915,"R",5245,"R",1675,"R",0,"R",6,"R",12,"R",0
117690, 3,"R",7091,"R",1424,"R",1800,"R",3867,"R",1409,"R",0,"R",4,"R",11,"R",0
117690,11,"R",1762,"R",269,"R",115,"R",1378,"R",266,"R",0,"R",2,"R",1,"R",0
117706, 1,"R",18799,"R",1891,"R",2819,"R",14089,"R",1862,"R",0,"R",20,"R",9,"R",0
117706, 2,"R",18799,"R",1891,"R",2819,"R",14089,"R",1862,"R",0,"R",20,"R",9,"R",0
117706, 3,"R",16482,"R",1615,"R",2701,"R",12166,"R",1589,"R",0,"R",17,"R",9,"R",0
117706,11,"R",2317,"R",276,"R",118,"R",1923,"R",273,"R",0,"R",3,"R",0,"R",0
117715, 1,"R",6072,"R",939,"R",1022,"R",4111,"R",923,"R",0,"R",10,"R",6,"R",0
117715, 2,"R",6072,"R",939,"R",1022,"R",4111,"R",923,"R",0,"R",10,"R",6,"R",0
117715, 3,"R",4712,"R",789,"R",919,"R",3004,"R",780,"R",0,"R",4,"R",5,"R",0
117715,11,"R",1360,"R",150,"R",103,"R",1107,"R",143,"R",0,"R",6,"R",1,"R",0
117724, 1,"R",14001,"R",399,"R",1028,"R",12574,"R",395,"R",0,"R",4,"R",0,"R",0
117724, 2,"R",14001,"R",399,"R",1028,"R",12574,"R",395,"R",0,"R",4,"R",0,"R",0
117724, 3,"R",10816,"R",307,"R",989,"R",9520,"R",304,"R",0,"R",3,"R",0,"R",0
117724,11,"R",3185,"R",92,"R",39,"R",3054,"R",91,"R",0,"R",1,"R",0,"R",0
117733, 1,"R",17602,"R",3373,"R",4107,"R",10122,"R",3321,"R",0,"R",18,"R",34,"R",0
117733, 2,"R",17602,"R",3373,"R",4107,"R",10122,"R",3321,"R",0,"R",18,"R",34,"R",0
117733, 3,"R",15106,"R",2823,"R",3923,"R",8360,"R",2781,"R",0,"R",11,"R",31,"R",0
117733,11,"R",2496,"R",550,"R",184,"R",1762,"R",540,"R",0,"R",7,"R",3,"R",0
117751, 1,"R",2057,"R",404,"R",13,"R",1640,"R",170,"R",114,"Z",0,"R",40,"R",80
117751, 2,"R",1387,"R",327,"R",13,"R",1047,"R",132,"R",91,"Z",0,"R",24,"R",80
117751, 3,"R",1185,"R",248,"R",13,"R",924,"R",98,"R",58,"Z",0,"R",12,"R",80
117751,11,"R",202,"R",79,"Z",0,"R",123,"R",34,"R",33,"Z",0,"R",12,"R",0
117751,12,"R",670,"R",77,"Z",0,"R",593,"R",38,"R",23,"Z",0,"R",16,"R",0
117788, 1,"R",15865,"R",2546,"R",1975,"R",11344,"R",2484,"R",0,"R",23,"R",39,"R",0
117788, 2,"R",15865,"R",2546,"R",1975,"R",11344,"R",2484,"R",0,"R",23,"R",39,"R",0
117788, 3,"R",12648,"R",2209,"R",1949,"R",8490,"R",2163,"R",0,"R",16,"R",30,"R",0
117788,11,"R",3217,"R",337,"R",26,"R",2854,"R",321,"R",0,"R",7,"R",9,"R",0
117803, 1,"R",212,"A",,"A",,"R",212,"A",,"A",,"A",,"A",,"A",
117803, 2,"R",212,"A",,"A",,"R",212,"A",,"A",,"A",,"A",,"A",
117803, 3,"R",212,"A",,"A",,"R",212,"A",,"A",,"A",,"A",,"A",
117867, 1,"R",10272,"R",1667,"R",1541,"R",7064,"R",1651,"R",0,"R",10,"R",6,"R",0
117867, 2,"R",10272,"R",1667,"R",1541,"R",7064,"R",1651,"R",0,"R",10,"R",6,"R",0
117867, 3,"R",8315,"R",1330,"R",1484,"R",5501,"R",1322,"R",0,"R",4,"R",4,"R",0
117867,11,"R",1957,"R",337,"R",57,"R",1563,"R",329,"R",0,"R",6,"R",2,"R",0
117894, 1,"R",9747,"R",739,"R",1382,"R",7626,"R",728,"R",0,"R",9,"R",2,"R",0
117894, 2,"R",9747,"R",739,"R",1382,"R",7626,"R",728,"R",0,"R",9,"R",2,"R",0
117894, 3,"R",8577,"R",637,"R",1354,"R",6586,"R",626,"R",0,"R",9,"R",2,"R",0
117894,11,"R",1170,"R",102,"R",28,"R",1040,"R",102,"R",0,"R",0,"R",0,"R",0
117946, 1,"R",9838,"R",48,"R",532,"R",9258,"R",25,"R",23,"R",0,"R",0,"R",0
117946, 2,"R",6700,"R",0,"R",101,"R",6599,"A",,"A",,"A",,"A",,"A",
117946, 3,"R",6557,"R",0,"R",101,"R",6456,"A",,"A",,"A",,"A",,"A",
117946,11,"R",143,"R",0,"R",0,"R",143,"A",,"A",,"A",,"A",,"A",
117946,12,"R",3138,"R",48,"R",431,"R",2659,"R",25,"R",23,"R",0,"R",0,"R",0
117955, 1,"R",199,"A",,"A",,"R",199,"A",,"A",,"A",,"A",,"A",
117955, 2,"R",199,"A",,"A",,"R",199,"A",,"A",,"A",,"A",,"A",
118134, 1,"R",75,"A",,"A",,"R",75,"A",,"A",,"A",,"A",,"A",
118134, 2,"R",75,"A",,"A",,"R",75,"A",,"A",,"A",,"A",,"A",
118143, 1,"R",67,"A",,"A",,"R",67,"A",,"A",,"A",,"A",,"A",
118143, 2,"R",67,"A",,"A",,"R",67,"A",,"A",,"A",,"A",,"A",
118161, 1,"R",110,"A",,"A",,"R",110,"A",,"A",,"A",,"A",,"A",
118161, 2,"R",110,"A",,"A",,"R",110,"A",,"A",,"A",,"A",,"A",
118189, 1,"R",80,"A",,"A",,"R",80,"A",,"A",,"A",,"A",,"A",
118189, 2,"R",80,"A",,"A",,"R",80,"A",,"A",,"A",,"A",,"A",
118198, 1,"R",787,"R",14,"Z",0,"R",773,"R",14,"Z",0,"Z",0,"Z",0,"R",0
118198, 2,"R",787,"R",14,"Z",0,"R",773,"R",14,"Z",0,"Z",0,"Z",0,"R",0
118198, 3,"R",787,"R",14,"Z",0,"R",773,"R",14,"Z",0,"Z",0,"Z",0,"R",0
118347, 1,"R",5026,"R",157,"R",436,"R",4433,"R",157,"R",0,"R",0,"R",0,"R",0
118347, 2,"R",5026,"R",157,"R",436,"R",4433,"R",157,"R",0,"R",0,"R",0,"R",0
118347, 3,"R",4082,"R",131,"R",422,"R",3529,"R",131,"R",0,"R",0,"R",0,"R",0
118347,11,"R",944,"R",26,"R",14,"R",904,"R",26,"R",0,"R",0,"R",0,"R",0
118541, 1,"R",761,"R",9,"R",303,"R",449,"R",8,"R",1,"R",0,"R",0,"R",0
118541, 2,"R",735,"R",5,"R",300,"R",430,"R",5,"R",0,"R",0,"R",0,"R",0
118541, 3,"R",735,"R",5,"R",300,"R",430,"R",5,"R",0,"R",0,"R",0,"R",0
118541,12,"R",26,"R",4,"R",3,"R",19,"R",3,"R",1,"R",0,"R",0,"R",0
118684, 1,"R",3898,"R",620,"R",825,"R",2453,"R",608,"R",0,"R",10,"R",2,"R",0
118684, 2,"R",3898,"R",620,"R",825,"R",2453,"R",608,"R",0,"R",10,"R",2,"R",0
118684, 3,"R",3006,"R",503,"R",747,"R",1756,"R",493,"R",0,"R",9,"R",1,"R",0
118684,11,"R",892,"R",117,"R",78,"R",697,"R",115,"R",0,"R",1,"R",1,"R",0
118693, 1,"R",775,"A",,"A",,"R",775,"A",,"A",,"A",,"A",,"A",
118693, 2,"R",775,"A",,"A",,"R",775,"A",,"A",,"A",,"A",,"A",
118693, 3,"R",706,"A",,"A",,"R",706,"A",,"A",,"A",,"A",,"A",
118693,11,"R",69,"A",,"A",,"R",69,"A",,"A",,"A",,"A",,"A",
118718, 1,"R",10995,"R",514,"R",2258,"R",8223,"R",509,"R",0,"R",5,"R",0,"R",0
118718, 2,"R",10995,"R",514,"R",2258,"R",8223,"R",509,"R",0,"R",5,"R",0,"R",0
118718, 3,"R",9873,"R",395,"R",2189,"R",7289,"R",391,"R",0,"R",4,"R",0,"R",0
118718,11,"R",1122,"R",119,"R",69,"R",934,"R",118,"R",0,"R",1,"R",0,"R",0
118772, 1,"R",7453,"R",2019,"R",1102,"R",4332,"R",1849,"R",0,"R",74,"R",96,"R",0
118772, 2,"R",7453,"R",2019,"R",1102,"R",4332,"R",1849,"R",0,"R",74,"R",96,"R",0
118772, 3,"R",5942,"R",1588,"R",1023,"R",3331,"R",1471,"R",0,"R",29,"R",88,"R",0
118772,11,"R",1511,"R",431,"R",79,"R",1001,"R",378,"R",0,"R",45,"R",8,"R",0
118888, 1,"R",1257,"R",0,"R",0,"R",1257,"A",,"A",,"A",,"A",,"A",
118888, 2,"R",768,"A",,"A",,"R",768,"A",,"A",,"A",,"A",,"A",
118888, 3,"R",757,"A",,"A",,"R",757,"A",,"A",,"A",,"A",,"A",
118888,11,"R",11,"A",,"A",,"R",11,"A",,"A",,"A",,"A",,"A",
118888,12,"R",489,"R",0,"R",0,"R",489,"A",,"A",,"A",,"A",,"A",
118912, 1,"R",13720,"R",2748,"R",3835,"R",7137,"R",2689,"R",0,"R",31,"R",28,"R",0
118912, 2,"R",13720,"R",2748,"R",3835,"R",7137,"R",2689,"R",0,"R",31,"R",28,"R",0
118912, 3,"R",12960,"R",2419,"R",3792,"R",6749,"R",2379,"R",0,"R",15,"R",25,"R",0
118912,11,"R",760,"R",329,"R",43,"R",388,"R",310,"R",0,"R",16,"R",3,"R",0
118930, 1,"R",7780,"R",1113,"R",1626,"R",5041,"R",1102,"R",8,"R",0,"R",3,"R",0
118930, 2,"R",7780,"R",1113,"R",1626,"R",5041,"R",1102,"R",8,"R",0,"R",3,"R",0
118930, 3,"R",6452,"R",896,"R",1471,"R",4085,"R",887,"R",7,"R",0,"R",2,"R",0
118930,11,"R",1328,"R",217,"R",155,"R",956,"R",215,"R",1,"R",0,"R",1,"R",0
118958, 1,"R",50,"A",,"A",,"R",50,"A",,"A",,"A",,"A",,"A",
118958, 2,"R",50,"A",,"A",,"R",50,"A",,"A",,"A",,"A",,"A",
118976, 1,"R",17908,"R",2500,"R",5170,"R",10238,"R",2484,"R",0,"R",15,"R",1,"R",0
118976, 2,"R",17908,"R",2500,"R",5170,"R",10238,"R",2484,"R",0,"R",15,"R",1,"R",0
118976, 3,"R",16453,"R",2201,"R",5031,"R",9221,"R",2189,"R",0,"R",11,"R",1,"R",0
118976,11,"R",1455,"R",299,"R",139,"R",1017,"R",295,"R",0,"R",4,"R",0,"R",0
118994, 1,"R",273,"A",,"A",,"R",273,"A",,"A",,"A",,"A",,"A",
118994, 2,"R",273,"A",,"A",,"R",273,"A",,"A",,"A",,"A",,"A",
119058, 1,"R",670,"A",,"A",,"R",670,"A",,"A",,"A",,"A",,"A",
119058, 2,"R",5,"A",,"A",,"R",5,"A",,"A",,"A",,"A",,"A",
119058, 3,"R",5,"A",,"A",,"R",5,"A",,"A",,"A",,"A",,"A",
119058,12,"R",665,"A",,"A",,"R",665,"A",,"A",,"A",,"A",,"A",
119067, 1,"R",8017,"R",792,"R",1712,"R",5513,"R",777,"R",0,"R",13,"R",2,"R",0
119067, 2,"R",8017,"R",792,"R",1712,"R",5513,"R",777,"R",0,"R",13,"R",2,"R",0
119067, 3,"R",6927,"R",701,"R",1657,"R",4569,"R",692,"R",0,"R",9,"R",0,"R",0
119067,11,"R",1090,"R",91,"R",55,"R",944,"R",85,"R",0,"R",4,"R",2,"R",0
119137, 1,"R",14357,"R",1805,"R",3166,"R",9386,"R",1796,"R",3,"R",6,"R",0,"R",0
119137, 2,"R",14357,"R",1805,"R",3166,"R",9386,"R",1796,"R",3,"R",6,"R",0,"R",0
119137, 3,"R",13282,"R",1632,"R",3135,"R",8515,"R",1623,"R",3,"R",6,"R",0,"R",0
119137,11,"R",1075,"R",173,"R",31,"R",871,"R",173,"R",0,"R",0,"R",0,"R",0
119164, 1,"R",29346,"R",1137,"R",3720,"R",24489,"R",1129,"R",1,"R",0,"R",7,"R",0
119164, 2,"R",29346,"R",1137,"R",3720,"R",24489,"R",1129,"R",1,"R",0,"R",7,"R",0
119164, 3,"R",26702,"R",1007,"R",3635,"R",22060,"R",999,"R",1,"R",0,"R",7,"R",0
119164,11,"R",2644,"R",130,"R",85,"R",2429,"R",130,"R",0,"R",0,"R",0,"R",0
119173, 1,"R",2965,"R",161,"R",877,"R",1927,"R",154,"R",6,"R",0,"R",1,"R",0
119173, 2,"R",2356,"R",144,"R",843,"R",1369,"R",140,"R",4,"R",0,"R",0,"R",0
119173, 3,"R",2349,"R",142,"R",843,"R",1364,"R",138,"R",4,"R",0,"R",0,"R",0
119173,11,"R",7,"R",2,"R",0,"R",5,"R",2,"R",0,"R",0,"R",0,"R",0
119173,12,"R",609,"R",17,"R",34,"R",558,"R",14,"R",2,"R",0,"R",1,"R",0
119216, 1,"R",15751,"A",,"A",,"R",15751,"A",,"A",,"A",,"A",,"A",
119216, 2,"R",15751,"A",,"A",,"R",15751,"A",,"A",,"A",,"A",,"A",
119216, 3,"R",14703,"A",,"A",,"R",14703,"A",,"A",,"A",,"A",,"A",
119216,11,"R",1048,"A",,"A",,"R",1048,"A",,"A",,"A",,"A",,"A",
119270, 1,"R",1105,"A",,"A",,"R",1105,"A",,"A",,"A",,"A",,"A",
119270, 2,"R",1105,"A",,"A",,"R",1105,"A",,"A",,"A",,"A",,"A",
119270, 3,"R",992,"A",,"A",,"R",992,"A",,"A",,"A",,"A",,"A",
119270,11,"R",113,"A",,"A",,"R",113,"A",,"A",,"A",,"A",,"A",
119331, 1,"R",5503,"R",458,"R",1071,"R",3974,"R",457,"R",0,"R",1,"R",0,"R",0
119331, 2,"R",5503,"R",458,"R",1071,"R",3974,"R",457,"R",0,"R",1,"R",0,"R",0
119331, 3,"R",4887,"R",386,"R",993,"R",3508,"R",385,"R",0,"R",1,"R",0,"R",0
119331,11,"R",616,"R",72,"R",78,"R",466,"R",72,"R",0,"R",0,"R",0,"R",0
119553, 1,"R",1115,"A",,"A",,"R",1115,"A",,"A",,"A",,"A",,"A",
119553, 2,"R",1115,"A",,"A",,"R",1115,"A",,"A",,"A",,"A",,"A",
119605, 1,"R",16930,"R",7627,"R",2685,"R",6618,"R",6463,"R",1111,"R",49,"R",1,"R",3
119605, 2,"R",7735,"R",3130,"R",1666,"R",2939,"R",2657,"R",444,"R",27,"R",1,"R",1
119605, 3,"R",7097,"R",2867,"R",1630,"R",2600,"R",2418,"R",420,"R",27,"R",1,"R",1
119605,11,"R",638,"R",263,"R",36,"R",339,"R",239,"R",24,"R",0,"R",0,"R",0
119605,12,"R",9195,"R",4497,"R",1019,"R",3679,"R",3806,"R",667,"R",22,"R",0,"R",2
119678, 1,"R",2737,"R",1264,"R",0,"R",1473,"R",192,"R",1025,"R",0,"R",46,"R",1
119678,12,"R",2737,"R",1264,"R",0,"R",1473,"R",192,"R",1025,"R",0,"R",46,"R",1
119775, 1,"R",537,"R",52,"R",3,"R",482,"R",24,"R",24,"R",4,"R",0,"R",0
119775, 2,"R",402,"R",0,"R",3,"R",399,"A",,"A",,"A",,"A",,"A",
119775, 3,"R",402,"R",0,"R",3,"R",399,"A",,"A",,"A",,"A",,"A",
119775,12,"R",135,"R",52,"R",0,"R",83,"R",24,"R",24,"R",4,"R",0,"R",0
119845, 1,"R",110,"A",,"A",,"R",110,"A",,"A",,"A",,"A",,"A",
119845, 2,"R",110,"A",,"A",,"R",110,"A",,"A",,"A",,"A",,"A",
119951, 1,"R",209,"A",,"A",,"R",209,"A",,"A",,"A",,"A",,"A",
119951, 2,"R",209,"A",,"A",,"R",209,"A",,"A",,"A",,"A",,"A",
120069, 1,"R",269,"A",,"A",,"R",269,"A",,"A",,"A",,"A",,"A",
120069, 2,"R",269,"A",,"A",,"R",269,"A",,"A",,"A",,"A",,"A",
120078, 1,"R",658,"R",45,"R",0,"R",613,"R",45,"R",0,"R",0,"R",0,"R",0
120078, 2,"R",658,"R",45,"R",0,"R",613,"R",45,"R",0,"R",0,"R",0,"R",0
120078, 3,"R",658,"R",45,"R",0,"R",613,"R",45,"R",0,"R",0,"R",0,"R",0
120087, 1,"R",182,"A",,"A",,"R",182,"A",,"A",,"A",,"A",,"A",
120087, 2,"R",182,"A",,"A",,"R",182,"A",,"A",,"A",,"A",,"A",
120184, 1,"R",1492,"R",58,"R",124,"R",1310,"R",52,"R",6,"R",0,"R",0,"R",0
120184, 2,"R",871,"R",0,"R",96,"R",775,"A",,"A",,"A",,"A",,"A",
120184, 3,"R",871,"R",0,"R",96,"R",775,"A",,"A",,"A",,"A",,"A",
120184,12,"R",621,"R",58,"R",28,"R",535,"R",52,"R",6,"R",0,"R",0,"R",0
120254, 1,"R",1930,"A",,"A",,"R",1930,"A",,"A",,"A",,"A",,"A",
120254, 2,"R",1930,"A",,"A",,"R",1930,"A",,"A",,"A",,"A",,"A",
120254, 3,"R",1910,"A",,"A",,"R",1910,"A",,"A",,"A",,"A",,"A",
120254,11,"R",20,"A",,"A",,"R",20,"A",,"A",,"A",,"A",,"A",
120290, 1,"R",8835,"R",1267,"R",2776,"R",4792,"R",1237,"R",0,"R",20,"R",10,"R",0
120290, 2,"R",8835,"R",1267,"R",2776,"R",4792,"R",1237,"R",0,"R",20,"R",10,"R",0
120290, 3,"R",7768,"R",1065,"R",2708,"R",3995,"R",1045,"R",0,"R",12,"R",8,"R",0
120290,11,"R",1067,"R",202,"R",68,"R",797,"R",192,"R",0,"R",8,"R",2,"R",0
120342, 1,"R",21122,"R",663,"R",2862,"R",17597,"R",647,"R",0,"R",4,"R",12,"R",0
120342, 2,"R",21122,"R",663,"R",2862,"R",17597,"R",647,"R",0,"R",4,"R",12,"R",0
120342, 3,"R",19865,"R",590,"R",2816,"R",16459,"R",576,"R",0,"R",3,"R",11,"R",0
120342,11,"R",1257,"R",73,"R",46,"R",1138,"R",71,"R",0,"R",1,"R",1,"R",0
120403, 1,"R",1144,"R",0,"R",465,"R",679,"A",,"A",,"A",,"A",,"A",
120403, 2,"R",1086,"R",0,"R",465,"R",621,"A",,"A",,"A",,"A",,"A",
120403, 3,"R",1080,"R",0,"R",465,"R",615,"A",,"A",,"A",,"A",,"A",
120403,11,"R",6,"R",0,"R",0,"R",6,"A",,"A",,"A",,"A",,"A",
120403,12,"R",58,"A",,"A",,"R",58,"A",,"A",,"A",,"A",,"A",
120421, 1,"R",7418,"R",1199,"R",1701,"R",4518,"R",1195,"R",2,"R",2,"R",0,"R",0
120421, 2,"R",7418,"R",1199,"R",1701,"R",4518,"R",1195,"R",2,"R",2,"R",0,"R",0
120421, 3,"R",6770,"R",1054,"R",1651,"R",4065,"R",1051,"R",1,"R",2,"R",0,"R",0
120421,11,"R",648,"R",145,"R",50,"R",453,"R",144,"R",1,"R",0,"R",0,"R",0
120537, 1,"R",1253,"R",601,"R",0,"R",652,"R",441,"R",154,"R",0,"R",6,"R",0
120537, 2,"R",743,"R",261,"R",0,"R",482,"R",186,"R",74,"R",0,"R",1,"R",0
120537, 3,"R",743,"R",261,"R",0,"R",482,"R",186,"R",74,"R",0,"R",1,"R",0
120537,12,"R",510,"R",340,"R",0,"R",170,"R",255,"R",80,"R",0,"R",5,"R",0
120661, 1,"R",664,"A",,"A",,"R",664,"A",,"A",,"A",,"A",,"A",
120661, 2,"R",664,"A",,"A",,"R",664,"A",,"A",,"A",,"A",,"A",
120661, 3,"R",664,"A",,"A",,"R",664,"A",,"A",,"A",,"A",,"A",
120698, 1,"R",1071,"R",279,"R",133,"R",659,"R",151,"R",52,"R",47,"R",29,"R",0
120698, 2,"R",102,"R",35,"R",27,"R",40,"R",25,"Z",0,"R",10,"Z",0,"R",0
120698, 3,"R",102,"R",35,"R",27,"R",40,"R",25,"Z",0,"R",10,"Z",0,"R",0
120698,12,"R",969,"R",244,"R",106,"R",619,"R",126,"R",52,"R",37,"R",29,"R",0
120768, 1,"R",1111,"R",473,"R",119,"R",519,"R",433,"R",40,"R",0,"R",0,"R",0
120768, 2,"R",476,"R",219,"R",75,"R",182,"R",202,"R",17,"R",0,"R",0,"R",0
120768, 3,"R",476,"R",219,"R",75,"R",182,"R",202,"R",17,"R",0,"R",0,"R",0
120768,12,"R",635,"R",254,"R",44,"R",337,"R",231,"R",23,"R",0,"R",0,"R",0
120795, 1,"R",95,"R",19,"R",27,"R",49,"R",6,"R",8,"R",0,"R",5,"R",0
120795,12,"R",95,"R",19,"R",27,"R",49,"R",6,"R",8,"R",0,"R",5,"R",0
120838, 1,"R",62,"A",,"A",,"R",62,"A",,"A",,"A",,"A",,"A",
120838, 2,"R",6,"A",,"A",,"R",6,"A",,"A",,"A",,"A",,"A",
120838, 3,"R",6,"A",,"A",,"R",6,"A",,"A",,"A",,"A",,"A",
120838,12,"R",56,"A",,"A",,"R",56,"A",,"A",,"A",,"A",,"A",
120865, 1,"R",1062,"Z",0,"R",63,"R",999,"A",,"A",,"A",,"A",,"A",
120865, 2,"R",1058,"Z",0,"R",63,"R",995,"A",,"A",,"A",,"A",,"A",
120865, 3,"R",1038,"Z",0,"R",63,"R",975,"A",,"A",,"A",,"A",,"A",
120865,11,"R",20,"Z",0,"Z",0,"R",20,"A",,"A",,"A",,"A",,"A",
120865,12,"R",4,"Z",0,"Z",0,"R",4,"A",,"A",,"A",,"A",,"A",
120883, 1,"R",6493,"A",,"A",,"R",6493,"A",,"A",,"A",,"A",,"A",
120883, 2,"R",3701,"A",,"A",,"R",3701,"A",,"A",,"A",,"A",,"A",
120883, 3,"R",3665,"A",,"A",,"R",3665,"A",,"A",,"A",,"A",,"A",
120883,11,"R",36,"A",,"A",,"R",36,"A",,"A",,"A",,"A",,"A",
120883,12,"R",2792,"A",,"A",,"R",2792,"A",,"A",,"A",,"A",,"A",
120953, 1,"R",4118,"R",1641,"R",401,"R",2076,"R",1610,"R",0,"R",9,"R",22,"R",0
120953, 2,"R",4118,"R",1641,"R",401,"R",2076,"R",1610,"R",0,"R",9,"R",22,"R",0
120953, 3,"R",3597,"R",1312,"R",369,"R",1916,"R",1288,"R",0,"R",5,"R",19,"R",0
120953,11,"R",521,"R",329,"R",32,"R",160,"R",322,"R",0,"R",4,"R",3,"R",0
120971, 1,"R",23917,"R",2879,"R",6201,"R",14837,"R",2823,"R",0,"R",54,"R",2,"R",0
120971, 2,"R",23917,"R",2879,"R",6201,"R",14837,"R",2823,"R",0,"R",54,"R",2,"R",0
120971, 3,"R",21162,"R",2324,"R",5912,"R",12926,"R",2282,"R",0,"R",40,"R",2,"R",0
120971,11,"R",2755,"R",555,"R",289,"R",1911,"R",541,"R",0,"R",14,"R",0,"R",0
121044, 1,"R",26862,"R",1349,"R",4102,"R",21411,"R",1339,"R",6,"R",0,"R",4,"R",0
121044, 2,"R",26862,"R",1349,"R",4102,"R",21411,"R",1339,"R",6,"R",0,"R",4,"R",0
121044, 3,"R",24838,"R",1202,"R",4023,"R",19613,"R",1192,"R",6,"R",0,"R",4,"R",0
121044,11,"R",2024,"R",147,"R",79,"R",1798,"R",147,"R",0,"R",0,"R",0,"R",0
121150, 1,"R",7961,"R",891,"Z",0,"R",7070,"R",658,"R",224,"Z",0,"R",5,"R",4
121150, 2,"R",3627,"R",78,"Z",0,"R",3549,"R",71,"R",7,"Z",0,"Z",0,"R",0
121150, 3,"R",3619,"R",78,"Z",0,"R",3541,"R",71,"R",7,"Z",0,"Z",0,"R",0
121150,11,"R",8,"Z",0,"Z",0,"R",8,"A",,"A",,"A",,"A",,"A",
121150,12,"R",4334,"R",813,"Z",0,"R",3521,"R",587,"R",217,"Z",0,"R",5,"R",4
121257, 1,"R",1072,"A",,"A",,"R",1072,"A",,"A",,"A",,"A",,"A",
121257, 2,"R",1072,"A",,"A",,"R",1072,"A",,"A",,"A",,"A",,"A",
121257, 3,"R",1072,"A",,"A",,"R",1072,"A",,"A",,"A",,"A",,"A",
121275, 1,"R",145,"A",,"A",,"R",145,"A",,"A",,"A",,"A",,"A",
121275, 2,"R",145,"A",,"A",,"R",145,"A",,"A",,"A",,"A",,"A",
121275, 3,"R",144,"A",,"A",,"R",144,"A",,"A",,"A",,"A",,"A",
121275,11,"R",1,"A",,"A",,"R",1,"A",,"A",,"A",,"A",,"A",
121309, 1,"R",4592,"R",200,"R",827,"R",3565,"R",187,"R",13,"Z",0,"Z",0,"R",0
121309, 2,"R",3135,"R",26,"R",468,"R",2641,"R",25,"R",1,"Z",0,"Z",0,"R",0
121309, 3,"R",3130,"R",26,"R",468,"R",2636,"R",25,"R",1,"Z",0,"Z",0,"R",0
121309,11,"R",5,"Z",0,"Z",0,"R",5,"A",,"A",,"A",,"A",,"A",
121309,12,"R",1457,"R",174,"R",359,"R",924,"R",162,"R",12,"Z",0,"Z",0,"R",0
121345, 1,"R",1573,"A",,"A",,"R",1573,"A",,"A",,"A",,"A",,"A",
121345, 2,"R",1573,"A",,"A",,"R",1573,"A",,"A",,"A",,"A",,"A",
121345, 3,"R",1549,"A",,"A",,"R",1549,"A",,"A",,"A",,"A",,"A",
121345,11,"R",24,"A",,"A",,"R",24,"A",,"A",,"A",,"A",,"A",
121363, 1,"R",4285,"R",501,"R",947,"R",2837,"R",500,"R",1,"R",0,"R",0,"R",0
121363, 2,"R",4285,"R",501,"R",947,"R",2837,"R",500,"R",1,"R",0,"R",0,"R",0
121363, 3,"R",3561,"R",312,"R",914,"R",2335,"R",312,"R",0,"R",0,"R",0,"R",0
121363,11,"R",724,"R",189,"R",33,"R",502,"R",188,"R",1,"R",0,"R",0,"R",0
121433, 1,"R",85,"A",,"A",,"R",85,"A",,"A",,"A",,"A",,"A",
121433, 2,"R",85,"A",,"A",,"R",85,"A",,"A",,"A",,"A",,"A",
121619, 1,"R",28425,"R",2315,"R",3282,"R",22828,"R",2244,"R",0,"R",36,"R",35,"R",0
121619, 2,"R",28425,"R",2315,"R",3282,"R",22828,"R",2244,"R",0,"R",36,"R",35,"R",0
121619, 3,"R",26122,"R",2002,"R",3165,"R",20955,"R",1946,"R",0,"R",25,"R",31,"R",0
121619,11,"R",2303,"R",313,"R",117,"R",1873,"R",298,"R",0,"R",11,"R",4,"R",0
121628, 1,"R",110,"A",,"A",,"R",110,"A",,"A",,"A",,"A",,"A",
121628,12,"R",110,"A",,"A",,"R",110,"A",,"A",,"A",,"A",,"A",
121637, 1,"R",69,"A",,"A",,"R",69,"A",,"A",,"A",,"A",,"A",
121637, 2,"R",69,"A",,"A",,"R",69,"A",,"A",,"A",,"A",,"A",
121691, 1,"R",4598,"R",199,"R",179,"R",4220,"R",186,"R",8,"R",0,"R",5,"R",0
121691, 2,"R",3014,"R",66,"R",133,"R",2815,"R",66,"R",0,"R",0,"R",0,"R",0
121691, 3,"R",2945,"R",35,"R",127,"R",2783,"R",35,"R",0,"R",0,"R",0,"R",0
121691,11,"R",69,"R",31,"R",6,"R",32,"R",31,"R",0,"R",0,"R",0,"R",0
121691,12,"R",1584,"R",133,"R",46,"R",1405,"R",120,"R",8,"R",0,"R",5,"R",0
121707, 1,"R",4572,"R",454,"R",746,"R",3372,"R",453,"R",1,"R",0,"R",0,"R",0
121707, 2,"R",4572,"R",454,"R",746,"R",3372,"R",453,"R",1,"R",0,"R",0,"R",0
121707, 3,"R",3971,"R",402,"R",702,"R",2867,"R",401,"R",1,"R",0,"R",0,"R",0
121707,11,"R",601,"R",52,"R",44,"R",505,"R",52,"R",0,"R",0,"R",0,"R",0
121859, 1,"R",172,"A",,"A",,"R",172,"A",,"A",,"A",,"A",,"A",
121859, 2,"R",172,"A",,"A",,"R",172,"A",,"A",,"A",,"A",,"A",
121868, 1,"R",102,"A",,"A",,"R",102,"A",,"A",,"A",,"A",,"A",
121868, 2,"R",102,"A",,"A",,"R",102,"A",,"A",,"A",,"A",,"A",
121886, 1,"R",19997,"R",1387,"R",2636,"R",15974,"R",1385,"R",2,"R",0,"R",0,"R",0
121886, 2,"R",19997,"R",1387,"R",2636,"R",15974,"R",1385,"R",2,"R",0,"R",0,"R",0
121886, 3,"R",17823,"R",1227,"R",2561,"R",14035,"R",1225,"R",2,"R",0,"R",0,"R",0
121886,11,"R",2174,"R",160,"R",75,"R",1939,"R",160,"R",0,"R",0,"R",0,"R",0
121901, 1,"R",21292,"R",2045,"R",2946,"R",16301,"R",2028,"R",0,"R",11,"R",6,"R",0
121901, 2,"R",21292,"R",2045,"R",2946,"R",16301,"R",2028,"R",0,"R",11,"R",6,"R",0
121901, 3,"R",19022,"R",1779,"R",2871,"R",14372,"R",1765,"R",0,"R",9,"R",5,"R",0
121901,11,"R",2270,"R",266,"R",75,"R",1929,"R",263,"R",0,"R",2,"R",1,"R",0
121992, 1,"R",215,"A",,"A",,"R",215,"A",,"A",,"A",,"A",,"A",
121992, 2,"R",215,"A",,"A",,"R",215,"A",,"A",,"A",,"A",,"A",
122117, 1,"R",107,"A",,"A",,"R",107,"A",,"A",,"A",,"A",,"A",
122117, 2,"R",14,"A",,"A",,"R",14,"A",,"A",,"A",,"A",,"A",
122117,11,"R",14,"A",,"A",,"R",14,"A",,"A",,"A",,"A",,"A",
122117,12,"R",93,"A",,"A",,"R",93,"A",,"A",,"A",,"A",,"A",
122180, 1,"R",21379,"R",3470,"R",3802,"R",14107,"R",3453,"R",0,"R",9,"R",8,"R",0
122180, 2,"R",21379,"R",3470,"R",3802,"R",14107,"R",3453,"R",0,"R",9,"R",8,"R",0
122180, 3,"R",19575,"R",3177,"R",3725,"R",12673,"R",3161,"R",0,"R",8,"R",8,"R",0
122180,11,"R",1804,"R",293,"R",77,"R",1434,"R",292,"R",0,"R",1,"R",0,"R",0
122205, 1,"R",19421,"R",5475,"R",5064,"R",8882,"R",5146,"R",0,"R",119,"R",210,"R",0
122205, 2,"R",19421,"R",5475,"R",5064,"R",8882,"R",5146,"R",0,"R",119,"R",210,"R",0
122205, 3,"R",17432,"R",4594,"R",4902,"R",7936,"R",4300,"R",0,"R",102,"R",192,"R",0
122205,11,"R",1989,"R",881,"R",162,"R",946,"R",846,"R",0,"R",17,"R",18,"R",0
122296, 1,"R",2054,"R",260,"R",15,"R",1779,"R",217,"R",43,"Z",0,"Z",0,"R",0
122296, 2,"R",843,"R",0,"R",0,"R",843,"A",,"A",,"A",,"A",,"A",
122296, 3,"R",762,"R",0,"R",0,"R",762,"A",,"A",,"A",,"A",,"A",
122296,11,"R",81,"R",0,"R",0,"R",81,"A",,"A",,"A",,"A",,"A",
122296,12,"R",1211,"R",260,"R",15,"R",936,"R",217,"R",43,"Z",0,"Z",0,"R",0
122339, 1,"R",15066,"R",3002,"R",2226,"R",9838,"R",2921,"R",0,"R",70,"R",11,"R",0
122339, 2,"R",15066,"R",3002,"R",2226,"R",9838,"R",2921,"R",0,"R",70,"R",11,"R",0
122339, 3,"R",12730,"R",2549,"R",2150,"R",8031,"R",2483,"R",0,"R",55,"R",11,"R",0
122339,11,"R",2336,"R",453,"R",76,"R",1807,"R",438,"R",0,"R",15,"R",0,"R",0
122375, 1,"R",22284,"R",4115,"R",3882,"R",14287,"R",4005,"R",0,"R",100,"R",10,"R",0
122375, 2,"R",22284,"R",4115,"R",3882,"R",14287,"R",4005,"R",0,"R",100,"R",10,"R",0
122375, 3,"R",19232,"R",3535,"R",3807,"R",11890,"R",3439,"R",0,"R",89,"R",7,"R",0
122375,11,"R",3052,"R",580,"R",75,"R",2397,"R",566,"R",0,"R",11,"R",3,"R",0
122384, 1,"R",15893,"R",3364,"R",2062,"R",10467,"R",3281,"R",0,"R",66,"R",17,"R",0
122384, 2,"R",15893,"R",3364,"R",2062,"R",10467,"R",3281,"R",0,"R",66,"R",17,"R",0
122384, 3,"R",13420,"R",2927,"R",2014,"R",8479,"R",2855,"R",0,"R",55,"R",17,"R",0
122384,11,"R",2473,"R",437,"R",48,"R",1988,"R",426,"R",0,"R",11,"R",0,"R",0
122409, 1,"R",35303,"R",646,"R",15788,"R",18869,"R",579,"R",30,"Z",0,"R",37,"R",0
122409, 2,"R",30586,"R",344,"R",15397,"R",14845,"R",308,"R",4,"Z",0,"R",32,"R",0
122409, 3,"R",30018,"R",309,"R",15302,"R",14407,"R",273,"R",4,"Z",0,"R",32,"R",0
122409,11,"R",568,"R",35,"R",95,"R",438,"R",35,"R",0,"Z",0,"R",0,"R",0
122409,12,"R",4717,"R",302,"R",391,"R",4024,"R",271,"R",26,"Z",0,"R",5,"R",0
122436, 1,"R",9073,"R",713,"R",23,"R",8337,"R",540,"R",158,"R",1,"R",14,"R",0
122436, 2,"R",5855,"A",,"A",,"R",5855,"A",,"A",,"A",,"A",,"A",
122436, 3,"R",5760,"A",,"A",,"R",5760,"A",,"A",,"A",,"A",,"A",
122436,11,"R",95,"A",,"A",,"R",95,"A",,"A",,"A",,"A",,"A",
122436,12,"R",3218,"R",713,"R",23,"R",2482,"R",540,"R",158,"R",1,"R",14,"R",0
122454, 1,"R",381,"R",0,"R",4,"R",377,"A",,"A",,"A",,"A",,"A",
122454, 2,"R",275,"A",,"A",,"R",275,"A",,"A",,"A",,"A",,"A",
122454, 3,"R",271,"A",,"A",,"R",271,"A",,"A",,"A",,"A",,"A",
122454,11,"R",4,"A",,"A",,"R",4,"A",,"A",,"A",,"A",,"A",
122454,12,"R",106,"R",0,"R",4,"R",102,"A",,"A",,"A",,"A",,"A",
122506, 1,"R",398,"A",,"A",,"R",398,"A",,"A",,"A",,"A",,"A",
122506, 2,"R",221,"A",,"A",,"R",221,"A",,"A",,"A",,"A",,"A",
122506, 3,"R",221,"A",,"A",,"R",221,"A",,"A",,"A",,"A",,"A",
122506,12,"R",177,"A",,"A",,"R",177,"A",,"A",,"A",,"A",,"A",
122597, 1,"R",29778,"R",418,"R",10593,"R",18767,"R",411,"R",4,"Z",0,"R",3,"R",0
122597, 2,"R",26531,"R",363,"R",10150,"R",16018,"R",358,"R",2,"Z",0,"R",3,"R",0
122597, 3,"R",25799,"R",328,"R",10063,"R",15408,"R",323,"R",2,"Z",0,"R",3,"R",0
122597,11,"R",732,"R",35,"R",87,"R",610,"R",35,"R",0,"Z",0,"R",0,"R",0
122597,12,"R",3247,"R",55,"R",443,"R",2749,"R",53,"R",2,"Z",0,"R",0,"R",0
122603, 1,"R",101,"R",2,"R",6,"R",93,"R",2,"R",0,"R",0,"R",0,"R",0
122603,12,"R",101,"R",2,"R",6,"R",93,"R",2,"R",0,"R",0,"R",0,"R",0
122612, 1,"R",10713,"R",190,"R",326,"R",10197,"R",131,"R",46,"R",2,"R",11,"R",0
122612, 2,"R",6704,"Z",0,"R",43,"R",6661,"A",,"A",,"A",,"A",,"A",
122612, 3,"R",6661,"Z",0,"R",43,"R",6618,"A",,"A",,"A",,"A",,"A",
122612,11,"R",43,"Z",0,"Z",0,"R",43,"A",,"A",,"A",,"A",,"A",
122612,12,"R",4009,"R",190,"R",283,"R",3536,"R",131,"R",46,"R",2,"R",11,"R",0
122649, 1,"R",169,"A",,"A",,"R",169,"A",,"A",,"A",,"A",,"A",
122649,12,"R",169,"A",,"A",,"R",169,"A",,"A",,"A",,"A",,"A",
122658, 1,"R",18209,"R",3486,"R",5222,"R",9501,"R",3379,"R",0,"R",105,"R",2,"R",0
122658, 2,"R",18209,"R",3486,"R",5222,"R",9501,"R",3379,"R",0,"R",105,"R",2,"R",0
122658, 3,"R",15097,"R",2610,"R",4804,"R",7683,"R",2541,"R",0,"R",67,"R",2,"R",0
122658,11,"R",3112,"R",876,"R",418,"R",1818,"R",838,"R",0,"R",38,"R",0,"R",0
122685, 1,"R",5275,"R",530,"R",1488,"R",3257,"R",442,"R",88,"R",0,"R",0,"R",0
122685, 2,"R",5275,"R",530,"R",1488,"R",3257,"R",442,"R",88,"R",0,"R",0,"R",0
122685, 3,"R",5113,"R",530,"R",1488,"R",3095,"R",442,"R",88,"R",0,"R",0,"R",0
122685,11,"R",162,"R",0,"R",0,"R",162,"A",,"A",,"A",,"A",,"A",
122728, 1,"R",1695,"R",88,"R",474,"R",1133,"R",86,"R",1,"Z",0,"R",1,"R",0
122728, 2,"R",1257,"R",33,"R",472,"R",752,"R",32,"R",1,"Z",0,"Z",0,"R",0
122728, 3,"R",1246,"R",33,"R",472,"R",741,"R",32,"R",1,"Z",0,"Z",0,"R",0
122728,11,"R",11,"R",0,"R",0,"R",11,"A",,"A",,"A",,"A",,"A",
122728,12,"R",438,"R",55,"R",2,"R",381,"R",54,"Z",0,"Z",0,"R",1,"R",0
122746, 1,"R",9270,"R",1255,"R",1461,"R",6554,"R",1227,"R",1,"R",4,"R",23,"R",0
122746, 2,"R",9270,"R",1255,"R",1461,"R",6554,"R",1227,"R",1,"R",4,"R",23,"R",0
122746, 3,"R",7531,"R",1090,"R",1398,"R",5043,"R",1066,"R",1,"R",2,"R",21,"R",0
122746,11,"R",1739,"R",165,"R",63,"R",1511,"R",161,"R",0,"R",2,"R",2,"R",0
122755, 1,"R",35400,"R",2633,"R",8114,"R",24653,"R",1825,"R",759,"Z",0,"R",49,"R",0
122755, 2,"R",27327,"R",274,"R",7720,"R",19333,"R",270,"R",0,"Z",0,"R",4,"R",0
122755, 3,"R",27125,"R",237,"R",7710,"R",19178,"R",233,"R",0,"Z",0,"R",4,"R",0
122755,11,"R",202,"R",37,"R",10,"R",155,"R",37,"R",0,"Z",0,"R",0,"R",0
122755,12,"R",8073,"R",2359,"R",394,"R",5320,"R",1555,"R",759,"Z",0,"R",45,"R",0
122791, 1,"R",8924,"R",1045,"R",1273,"R",6606,"R",1019,"R",2,"R",0,"R",24,"R",0
122791, 2,"R",8924,"R",1045,"R",1273,"R",6606,"R",1019,"R",2,"R",0,"R",24,"R",0
122791, 3,"R",7759,"R",894,"R",1212,"R",5653,"R",872,"R",0,"R",0,"R",22,"R",0
122791,11,"R",1165,"R",151,"R",61,"R",953,"R",147,"R",2,"R",0,"R",2,"R",0
122834, 1,"R",272,"A",,"A",,"R",272,"A",,"A",,"A",,"A",,"A",
122834, 2,"R",272,"A",,"A",,"R",272,"A",,"A",,"A",,"A",,"A",
122834, 3,"R",272,"A",,"A",,"R",272,"A",,"A",,"A",,"A",,"A",
122852, 1,"R",86,"A",,"A",,"R",86,"A",,"A",,"A",,"A",,"A",
122852, 2,"R",86,"A",,"A",,"R",86,"A",,"A",,"A",,"A",,"A",
122852, 3,"R",86,"A",,"A",,"R",86,"A",,"A",,"A",,"A",,"A",
122889, 1,"R",14646,"R",2353,"R",3323,"R",8970,"R",2253,"R",0,"R",93,"R",7,"R",0
122889, 2,"R",14646,"R",2353,"R",3323,"R",8970,"R",2253,"R",0,"R",93,"R",7,"R",0
122889, 3,"R",12920,"R",2009,"R",3182,"R",7729,"R",1920,"R",0,"R",84,"R",5,"R",0
122889,11,"R",1726,"R",344,"R",141,"R",1241,"R",333,"R",0,"R",9,"R",2,"R",0
122931, 1,"R",8642,"R",84,"R",0,"R",8558,"R",75,"R",8,"R",0,"R",1,"R",0
122931, 2,"R",5520,"A",,"A",,"R",5520,"A",,"A",,"A",,"A",,"A",
122931, 3,"R",5504,"A",,"A",,"R",5504,"A",,"A",,"A",,"A",,"A",
122931,11,"R",16,"A",,"A",,"R",16,"A",,"A",,"A",,"A",,"A",
122931,12,"R",3122,"R",84,"R",0,"R",3038,"R",75,"R",8,"R",0,"R",1,"R",0
122977, 1,"R",28800,"R",3415,"R",6176,"R",19209,"R",3178,"R",0,"R",212,"R",25,"R",0
122977, 2,"R",28800,"R",3415,"R",6176,"R",19209,"R",3178,"R",0,"R",212,"R",25,"R",0
122977, 3,"R",26723,"R",3014,"R",6097,"R",17612,"R",2810,"R",0,"R",180,"R",24,"R",0
122977,11,"R",2077,"R",401,"R",79,"R",1597,"R",368,"R",0,"R",32,"R",1,"R",0
123013, 1,"R",20000,"R",1888,"R",3733,"R",14379,"R",1863,"R",0,"R",17,"R",8,"R",0
123013, 2,"R",20000,"R",1888,"R",3733,"R",14379,"R",1863,"R",0,"R",17,"R",8,"R",0
123013, 3,"R",17261,"R",1452,"R",3574,"R",12235,"R",1441,"R",0,"R",8,"R",3,"R",0
123013,11,"R",2739,"R",436,"R",159,"R",2144,"R",422,"R",0,"R",9,"R",5,"R",0
123095, 1,"R",687,"R",669,"R",6,"R",12,"R",177,"R",476,"R",0,"R",16,"R",0
123095,12,"R",687,"R",669,"R",6,"R",12,"R",177,"R",476,"R",0,"R",16,"R",0
123165, 1,"R",1071,"A",,"A",,"R",1071,"A",,"A",,"A",,"A",,"A",
123165, 2,"R",1052,"A",,"A",,"R",1052,"A",,"A",,"A",,"A",,"A",
123165, 3,"R",1048,"A",,"A",,"R",1048,"A",,"A",,"A",,"A",,"A",
123165,11,"R",4,"A",,"A",,"R",4,"A",,"A",,"A",,"A",,"A",
123165,12,"R",19,"A",,"A",,"R",19,"A",,"A",,"A",,"A",,"A",
123217, 1,"R",12557,"R",460,"R",2012,"R",10085,"R",459,"R",1,"R",0,"R",0,"R",0
123217, 2,"R",12557,"R",460,"R",2012,"R",10085,"R",459,"R",1,"R",0,"R",0,"R",0
123217, 3,"R",10714,"R",351,"R",1925,"R",8438,"R",350,"R",1,"R",0,"R",0,"R",0
123217,11,"R",1843,"R",109,"R",87,"R",1647,"R",109,"R",0,"R",0,"R",0,"R",0
123280, 1,"R",52,"R",26,"R",7,"R",19,"R",8,"R",16,"Z",0,"R",1,"R",1
123280, 2,"R",38,"R",17,"R",4,"R",17,"R",3,"R",12,"Z",0,"R",1,"R",1
123280, 3,"R",37,"R",16,"R",4,"R",17,"R",2,"R",12,"Z",0,"R",1,"R",1
123280,11,"R",1,"R",1,"R",0,"R",0,"R",1,"Z",0,"Z",0,"Z",0,"R",0
123280,12,"R",14,"R",9,"R",3,"R",2,"R",5,"R",4,"Z",0,"Z",0,"R",0
123299, 1,"R",9105,"R",2315,"R",2468,"R",4322,"R",2223,"R",0,"R",90,"R",2,"R",0
123299, 2,"R",9105,"R",2315,"R",2468,"R",4322,"R",2223,"R",0,"R",90,"R",2,"R",0
123299, 3,"R",6331,"R",1620,"R",2241,"R",2470,"R",1554,"R",0,"R",64,"R",2,"R",0
123299,11,"R",2774,"R",695,"R",227,"R",1852,"R",669,"R",0,"R",26,"R",0,"R",0
123341, 1,"R",18314,"R",2332,"R",3913,"R",12069,"R",2327,"R",4,"R",0,"R",1,"R",0
123341, 2,"R",18314,"R",2332,"R",3913,"R",12069,"R",2327,"R",4,"R",0,"R",1,"R",0
123341, 3,"R",16171,"R",2029,"R",3796,"R",10346,"R",2024,"R",4,"R",0,"R",1,"R",0
123341,11,"R",2143,"R",303,"R",117,"R",1723,"R",303,"R",0,"R",0,"R",0,"R",0
123350, 1,"R",134,"A",,"A",,"R",134,"A",,"A",,"A",,"A",,"A",
123350, 2,"R",134,"A",,"A",,"R",134,"A",,"A",,"A",,"A",,"A",
123448, 1,"R",308,"R",145,"R",10,"R",153,"R",50,"R",95,"R",0,"R",0,"R",0
123448,12,"R",308,"R",145,"R",10,"R",153,"R",50,"R",95,"R",0,"R",0,"R",0
123457, 1,"R",834,"R",93,"R",422,"R",319,"R",56,"R",4,"R",33,"Z",0,"R",0
123457, 2,"R",720,"R",54,"R",354,"R",312,"R",47,"R",1,"R",6,"Z",0,"R",0
123457, 3,"R",667,"R",51,"R",335,"R",281,"R",45,"R",1,"R",5,"Z",0,"R",0
123457,11,"R",53,"R",3,"R",19,"R",31,"R",2,"R",0,"R",1,"Z",0,"R",0
123457,12,"R",114,"R",39,"R",68,"R",7,"R",9,"R",3,"R",27,"Z",0,"R",0
123484, 1,"R",1677,"R",367,"R",664,"R",646,"R",364,"R",3,"R",0,"R",0,"R",0
123484, 2,"R",1677,"R",367,"R",664,"R",646,"R",364,"R",3,"R",0,"R",0,"R",0
123484, 3,"R",1398,"R",247,"R",634,"R",517,"R",246,"R",1,"R",0,"R",0,"R",0
123484,11,"R",279,"R",120,"R",30,"R",129,"R",118,"R",2,"R",0,"R",0,"R",0
123493, 1,"R",281,"A",,"A",,"R",281,"A",,"A",,"A",,"A",,"A",
123493, 2,"R",281,"A",,"A",,"R",281,"A",,"A",,"A",,"A",,"A",
123493, 3,"R",281,"A",,"A",,"R",281,"A",,"A",,"A",,"A",,"A",
123509, 1,"R",9014,"R",848,"R",1397,"R",6769,"R",809,"R",1,"R",1,"R",37,"R",0
123509, 2,"R",9014,"R",848,"R",1397,"R",6769,"R",809,"R",1,"R",1,"R",37,"R",0
123509, 3,"R",7772,"R",712,"R",1342,"R",5718,"R",674,"R",1,"R",1,"R",36,"R",0
123509,11,"R",1242,"R",136,"R",55,"R",1051,"R",135,"R",0,"R",0,"R",1,"R",0
123527, 1,"R",13837,"R",2049,"R",2921,"R",8867,"R",1996,"R",0,"R",32,"R",21,"R",0
123527, 2,"R",13837,"R",2049,"R",2921,"R",8867,"R",1996,"R",0,"R",32,"R",21,"R",0
123527, 3,"R",11894,"R",1759,"R",2799,"R",7336,"R",1715,"R",0,"R",27,"R",17,"R",0
123527,11,"R",1943,"R",290,"R",122,"R",1531,"R",281,"R",0,"R",5,"R",4,"R",0
123554, 1,"R",3881,"A",,"A",,"R",3881,"A",,"A",,"A",,"A",,"A",
123554, 2,"R",2795,"A",,"A",,"R",2795,"A",,"A",,"A",,"A",,"A",
123554, 3,"R",2781,"A",,"A",,"R",2781,"A",,"A",,"A",,"A",,"A",
123554,11,"R",14,"A",,"A",,"R",14,"A",,"A",,"A",,"A",,"A",
123554,12,"R",1086,"A",,"A",,"R",1086,"A",,"A",,"A",,"A",,"A",
123563, 1,"R",9378,"R",894,"R",2777,"R",5707,"R",889,"R",0,"R",1,"R",4,"R",0
123563, 2,"R",9378,"R",894,"R",2777,"R",5707,"R",889,"R",0,"R",1,"R",4,"R",0
123563, 3,"R",7972,"R",735,"R",2562,"R",4675,"R",732,"R",0,"R",0,"R",3,"R",0
123563,11,"R",1406,"R",159,"R",215,"R",1032,"R",157,"R",0,"R",1,"R",1,"R",0
123572, 1,"R",9459,"R",26,"R",1268,"R",8165,"R",26,"R",0,"Z",0,"R",0,"R",0
123572, 2,"R",8682,"R",5,"R",1070,"R",7607,"R",5,"R",0,"Z",0,"R",0,"R",0
123572, 3,"R",8642,"R",5,"R",1066,"R",7571,"R",5,"R",0,"Z",0,"R",0,"R",0
123572,11,"R",40,"R",0,"R",4,"R",36,"A",,"A",,"A",,"A",,"A",
123572,12,"R",777,"R",21,"R",198,"R",558,"R",21,"R",0,"Z",0,"R",0,"R",0
123633, 1,"R",410,"A",,"A",,"R",410,"A",,"A",,"A",,"A",,"A",
123633,12,"R",410,"A",,"A",,"R",410,"A",,"A",,"A",,"A",,"A",
123642, 1,"R",221,"A",,"A",,"R",221,"A",,"A",,"A",,"A",,"A",
123642, 2,"R",221,"A",,"A",,"R",221,"A",,"A",,"A",,"A",,"A",
123642, 3,"R",221,"A",,"A",,"R",221,"A",,"A",,"A",,"A",,"A",
123651, 1,"R",2169,"R",98,"R",0,"R",2071,"R",65,"R",14,"R",19,"R",0,"R",0
123651, 2,"R",1848,"R",63,"R",0,"R",1785,"R",37,"R",10,"R",16,"R",0,"R",0
123651, 3,"R",1842,"R",60,"R",0,"R",1782,"R",36,"R",9,"R",15,"R",0,"R",0
123651,11,"R",6,"R",3,"R",0,"R",3,"R",1,"R",1,"R",1,"R",0,"R",0
123651,12,"R",321,"R",35,"R",0,"R",286,"R",28,"R",4,"R",3,"R",0,"R",0
123679, 1,"R",609,"A",,"A",,"R",609,"A",,"A",,"A",,"A",,"A",
123679, 2,"R",609,"A",,"A",,"R",609,"A",,"A",,"A",,"A",,"A",
123679, 3,"R",609,"A",,"A",,"R",609,"A",,"A",,"A",,"A",,"A",
123800, 1,"R",18569,"R",1814,"R",4500,"R",12255,"R",1803,"R",0,"R",11,"R",0,"R",0
123800, 2,"R",18569,"R",1814,"R",4500,"R",12255,"R",1803,"R",0,"R",11,"R",0,"R",0
123800, 3,"R",17431,"R",1649,"R",4419,"R",11363,"R",1640,"R",0,"R",9,"R",0,"R",0
123800,11,"R",1138,"R",165,"R",81,"R",892,"R",163,"R",0,"R",2,"R",0,"R",0
123855, 1,"R",106,"A",,"A",,"R",106,"A",,"A",,"A",,"A",,"A",
123855,12,"R",106,"A",,"A",,"R",106,"A",,"A",,"A",,"A",,"A",
123916, 1,"R",86,"R",0,"R",68,"R",18,"A",,"A",,"A",,"A",,"A",
123916,12,"R",86,"R",0,"R",68,"R",18,"A",,"A",,"A",,"A",,"A",
123943, 1,"R",681,"Z",0,"R",13,"R",668,"A",,"A",,"A",,"A",,"A",
123943,12,"R",681,"Z",0,"R",13,"R",668,"A",,"A",,"A",,"A",,"A",
123952, 1,"R",506,"A",,"A",,"R",506,"A",,"A",,"A",,"A",,"A",
123952, 2,"R",255,"A",,"A",,"R",255,"A",,"A",,"A",,"A",,"A",
123952, 3,"R",249,"A",,"A",,"R",249,"A",,"A",,"A",,"A",,"A",
123952,11,"R",6,"A",,"A",,"R",6,"A",,"A",,"A",,"A",,"A",
123952,12,"R",251,"A",,"A",,"R",251,"A",,"A",,"A",,"A",,"A",
123961, 1,"R",47310,"R",6707,"R",1874,"R",38729,"R",4241,"R",2318,"R",0,"R",128,"R",20
123961, 2,"R",19907,"R",16,"R",575,"R",19316,"R",12,"R",1,"R",0,"R",3,"R",0
123961, 3,"R",19548,"R",16,"R",575,"R",18957,"R",12,"R",1,"R",0,"R",3,"R",0
123961,11,"R",359,"R",0,"R",0,"R",359,"A",,"A",,"A",,"A",,"A",
123961,12,"R",27403,"R",6691,"R",1299,"R",19413,"R",4229,"R",2317,"R",0,"R",125,"R",20
123970, 1,"R",734,"A",,"A",,"R",734,"A",,"A",,"A",,"A",,"A",
123970,12,"R",734,"A",,"A",,"R",734,"A",,"A",,"A",,"A",,"A",
124113, 1,"R",6155,"R",1170,"R",1091,"R",3894,"R",1170,"R",0,"R",0,"R",0,"R",0
124113, 2,"R",6155,"R",1170,"R",1091,"R",3894,"R",1170,"R",0,"R",0,"R",0,"R",0
124113, 3,"R",5656,"R",978,"R",1009,"R",3669,"R",978,"R",0,"R",0,"R",0,"R",0
124113,11,"R",499,"R",192,"R",82,"R",225,"R",192,"R",0,"R",0,"R",0,"R",0
124283, 1,"R",385,"R",130,"R",89,"R",166,"R",66,"R",64,"R",0,"R",0,"R",0
124283,12,"R",385,"R",130,"R",89,"R",166,"R",66,"R",64,"R",0,"R",0,"R",0
124292, 1,"R",407,"A",,"A",,"R",407,"A",,"A",,"A",,"A",,"A",
124292, 2,"R",407,"A",,"A",,"R",407,"A",,"A",,"A",,"A",,"A",
124292, 3,"R",407,"A",,"A",,"R",407,"A",,"A",,"A",,"A",,"A",
124487, 1,"R",155,"R",48,"R",35,"R",72,"R",40,"R",8,"R",0,"R",0,"R",0
124487, 2,"R",119,"R",28,"R",28,"R",63,"R",21,"R",7,"R",0,"R",0,"R",0
124487, 3,"R",117,"R",28,"R",28,"R",61,"R",21,"R",7,"R",0,"R",0,"R",0
124487,11,"R",2,"R",0,"R",0,"R",2,"A",,"A",,"A",,"A",,"A",
124487,12,"R",36,"R",20,"R",7,"R",9,"R",19,"R",1,"R",0,"R",0,"R",0
124681, 1,"R",810,"A",,"A",,"R",810,"A",,"A",,"A",,"A",,"A",
124681, 2,"R",810,"A",,"A",,"R",810,"A",,"A",,"A",,"A",,"A",
124706, 1,"R",737,"A",,"A",,"R",737,"A",,"A",,"A",,"A",,"A",
124706, 2,"R",737,"A",,"A",,"R",737,"A",,"A",,"A",,"A",,"A",
124706, 3,"R",737,"A",,"A",,"R",737,"A",,"A",,"A",,"A",,"A",
124937, 1,"R",617,"A",,"A",,"R",617,"A",,"A",,"A",,"A",,"A",
124937, 2,"R",617,"A",,"A",,"R",617,"A",,"A",,"A",,"A",,"A",
124937, 3,"R",617,"A",,"A",,"R",617,"A",,"A",,"A",,"A",,"A",
125028, 1,"R",13312,"R",2215,"R",2954,"R",8143,"R",2212,"R",2,"R",1,"R",0,"R",0
125028, 2,"R",13312,"R",2215,"R",2954,"R",8143,"R",2212,"R",2,"R",1,"R",0,"R",0
125028, 3,"R",12036,"R",1934,"R",2885,"R",7217,"R",1932,"R",1,"R",1,"R",0,"R",0
125028,11,"R",1276,"R",281,"R",69,"R",926,"R",280,"R",1,"R",0,"R",0,"R",0
125037, 1,"R",151,"R",25,"R",34,"R",92,"R",12,"R",13,"R",0,"R",0,"R",0
125037,12,"R",151,"R",25,"R",34,"R",92,"R",12,"R",13,"R",0,"R",0,"R",0
125091, 1,"R",12231,"R",1342,"R",2617,"R",8272,"R",1319,"R",0,"R",23,"R",0,"R",0
125091, 2,"R",12231,"R",1342,"R",2617,"R",8272,"R",1319,"R",0,"R",23,"R",0,"R",0
125091, 3,"R",9611,"R",997,"R",2363,"R",6251,"R",977,"R",0,"R",20,"R",0,"R",0
125091,11,"R",2620,"R",345,"R",254,"R",2021,"R",342,"R",0,"R",3,"R",0,"R",0
125170, 1,"R",6053,"R",728,"R",945,"R",4380,"R",646,"R",0,"R",29,"R",53,"R",0
125170, 2,"R",6053,"R",728,"R",945,"R",4380,"R",646,"R",0,"R",29,"R",53,"R",0
125170, 3,"R",5072,"R",606,"R",856,"R",3610,"R",542,"R",0,"R",16,"R",48,"R",0
125170,11,"R",981,"R",122,"R",89,"R",770,"R",104,"R",0,"R",13,"R",5,"R",0
125231, 1,"R",50360,"R",50360,"A",,"A",,"R",828,"R",45580,"R",1161,"R",2791,"R",0
125231, 2,"R",8024,"R",8024,"A",,"A",,"R",142,"R",6340,"R",1056,"R",486,"R",0
125231, 3,"R",6910,"R",6910,"A",,"A",,"R",142,"R",6322,"R",5,"R",441,"R",0
125231,11,"R",1114,"R",1114,"A",,"A",,"R",0,"R",18,"R",1051,"R",45,"R",0
125231,12,"R",42336,"R",42336,"A",,"A",,"R",686,"R",39240,"R",105,"R",2305,"R",0
125310, 1,"R",36,"A",,"A",,"R",36,"A",,"A",,"A",,"A",,"A",
125310, 2,"R",36,"A",,"A",,"R",36,"A",,"A",,"A",,"A",,"A",
125462, 1,"R",4623,"R",2618,"R",908,"R",1097,"R",2506,"R",0,"R",43,"R",69,"R",0
125462, 2,"R",4623,"R",2618,"R",908,"R",1097,"R",2506,"R",0,"R",43,"R",69,"R",0
125462, 3,"R",3350,"R",1457,"R",895,"R",998,"R",1397,"R",0,"R",14,"R",46,"R",0
125462,11,"R",1273,"R",1161,"R",13,"R",99,"R",1109,"R",0,"R",29,"R",23,"R",0
125471, 1,"R",12990,"R",5679,"R",2327,"R",4984,"R",5537,"R",0,"R",47,"R",95,"R",0
125471, 2,"R",12990,"R",5679,"R",2327,"R",4984,"R",5537,"R",0,"R",47,"R",95,"R",0
125471, 3,"R",10724,"R",4824,"R",2205,"R",3695,"R",4704,"R",0,"R",33,"R",87,"R",0
125471,11,"R",2266,"R",855,"R",122,"R",1289,"R",833,"R",0,"R",14,"R",8,"R",0
125499, 1,"R",7823,"R",1246,"R",2014,"R",4563,"R",1233,"R",4,"R",0,"R",9,"R",0
125499, 2,"R",7823,"R",1246,"R",2014,"R",4563,"R",1233,"R",4,"R",0,"R",9,"R",0
125499, 3,"R",6719,"R",1108,"R",1905,"R",3706,"R",1095,"R",4,"R",0,"R",9,"R",0
125499,11,"R",1104,"R",138,"R",109,"R",857,"R",138,"R",0,"R",0,"R",0,"R",0
125532, 1,"R",1214,"Z",0,"R",972,"R",242,"A",,"A",,"A",,"A",,"A",
125532, 2,"R",1214,"Z",0,"R",972,"R",242,"A",,"A",,"A",,"A",,"A",
125532, 3,"R",1214,"Z",0,"R",972,"R",242,"A",,"A",,"A",,"A",,"A",
125718, 1,"R",127,"A",,"A",,"R",127,"A",,"A",,"A",,"A",,"A",
125718,12,"R",127,"A",,"A",,"R",127,"A",,"A",,"A",,"A",,"A",
125727, 1,"R",1277,"A",,"A",,"R",1277,"A",,"A",,"A",,"A",,"A",
125727, 2,"R",1277,"A",,"A",,"R",1277,"A",,"A",,"A",,"A",,"A",
125727, 3,"R",1266,"A",,"A",,"R",1266,"A",,"A",,"A",,"A",,"A",
125727,11,"R",11,"A",,"A",,"R",11,"A",,"A",,"A",,"A",,"A",
125763, 1,"R",1852,"R",0,"R",0,"R",1852,"A",,"A",,"A",,"A",,"A",
125763, 2,"R",1732,"R",0,"R",0,"R",1732,"A",,"A",,"A",,"A",,"A",
125763, 3,"R",1719,"R",0,"R",0,"R",1719,"A",,"A",,"A",,"A",,"A",
125763,11,"R",13,"R",0,"R",0,"R",13,"A",,"A",,"A",,"A",,"A",
125763,12,"R",120,"R",0,"R",0,"R",120,"A",,"A",,"A",,"A",,"A",
125897, 1,"R",1165,"R",1,"R",54,"R",1110,"R",1,"R",0,"R",0,"R",0,"R",0
125897, 2,"R",1051,"R",1,"R",54,"R",996,"R",1,"R",0,"R",0,"R",0,"R",0
125897, 3,"R",1051,"R",1,"R",54,"R",996,"R",1,"R",0,"R",0,"R",0,"R",0
125897,12,"R",114,"A",,"A",,"R",114,"A",,"A",,"A",,"A",,"A",
126012, 1,"R",483,"A",,"A",,"R",483,"A",,"A",,"A",,"A",,"A",
126012,12,"R",483,"A",,"A",,"R",483,"A",,"A",,"A",,"A",,"A",
126030, 1,"R",419,"A",,"A",,"R",419,"A",,"A",,"A",,"A",,"A",
126030,12,"R",419,"A",,"A",,"R",419,"A",,"A",,"A",,"A",,"A",
126049, 1,"R",377,"R",44,"R",26,"R",307,"R",10,"R",27,"Z",0,"R",7,"R",0
126049,12,"R",377,"R",44,"R",26,"R",307,"R",10,"R",27,"Z",0,"R",7,"R",0
126076, 1,"R",155,"A",,"A",,"R",155,"A",,"A",,"A",,"A",,"A",
126076, 2,"R",155,"A",,"A",,"R",155,"A",,"A",,"A",,"A",,"A",
126076, 3,"R",155,"A",,"A",,"R",155,"A",,"A",,"A",,"A",,"A",
126119, 1,"R",5934,"R",966,"R",1106,"R",3862,"R",940,"R",0,"R",22,"R",4,"R",0
126119, 2,"R",5934,"R",966,"R",1106,"R",3862,"R",940,"R",0,"R",22,"R",4,"R",0
126119, 3,"R",4901,"R",671,"R",1039,"R",3191,"R",665,"R",0,"R",3,"R",3,"R",0
126119,11,"R",1033,"R",295,"R",67,"R",671,"R",275,"R",0,"R",19,"R",1,"R",0
126164, 1,"R",73,"A",,"A",,"R",73,"A",,"A",,"A",,"A",,"A",
126164, 2,"R",73,"A",,"A",,"R",73,"A",,"A",,"A",,"A",,"A",
126182, 1,"R",3110,"R",1427,"R",168,"R",1515,"R",630,"R",768,"R",0,"R",28,"R",1
126182, 2,"R",1997,"R",386,"R",142,"R",1469,"R",94,"R",290,"R",0,"R",1,"R",1
126182, 3,"R",1881,"R",364,"R",137,"R",1380,"R",78,"R",284,"R",0,"R",1,"R",1
126182,11,"R",116,"R",22,"R",5,"R",89,"R",16,"R",6,"R",0,"R",0,"R",0
126182,12,"R",1113,"R",1041,"R",26,"R",46,"R",536,"R",478,"R",0,"R",27,"R",0
126207, 1,"R",6250,"R",585,"R",1133,"R",4532,"R",575,"R",10,"R",0,"R",0,"R",0
126207, 2,"R",6250,"R",585,"R",1133,"R",4532,"R",575,"R",10,"R",0,"R",0,"R",0
126207, 3,"R",3834,"R",371,"R",1011,"R",2452,"R",366,"R",5,"R",0,"R",0,"R",0
126207,11,"R",2416,"R",214,"R",122,"R",2080,"R",209,"R",5,"R",0,"R",0,"R",0
126289, 1,"R",11544,"R",3102,"R",1172,"R",7270,"R",1419,"R",1651,"R",0,"R",31,"R",1
126289, 2,"R",11544,"R",3102,"R",1172,"R",7270,"R",1419,"R",1651,"R",0,"R",31,"R",1
126289, 3,"R",6906,"R",2879,"R",1128,"R",2899,"R",1220,"R",1629,"R",0,"R",30,"R",0
126289,11,"R",4638,"R",223,"R",44,"R",4371,"R",199,"R",22,"R",0,"R",1,"R",1
126359, 1,"R",275,"A",,"A",,"R",275,"A",,"A",,"A",,"A",,"A",
126359, 2,"R",275,"A",,"A",,"R",275,"A",,"A",,"A",,"A",,"A",
126359, 3,"R",275,"A",,"A",,"R",275,"A",,"A",,"A",,"A",,"A",
126562, 1,"R",25645,"R",2420,"R",4923,"R",18302,"R",1901,"R",484,"R",5,"R",29,"R",1
126562, 2,"R",16443,"R",967,"R",3693,"R",11783,"R",855,"R",106,"R",3,"R",2,"R",1
126562, 3,"R",11892,"R",928,"R",3682,"R",7282,"R",821,"R",101,"R",3,"R",2,"R",1
126562,11,"R",4551,"R",39,"R",11,"R",4501,"R",34,"R",5,"R",0,"R",0,"R",0
126562,12,"R",9202,"R",1453,"R",1230,"R",6519,"R",1046,"R",378,"R",2,"R",27,"R",0
126580, 1,"R",13123,"R",1383,"R",3244,"R",8496,"R",1149,"R",227,"R",4,"R",3,"R",0
126580, 2,"R",10951,"R",585,"R",2879,"R",7487,"R",542,"R",39,"R",4,"R",0,"R",0
126580, 3,"R",10475,"R",553,"R",2876,"R",7046,"R",513,"R",36,"R",4,"R",0,"R",0
126580,11,"R",476,"R",32,"R",3,"R",441,"R",29,"R",3,"R",0,"R",0,"R",0
126580,12,"R",2172,"R",798,"R",365,"R",1009,"R",607,"R",188,"R",0,"R",3,"R",0
126605, 1,"R",339,"A",,"A",,"R",339,"A",,"A",,"A",,"A",,"A",
126605, 2,"R",339,"A",,"A",,"R",339,"A",,"A",,"A",,"A",,"A",
126605, 3,"R",339,"A",,"A",,"R",339,"A",,"A",,"A",,"A",,"A",
126614, 1,"R",36681,"R",1053,"R",2234,"R",33394,"R",673,"R",362,"R",2,"R",16,"R",0
126614, 2,"R",30159,"R",547,"R",2013,"R",27599,"R",356,"R",179,"R",1,"R",11,"R",0
126614, 3,"R",29753,"R",473,"R",1975,"R",27305,"R",309,"R",156,"R",0,"R",8,"R",0
126614,11,"R",406,"R",74,"R",38,"R",294,"R",47,"R",23,"R",1,"R",3,"R",0
126614,12,"R",6522,"R",506,"R",221,"R",5795,"R",317,"R",183,"R",1,"R",5,"R",0
126669, 1,"R",7625,"R",4042,"R",384,"R",3199,"R",1569,"R",2459,"R",4,"R",8,"R",2
126669, 2,"R",6677,"R",3281,"R",260,"R",3136,"R",1247,"R",2023,"R",3,"R",6,"R",2
126669, 3,"R",4936,"R",3262,"R",254,"R",1420,"R",1231,"R",2020,"R",3,"R",6,"R",2
126669,11,"R",1741,"R",19,"R",6,"R",1716,"R",16,"R",3,"R",0,"R",0,"R",0
126669,12,"R",948,"R",761,"R",124,"R",63,"R",322,"R",436,"R",1,"R",2,"R",0
126678, 1,"R",2144,"A",,"A",,"R",2144,"A",,"A",,"A",,"A",,"A",
126678, 2,"R",2114,"A",,"A",,"R",2114,"A",,"A",,"A",,"A",,"A",
126678, 3,"R",2098,"A",,"A",,"R",2098,"A",,"A",,"A",,"A",,"A",
126678,11,"R",16,"A",,"A",,"R",16,"A",,"A",,"A",,"A",,"A",
126678,12,"R",30,"A",,"A",,"R",30,"A",,"A",,"A",,"A",,"A",
126687, 1,"R",778,"A",,"A",,"R",778,"A",,"A",,"A",,"A",,"A",
126687, 2,"R",778,"A",,"A",,"R",778,"A",,"A",,"A",,"A",,"A",
126687, 3,"R",778,"A",,"A",,"R",778,"A",,"A",,"A",,"A",,"A",
126711, 1,"R",5688,"R",523,"R",725,"R",4440,"R",508,"R",15,"R",0,"R",0,"R",0
126711, 2,"R",5688,"R",523,"R",725,"R",4440,"R",508,"R",15,"R",0,"R",0,"R",0
126711, 3,"R",3250,"R",379,"R",632,"R",2239,"R",366,"R",13,"R",0,"R",0,"R",0
126711,11,"R",2438,"R",144,"R",93,"R",2201,"R",142,"R",2,"R",0,"R",0,"R",0
126748, 1,"R",1154,"R",102,"R",104,"R",948,"R",80,"R",22,"R",0,"R",0,"R",0
126748, 2,"R",1154,"R",102,"R",104,"R",948,"R",80,"R",22,"R",0,"R",0,"R",0
126748, 3,"R",619,"R",85,"R",101,"R",433,"R",71,"R",14,"R",0,"R",0,"R",0
126748,11,"R",535,"R",17,"R",3,"R",515,"R",9,"R",8,"R",0,"R",0,"R",0
126775, 1,"R",6325,"R",29,"R",99,"R",6197,"R",9,"R",12,"R",0,"R",4,"R",4
126775, 2,"R",4952,"R",0,"R",85,"R",4867,"A",,"A",,"A",,"A",,"A",
126775, 3,"R",4906,"R",0,"R",85,"R",4821,"A",,"A",,"A",,"A",,"A",
126775,11,"R",46,"R",0,"R",0,"R",46,"A",,"A",,"A",,"A",,"A",
126775,12,"R",1373,"R",29,"R",14,"R",1330,"R",9,"R",12,"R",0,"R",4,"R",4
126784, 1,"R",135,"A",,"A",,"R",135,"A",,"A",,"A",,"A",,"A",
126784, 2,"R",135,"A",,"A",,"R",135,"A",,"A",,"A",,"A",,"A",
126784, 3,"R",135,"A",,"A",,"R",135,"A",,"A",,"A",,"A",,"A",
126818, 1,"R",33478,"R",3457,"R",4779,"R",25242,"R",1596,"R",1711,"R",34,"R",116,"R",0
126818, 2,"R",25962,"R",1248,"R",4246,"R",20468,"R",630,"R",581,"R",13,"R",24,"R",0
126818, 3,"R",24210,"R",208,"R",4199,"R",19803,"R",178,"R",30,"R",0,"R",0,"R",0
126818,11,"R",1752,"R",1040,"R",47,"R",665,"R",452,"R",551,"R",13,"R",24,"R",0
126818,12,"R",7516,"R",2209,"R",533,"R",4774,"R",966,"R",1130,"R",21,"R",92,"R",0
126827, 1,"R",26184,"R",25038,"R",886,"R",260,"R",2058,"R",22856,"R",1,"R",123,"R",0
126827, 2,"R",22492,"R",21631,"R",720,"R",141,"R",1722,"R",19819,"R",1,"R",89,"R",0
126827, 3,"R",22243,"R",21385,"R",718,"R",140,"R",1720,"R",19575,"R",1,"R",89,"R",0
126827,11,"R",249,"R",246,"R",2,"R",1,"R",2,"R",244,"R",0,"R",0,"R",0
126827,12,"R",3692,"R",3407,"R",166,"R",119,"R",336,"R",3037,"R",0,"R",34,"R",0
126863, 1,"R",7981,"R",744,"R",639,"R",6598,"R",679,"R",17,"R",47,"R",1,"R",0
126863, 2,"R",7981,"R",744,"R",639,"R",6598,"R",679,"R",17,"R",47,"R",1,"R",0
126863, 3,"R",4347,"R",681,"R",625,"R",3041,"R",621,"R",13,"R",46,"R",1,"R",0
126863,11,"R",3634,"R",63,"R",14,"R",3557,"R",58,"R",4,"R",1,"R",0,"R",0
126872, 1,"R",123,"Z",0,"R",123,"R",0,"A",,"A",,"A",,"A",,"A",
126872, 2,"R",123,"Z",0,"R",123,"R",0,"A",,"A",,"A",,"A",,"A",
126872, 3,"R",123,"Z",0,"R",123,"R",0,"A",,"A",,"A",,"A",,"A",
126915, 1,"R",182,"Z",0,"R",37,"R",145,"A",,"A",,"A",,"A",,"A",
126915, 2,"R",182,"Z",0,"R",37,"R",145,"A",,"A",,"A",,"A",,"A",
126915, 3,"R",182,"Z",0,"R",37,"R",145,"A",,"A",,"A",,"A",,"A",
126942, 1,"R",7887,"R",1001,"R",1981,"R",4905,"R",968,"R",30,"R",0,"R",2,"R",1
126942, 2,"R",7887,"R",1001,"R",1981,"R",4905,"R",968,"R",30,"R",0,"R",2,"R",1
126942, 3,"R",6738,"R",889,"R",1836,"R",4013,"R",874,"R",12,"R",0,"R",2,"R",1
126942,11,"R",1149,"R",112,"R",145,"R",892,"R",94,"R",18,"R",0,"R",0,"R",0
126951, 1,"R",1303,"A",,"A",,"R",1303,"A",,"A",,"A",,"A",,"A",
126951, 2,"R",1303,"A",,"A",,"R",1303,"A",,"A",,"A",,"A",,"A",
126951, 3,"R",1303,"A",,"A",,"R",1303,"A",,"A",,"A",,"A",,"A",
126979, 1,"R",885,"R",165,"R",105,"R",615,"R",52,"R",111,"R",0,"R",2,"R",0
126979,12,"R",885,"R",165,"R",105,"R",615,"R",52,"R",111,"R",0,"R",2,"R",0
127060, 1,"R",11952,"R",1604,"R",627,"R",9721,"R",732,"R",835,"R",13,"R",24,"R",0
127060, 2,"R",5801,"R",67,"R",189,"R",5545,"R",47,"R",18,"R",1,"R",1,"R",0
127060, 3,"R",5791,"R",64,"R",189,"R",5538,"R",46,"R",16,"R",1,"R",1,"R",0
127060,11,"R",10,"R",3,"R",0,"R",7,"R",1,"R",2,"R",0,"R",0,"R",0
127060,12,"R",6151,"R",1537,"R",438,"R",4176,"R",685,"R",817,"R",12,"R",23,"R",0
127158, 1,"R",5066,"R",0,"R",87,"R",4979,"A",,"A",,"A",,"A",,"A",
127158, 2,"R",5066,"R",0,"R",87,"R",4979,"A",,"A",,"A",,"A",,"A",
127158, 3,"R",5066,"R",0,"R",87,"R",4979,"A",,"A",,"A",,"A",,"A",
127185, 1,"R",3319,"R",24,"R",238,"R",3057,"R",17,"R",7,"R",0,"R",0,"R",0
127185, 2,"R",3272,"R",16,"R",238,"R",3018,"R",13,"R",3,"R",0,"R",0,"R",0
127185, 3,"R",3118,"R",2,"R",235,"R",2881,"R",0,"R",2,"R",0,"R",0,"R",0
127185,11,"R",154,"R",14,"R",3,"R",137,"R",13,"R",1,"R",0,"R",0,"R",0
127185,12,"R",47,"R",8,"R",0,"R",39,"R",4,"R",4,"R",0,"R",0,"R",0
127200, 1,"R",18880,"R",3284,"R",2465,"R",13131,"R",3182,"R",88,"R",0,"R",14,"R",0
127200, 2,"R",18880,"R",3284,"R",2465,"R",13131,"R",3182,"R",88,"R",0,"R",14,"R",0
127200, 3,"R",13461,"R",2872,"R",2337,"R",8252,"R",2789,"R",71,"R",0,"R",12,"R",0
127200,11,"R",5419,"R",412,"R",128,"R",4879,"R",393,"R",17,"R",0,"R",2,"R",0
127273, 1,"R",263,"R",88,"R",72,"R",103,"R",20,"R",68,"R",0,"R",0,"R",0
127273,12,"R",263,"R",88,"R",72,"R",103,"R",20,"R",68,"R",0,"R",0,"R",0
127316, 1,"R",276,"A",,"A",,"R",276,"A",,"A",,"A",,"A",,"A",
127316, 2,"R",276,"A",,"A",,"R",276,"A",,"A",,"A",,"A",,"A",
127389, 1,"R",754,"R",38,"R",41,"R",675,"R",34,"R",4,"R",0,"R",0,"R",0
127389, 2,"R",754,"R",38,"R",41,"R",675,"R",34,"R",4,"R",0,"R",0,"R",0
127389, 3,"R",464,"R",34,"R",29,"R",401,"R",30,"R",4,"R",0,"R",0,"R",0
127389,11,"R",290,"R",4,"R",12,"R",274,"R",4,"R",0,"R",0,"R",0,"R",0
127556, 1,"R",9492,"R",519,"R",2686,"R",6287,"R",465,"R",52,"R",0,"R",2,"R",0
127556, 2,"R",9365,"R",461,"R",2642,"R",6262,"R",415,"R",44,"R",0,"R",2,"R",0
127556, 3,"R",8384,"R",451,"R",2635,"R",5298,"R",405,"R",44,"R",0,"R",2,"R",0
127556,11,"R",981,"R",10,"R",7,"R",964,"R",10,"R",0,"R",0,"R",0,"R",0
127556,12,"R",127,"R",58,"R",44,"R",25,"R",50,"R",8,"R",0,"R",0,"R",0
127565, 1,"R",20192,"R",1292,"R",6499,"R",12401,"R",1237,"R",41,"R",0,"R",0,"R",14
127565, 2,"R",19437,"R",1237,"R",6291,"R",11909,"R",1185,"R",38,"R",0,"R",0,"R",14
127565, 3,"R",18809,"R",1200,"R",6247,"R",11362,"R",1149,"R",38,"R",0,"R",0,"R",13
127565,11,"R",628,"R",37,"R",44,"R",547,"R",36,"R",0,"R",0,"R",0,"R",1
127565,12,"R",755,"R",55,"R",208,"R",492,"R",52,"R",3,"R",0,"R",0,"R",0
127617, 1,"R",1228,"R",416,"R",270,"R",542,"R",409,"R",7,"R",0,"R",0,"R",0
127617, 2,"R",1228,"R",416,"R",270,"R",542,"R",409,"R",7,"R",0,"R",0,"R",0
127617, 3,"R",645,"R",287,"R",230,"R",128,"R",280,"R",7,"R",0,"R",0,"R",0
127617,11,"R",583,"R",129,"R",40,"R",414,"R",129,"R",0,"R",0,"R",0,"R",0
127653, 1,"R",953,"R",0,"R",75,"R",878,"A",,"A",,"A",,"A",,"A",
127653, 2,"R",419,"A",,"A",,"R",419,"A",,"A",,"A",,"A",,"A",
127653, 3,"R",409,"A",,"A",,"R",409,"A",,"A",,"A",,"A",,"A",
127653,11,"R",10,"A",,"A",,"R",10,"A",,"A",,"A",,"A",,"A",
127653,12,"R",534,"R",0,"R",75,"R",459,"A",,"A",,"A",,"A",,"A",
127714, 1,"R",731,"R",708,"R",11,"R",12,"R",33,"R",653,"R",0,"R",22,"R",0
127714, 2,"R",731,"R",708,"R",11,"R",12,"R",33,"R",653,"R",0,"R",22,"R",0
127714, 3,"R",555,"R",532,"R",11,"R",12,"R",25,"R",487,"R",0,"R",20,"R",0
127714,11,"R",176,"R",176,"R",0,"R",0,"R",8,"R",166,"R",0,"R",2,"R",0
127732, 1,"R",1492,"R",87,"R",138,"R",1267,"R",78,"R",9,"R",0,"R",0,"R",0
127732, 2,"R",1492,"R",87,"R",138,"R",1267,"R",78,"R",9,"R",0,"R",0,"R",0
127732, 3,"R",1103,"R",87,"R",137,"R",879,"R",78,"R",9,"R",0,"R",0,"R",0
127732,11,"R",389,"R",0,"R",1,"R",388,"A",,"A",,"A",,"A",,"A",
127741, 1,"R",13437,"R",1652,"R",2209,"R",9576,"R",992,"R",635,"R",0,"R",25,"R",0
127741, 2,"R",10232,"R",549,"R",1659,"R",8024,"R",275,"R",271,"R",0,"R",3,"R",0
127741, 3,"R",8903,"R",390,"R",1646,"R",6867,"R",247,"R",140,"R",0,"R",3,"R",0
127741,11,"R",1329,"R",159,"R",13,"R",1157,"R",28,"R",131,"R",0,"R",0,"R",0
127741,12,"R",3205,"R",1103,"R",550,"R",1552,"R",717,"R",364,"R",0,"R",22,"R",0
127778, 1,"R",1262,"R",39,"R",65,"R",1158,"R",27,"R",12,"Z",0,"Z",0,"R",0
127778, 2,"R",1262,"R",39,"R",65,"R",1158,"R",27,"R",12,"Z",0,"Z",0,"R",0
127778, 3,"R",806,"R",39,"R",65,"R",702,"R",27,"R",12,"Z",0,"Z",0,"R",0
127778,11,"R",456,"R",0,"R",0,"R",456,"A",,"A",,"A",,"A",,"A",
127787, 1,"R",7,"R",0,"R",0,"R",7,"A",,"A",,"A",,"A",,"A",
127787, 2,"R",7,"R",0,"R",0,"R",7,"A",,"A",,"A",,"A",,"A",
127787, 3,"R",7,"R",0,"R",0,"R",7,"A",,"A",,"A",,"A",,"A",
127820, 1,"R",13204,"R",2093,"R",2653,"R",8458,"R",1969,"R",110,"R",1,"R",13,"R",0
127820, 2,"R",13204,"R",2093,"R",2653,"R",8458,"R",1969,"R",110,"R",1,"R",13,"R",0
127820, 3,"R",10562,"R",1986,"R",2501,"R",6075,"R",1871,"R",101,"R",1,"R",13,"R",0
127820,11,"R",2642,"R",107,"R",152,"R",2383,"R",98,"R",9,"R",0,"R",0,"R",0
127884, 1,"R",6197,"R",764,"R",753,"R",4680,"R",747,"R",17,"R",0,"R",0,"R",0
127884, 2,"R",6197,"R",764,"R",753,"R",4680,"R",747,"R",17,"R",0,"R",0,"R",0
127884, 3,"R",3757,"R",738,"R",740,"R",2279,"R",721,"R",17,"R",0,"R",0,"R",0
127884,11,"R",2440,"R",26,"R",13,"R",2401,"R",26,"R",0,"R",0,"R",0,"R",0
127909, 1,"R",7384,"R",1151,"R",964,"R",5269,"R",1125,"R",24,"R",0,"R",0,"R",2
127909, 2,"R",7322,"R",1151,"R",964,"R",5207,"R",1125,"R",24,"R",0,"R",0,"R",2
127909, 3,"R",5920,"R",983,"R",921,"R",4016,"R",963,"R",18,"R",0,"R",0,"R",2
127909,11,"R",1402,"R",168,"R",43,"R",1191,"R",162,"R",6,"R",0,"R",0,"R",0
127909,12,"R",62,"A",,"A",,"R",62,"A",,"A",,"A",,"A",,"A",
127918, 1,"R",7907,"R",2515,"R",2484,"R",2908,"R",1068,"R",957,"R",3,"R",487,"R",0
127918, 2,"R",3961,"R",1301,"R",998,"R",1662,"R",433,"R",420,"R",0,"R",448,"R",0
127918, 3,"R",3926,"R",1275,"R",995,"R",1656,"R",417,"R",410,"R",0,"R",448,"R",0
127918,11,"R",35,"R",26,"R",3,"R",6,"R",16,"R",10,"R",0,"R",0,"R",0
127918,12,"R",3946,"R",1214,"R",1486,"R",1246,"R",635,"R",537,"R",3,"R",39,"R",0
127945, 1,"R",1054,"R",512,"R",542,"R",0,"R",104,"R",405,"R",0,"R",2,"R",1
127945, 2,"R",1054,"R",512,"R",542,"R",0,"R",104,"R",405,"R",0,"R",2,"R",1
127945, 3,"R",1051,"R",510,"R",541,"R",0,"R",104,"R",404,"R",0,"R",2,"R",0
127945,11,"R",3,"R",2,"R",1,"R",0,"R",0,"R",1,"R",0,"R",0,"R",1
127954, 1,"R",63,"A",,"A",,"R",63,"A",,"A",,"A",,"A",,"A",
127954, 2,"R",17,"A",,"A",,"R",17,"A",,"A",,"A",,"A",,"A",
127954, 3,"R",17,"A",,"A",,"R",17,"A",,"A",,"A",,"A",,"A",
127954,12,"R",46,"A",,"A",,"R",46,"A",,"A",,"A",,"A",,"A",
128106, 1,"R",6736,"R",145,"R",662,"R",5929,"R",131,"R",13,"R",1,"R",0,"R",0
128106, 2,"R",4385,"R",104,"R",631,"R",3650,"R",95,"R",8,"R",1,"R",0,"R",0
128106, 3,"R",3630,"R",93,"R",623,"R",2914,"R",84,"R",8,"R",1,"R",0,"R",0
128106,11,"R",755,"R",11,"R",8,"R",736,"R",11,"R",0,"R",0,"R",0,"R",0
128106,12,"R",2351,"R",41,"R",31,"R",2279,"R",36,"R",5,"R",0,"R",0,"R",0
128151, 1,"R",1212,"A",,"A",,"R",1212,"A",,"A",,"A",,"A",,"A",
128151, 2,"R",1212,"A",,"A",,"R",1212,"A",,"A",,"A",,"A",,"A",
128151, 3,"R",1202,"A",,"A",,"R",1202,"A",,"A",,"A",,"A",,"A",
128151,11,"R",10,"A",,"A",,"R",10,"A",,"A",,"A",,"A",,"A",
128179, 1,"R",598,"A",,"A",,"R",598,"A",,"A",,"A",,"A",,"A",
128179, 2,"R",598,"A",,"A",,"R",598,"A",,"A",,"A",,"A",,"A",
128179, 3,"R",598,"A",,"A",,"R",598,"A",,"A",,"A",,"A",,"A",
128188, 1,"R",841,"A",,"A",,"R",841,"A",,"A",,"A",,"A",,"A",
128188, 2,"R",841,"A",,"A",,"R",841,"A",,"A",,"A",,"A",,"A",
128188, 3,"R",841,"A",,"A",,"R",841,"A",,"A",,"A",,"A",,"A",
128258, 1,"R",1542,"R",127,"R",199,"R",1216,"R",109,"R",18,"R",0,"R",0,"R",0
128258, 2,"R",1542,"R",127,"R",199,"R",1216,"R",109,"R",18,"R",0,"R",0,"R",0
128258, 3,"R",1021,"R",92,"R",159,"R",770,"R",75,"R",17,"R",0,"R",0,"R",0
128258,11,"R",521,"R",35,"R",40,"R",446,"R",34,"R",1,"R",0,"R",0,"R",0
128328, 1,"R",4336,"A",,"A",,"R",4336,"A",,"A",,"A",,"A",,"A",
128328, 2,"R",4336,"A",,"A",,"R",4336,"A",,"A",,"A",,"A",,"A",
128328, 3,"R",4336,"A",,"A",,"R",4336,"A",,"A",,"A",,"A",,"A",
128337, 1,"R",101,"A",,"A",,"R",101,"A",,"A",,"A",,"A",,"A",
128337, 2,"R",101,"A",,"A",,"R",101,"A",,"A",,"A",,"A",,"A",
128391, 1,"R",3034,"R",143,"R",275,"R",2616,"R",103,"R",34,"R",0,"R",0,"R",6
128391, 2,"R",2606,"R",2,"R",143,"R",2461,"R",1,"R",1,"R",0,"R",0,"R",0
128391, 3,"R",1940,"R",1,"R",142,"R",1797,"R",0,"R",1,"R",0,"R",0,"R",0
128391,11,"R",666,"R",1,"R",1,"R",664,"R",1,"R",0,"R",0,"R",0,"R",0
128391,12,"R",428,"R",141,"R",132,"R",155,"R",102,"R",33,"R",0,"R",0,"R",6
128498, 1,"R",1456,"R",255,"R",412,"R",789,"R",242,"R",13,"Z",0,"R",0,"R",0
128498, 2,"R",1116,"R",168,"R",378,"R",570,"R",156,"R",12,"Z",0,"R",0,"R",0
128498, 3,"R",1113,"R",167,"R",378,"R",568,"R",155,"R",12,"Z",0,"R",0,"R",0
128498,11,"R",3,"R",1,"R",0,"R",2,"R",1,"Z",0,"Z",0,"R",0,"R",0
128498,12,"R",340,"R",87,"R",34,"R",219,"R",86,"R",1,"Z",0,"R",0,"R",0
128577, 1,"R",1858,"R",156,"R",255,"R",1447,"R",144,"R",12,"Z",0,"Z",0,"R",0
128577, 2,"R",1858,"R",156,"R",255,"R",1447,"R",144,"R",12,"Z",0,"Z",0,"R",0
128577, 3,"R",1479,"R",98,"R",243,"R",1138,"R",87,"R",11,"Z",0,"Z",0,"R",0
128577,11,"R",379,"R",58,"R",12,"R",309,"R",57,"R",1,"Z",0,"Z",0,"R",0
128586, 1,"R",34,"A",,"A",,"R",34,"A",,"A",,"A",,"A",,"A",
128586, 2,"R",34,"A",,"A",,"R",34,"A",,"A",,"A",,"A",,"A",
128586, 3,"R",34,"A",,"A",,"R",34,"A",,"A",,"A",,"A",,"A",
128674, 1,"R",117,"A",,"A",,"R",117,"A",,"A",,"A",,"A",,"A",
128674, 2,"R",117,"A",,"A",,"R",117,"A",,"A",,"A",,"A",,"A",
128744, 1,"R",5485,"R",858,"R",1016,"R",3611,"R",557,"R",293,"Z",0,"R",8,"R",0
128744, 2,"R",3415,"R",406,"R",669,"R",2340,"R",356,"R",50,"Z",0,"Z",0,"R",0
128744, 3,"R",3415,"R",406,"R",669,"R",2340,"R",356,"R",50,"Z",0,"Z",0,"R",0
128744,12,"R",2070,"R",452,"R",347,"R",1271,"R",201,"R",243,"Z",0,"R",8,"R",0
128771, 1,"R",11822,"R",119,"R",716,"R",10987,"R",105,"R",13,"Z",0,"R",1,"R",0
128771, 2,"R",9546,"R",19,"R",485,"R",9042,"R",19,"Z",0,"Z",0,"Z",0,"R",0
128771, 3,"R",9325,"R",18,"R",484,"R",8823,"R",18,"Z",0,"Z",0,"Z",0,"R",0
128771,11,"R",221,"R",1,"R",1,"R",219,"R",1,"Z",0,"Z",0,"Z",0,"R",0
128771,12,"R",2276,"R",100,"R",231,"R",1945,"R",86,"R",13,"Z",0,"R",1,"R",0
128780, 1,"R",1641,"R",1641,"A",,"A",,"R",1341,"R",289,"R",6,"R",5,"R",0
128780, 2,"R",1549,"R",1549,"A",,"A",,"R",1266,"R",272,"R",6,"R",5,"R",0
128780, 3,"R",1478,"R",1478,"A",,"A",,"R",1201,"R",266,"R",6,"R",5,"R",0
128780,11,"R",71,"R",71,"A",,"A",,"R",65,"R",6,"Z",0,"Z",0,"R",0
128780,12,"R",92,"R",92,"A",,"A",,"R",75,"R",17,"Z",0,"Z",0,"R",0
128896, 1,"R",231,"A",,"A",,"R",231,"A",,"A",,"A",,"A",,"A",
128896, 2,"R",231,"A",,"A",,"R",231,"A",,"A",,"A",,"A",,"A",
128902, 1,"R",1844,"A",,"A",,"R",1844,"A",,"A",,"A",,"A",,"A",
128902, 2,"R",1844,"A",,"A",,"R",1844,"A",,"A",,"A",,"A",,"A",
128902, 3,"R",1798,"A",,"A",,"R",1798,"A",,"A",,"A",,"A",,"A",
128902,11,"R",46,"A",,"A",,"R",46,"A",,"A",,"A",,"A",,"A",
129002, 1,"R",260,"A",,"A",,"R",260,"A",,"A",,"A",,"A",,"A",
129002, 2,"R",260,"A",,"A",,"R",260,"A",,"A",,"A",,"A",,"A",
129020, 1,"R",27412,"R",565,"R",2844,"R",24003,"R",342,"R",201,"Z",0,"R",22,"R",0
129020, 2,"R",19133,"R",29,"R",2223,"R",16881,"R",19,"R",7,"Z",0,"R",3,"R",0
129020, 3,"R",18830,"R",17,"R",2217,"R",16596,"R",13,"R",4,"Z",0,"Z",0,"R",0
129020,11,"R",303,"R",12,"R",6,"R",285,"R",6,"R",3,"Z",0,"R",3,"R",0
129020,12,"R",8279,"R",536,"R",621,"R",7122,"R",323,"R",194,"Z",0,"R",19,"R",0
129154, 1,"R",3397,"R",832,"R",1193,"R",1372,"R",768,"R",63,"Z",0,"R",1,"R",0
129154, 2,"R",3330,"R",812,"R",1190,"R",1328,"R",752,"R",59,"Z",0,"R",1,"R",0
129154, 3,"R",3157,"R",805,"R",1188,"R",1164,"R",746,"R",58,"Z",0,"R",1,"R",0
129154,11,"R",173,"R",7,"R",2,"R",164,"R",6,"R",1,"Z",0,"Z",0,"R",0
129154,12,"R",67,"R",20,"R",3,"R",44,"R",16,"R",4,"Z",0,"Z",0,"R",0
129181, 1,"R",913,"A",,"A",,"R",913,"A",,"A",,"A",,"A",,"A",
129181, 2,"R",913,"A",,"A",,"R",913,"A",,"A",,"A",,"A",,"A",
129215, 1,"R",5208,"R",21,"R",404,"R",4783,"R",20,"R",1,"Z",0,"Z",0,"R",0
129215, 2,"R",5013,"R",12,"R",375,"R",4626,"R",11,"R",1,"Z",0,"Z",0,"R",0
129215, 3,"R",4674,"R",12,"R",375,"R",4287,"R",11,"R",1,"Z",0,"Z",0,"R",0
129215,11,"R",339,"Z",0,"Z",0,"R",339,"A",,"A",,"A",,"A",,"A",
129215,12,"R",195,"R",9,"R",29,"R",157,"R",9,"Z",0,"Z",0,"Z",0,"R",0
129242, 1,"R",5273,"R",53,"R",707,"R",4513,"R",53,"Z",0,"Z",0,"Z",0,"R",0
129242, 2,"R",4177,"R",9,"R",461,"R",3707,"R",9,"Z",0,"Z",0,"Z",0,"R",0
129242, 3,"R",4103,"R",8,"R",460,"R",3635,"R",8,"Z",0,"Z",0,"Z",0,"R",0
129242,11,"R",74,"R",1,"R",1,"R",72,"R",1,"Z",0,"Z",0,"Z",0,"R",0
129242,12,"R",1096,"R",44,"R",246,"R",806,"R",44,"Z",0,"Z",0,"Z",0,"R",0
129349, 1,"R",193,"A",,"A",,"R",193,"A",,"A",,"A",,"A",,"A",
129349, 2,"R",193,"A",,"A",,"R",193,"A",,"A",,"A",,"A",,"A",
129367, 1,"R",3290,"R",377,"R",726,"R",2187,"R",373,"R",4,"Z",0,"Z",0,"R",0
129367, 2,"R",3290,"R",377,"R",726,"R",2187,"R",373,"R",4,"Z",0,"Z",0,"R",0
129367, 3,"R",2966,"R",264,"R",694,"R",2008,"R",263,"R",1,"Z",0,"Z",0,"R",0
129367,11,"R",324,"R",113,"R",32,"R",179,"R",110,"R",3,"Z",0,"Z",0,"R",0
129428, 1,"R",67,"A",,"A",,"R",67,"A",,"A",,"A",,"A",,"A",
129428,12,"R",67,"A",,"A",,"R",67,"A",,"A",,"A",,"A",,"A",
129482, 1,"R",422,"R",0,"R",397,"R",25,"A",,"A",,"A",,"A",,"A",
129482, 2,"R",422,"R",0,"R",397,"R",25,"A",,"A",,"A",,"A",,"A",
129491, 1,"R",138,"R",29,"R",26,"R",83,"R",5,"R",23,"Z",0,"R",1,"R",0
129491,12,"R",138,"R",29,"R",26,"R",83,"R",5,"R",23,"Z",0,"R",1,"R",0
129525, 1,"R",6770,"R",671,"R",319,"R",5780,"R",431,"R",222,"R",2,"R",16,"R",0
129525, 2,"R",5000,"R",52,"R",129,"R",4819,"R",39,"R",13,"Z",0,"Z",0,"R",0
129525, 3,"R",4750,"R",46,"R",127,"R",4577,"R",35,"R",11,"Z",0,"Z",0,"R",0
129525,11,"R",250,"R",6,"R",2,"R",242,"R",4,"R",2,"Z",0,"Z",0,"R",0
129525,12,"R",1770,"R",619,"R",190,"R",961,"R",392,"R",209,"R",2,"R",16,"R",0
129534, 1,"R",546,"R",448,"R",8,"R",90,"R",29,"R",301,"R",44,"R",2,"R",72
129534, 2,"R",166,"R",123,"R",4,"R",39,"R",6,"R",43,"R",1,"R",1,"R",72
129534, 3,"R",137,"R",97,"R",3,"R",37,"R",6,"R",18,"R",1,"R",0,"R",72
129534,11,"R",29,"R",26,"R",1,"R",2,"R",0,"R",25,"R",0,"R",1,"R",0
129534,12,"R",380,"R",325,"R",4,"R",51,"R",23,"R",258,"R",43,"R",1,"R",0
129543, 1,"R",5012,"R",280,"R",721,"R",4011,"R",275,"R",4,"R",1,"Z",0,"R",0
129543, 2,"R",5012,"R",280,"R",721,"R",4011,"R",275,"R",4,"R",1,"Z",0,"R",0
129543, 3,"R",4651,"R",247,"R",706,"R",3698,"R",242,"R",4,"R",1,"Z",0,"R",0
129543,11,"R",361,"R",33,"R",15,"R",313,"R",33,"Z",0,"R",0,"Z",0,"R",0
129695, 1,"R",6003,"R",435,"R",946,"R",4622,"R",428,"R",7,"Z",0,"Z",0,"R",0
129695, 2,"R",6003,"R",435,"R",946,"R",4622,"R",428,"R",7,"Z",0,"Z",0,"R",0
129695, 3,"R",5489,"R",334,"R",906,"R",4249,"R",331,"R",3,"Z",0,"Z",0,"R",0
129695,11,"R",514,"R",101,"R",40,"R",373,"R",97,"R",4,"Z",0,"Z",0,"R",0
129729, 1,"R",6237,"R",219,"R",841,"R",5177,"R",216,"R",3,"Z",0,"Z",0,"R",0
129729, 2,"R",6237,"R",219,"R",841,"R",5177,"R",216,"R",3,"Z",0,"Z",0,"R",0
129729, 3,"R",5699,"R",173,"R",818,"R",4708,"R",170,"R",3,"Z",0,"Z",0,"R",0
129729,11,"R",538,"R",46,"R",23,"R",469,"R",46,"Z",0,"Z",0,"Z",0,"R",0
129756, 1,"R",2547,"R",188,"R",649,"R",1710,"R",186,"R",2,"Z",0,"Z",0,"R",0
129756, 2,"R",2547,"R",188,"R",649,"R",1710,"R",186,"R",2,"Z",0,"Z",0,"R",0
129756, 3,"R",2207,"R",118,"R",623,"R",1466,"R",117,"R",1,"Z",0,"Z",0,"R",0
129756,11,"R",340,"R",70,"R",26,"R",244,"R",69,"R",1,"Z",0,"Z",0,"R",0
129774, 1,"R",665,"A",,"A",,"R",665,"A",,"A",,"A",,"A",,"A",
129774, 2,"R",665,"A",,"A",,"R",665,"A",,"A",,"A",,"A",,"A",
129774, 3,"R",588,"A",,"A",,"R",588,"A",,"A",,"A",,"A",,"A",
129774,11,"R",77,"A",,"A",,"R",77,"A",,"A",,"A",,"A",,"A",
129808, 1,"R",3997,"R",295,"R",1086,"R",2616,"R",284,"R",10,"R",1,"Z",0,"R",0
129808, 2,"R",3997,"R",295,"R",1086,"R",2616,"R",284,"R",10,"R",1,"Z",0,"R",0
129808, 3,"R",3671,"R",240,"R",1006,"R",2425,"R",230,"R",9,"R",1,"Z",0,"R",0
129808,11,"R",326,"R",55,"R",80,"R",191,"R",54,"R",1,"Z",0,"Z",0,"R",0
129923, 1,"R",501,"A",,"A",,"R",501,"A",,"A",,"A",,"A",,"A",
129923, 2,"R",501,"A",,"A",,"R",501,"A",,"A",,"A",,"A",,"A",
129932, 1,"R",296,"A",,"A",,"R",296,"A",,"A",,"A",,"A",,"A",
129932, 2,"R",296,"A",,"A",,"R",296,"A",,"A",,"A",,"A",,"A",
129941, 1,"R",6867,"R",347,"R",1053,"R",5467,"R",167,"R",174,"R",0,"R",6,"R",0
129941, 2,"R",5092,"R",48,"R",824,"R",4220,"R",29,"R",19,"R",0,"R",0,"R",0
129941, 3,"R",5041,"R",48,"R",824,"R",4169,"R",29,"R",19,"R",0,"R",0,"R",0
129941,11,"R",51,"R",0,"R",0,"R",51,"A",,"A",,"A",,"A",,"A",
129941,12,"R",1775,"R",299,"R",229,"R",1247,"R",138,"R",155,"R",0,"R",6,"R",0
130004, 1,"R",5413,"R",198,"R",656,"R",4559,"R",194,"R",4,"Z",0,"Z",0,"R",0
130004, 2,"R",5413,"R",198,"R",656,"R",4559,"R",194,"R",4,"Z",0,"Z",0,"R",0
130004, 3,"R",4400,"R",130,"R",571,"R",3699,"R",129,"R",1,"Z",0,"Z",0,"R",0
130004,11,"R",1013,"R",68,"R",85,"R",860,"R",65,"R",3,"Z",0,"Z",0,"R",0
130040, 1,"R",1299,"R",122,"R",380,"R",797,"R",122,"Z",0,"Z",0,"Z",0,"R",0
130040, 2,"R",1299,"R",122,"R",380,"R",797,"R",122,"Z",0,"Z",0,"Z",0,"R",0
130040, 3,"R",1002,"R",77,"R",368,"R",557,"R",77,"Z",0,"Z",0,"Z",0,"R",0
130040,11,"R",297,"R",45,"R",12,"R",240,"R",45,"Z",0,"Z",0,"Z",0,"R",0
130110, 1,"R",83,"A",,"A",,"R",83,"A",,"A",,"A",,"A",,"A",
130110, 2,"R",83,"A",,"A",,"R",83,"A",,"A",,"A",,"A",,"A",
130110, 3,"R",71,"A",,"A",,"R",71,"A",,"A",,"A",,"A",,"A",
130110,11,"R",12,"A",,"A",,"R",12,"A",,"A",,"A",,"A",,"A",
130174, 1,"R",1982,"A",,"A",,"R",1982,"A",,"A",,"A",,"A",,"A",
130174, 2,"R",1982,"A",,"A",,"R",1982,"A",,"A",,"A",,"A",,"A",
130183, 1,"R",9601,"R",8769,"R",234,"R",598,"R",1769,"R",6948,"R",0,"R",52,"R",0
130183, 2,"R",8854,"R",8040,"R",216,"R",598,"R",1402,"R",6634,"R",0,"R",4,"R",0
130183, 3,"R",8770,"R",7973,"R",212,"R",585,"R",1382,"R",6587,"R",0,"R",4,"R",0
130183,11,"R",84,"R",67,"R",4,"R",13,"R",20,"R",47,"R",0,"R",0,"R",0
130183,12,"R",747,"R",729,"R",18,"R",0,"R",367,"R",314,"R",0,"R",48,"R",0
130217, 1,"R",1335,"R",84,"R",278,"R",973,"R",82,"R",2,"Z",0,"Z",0,"R",0
130217, 2,"R",1335,"R",84,"R",278,"R",973,"R",82,"R",2,"Z",0,"Z",0,"R",0
130217, 3,"R",1236,"R",76,"R",274,"R",886,"R",74,"R",2,"Z",0,"Z",0,"R",0
130217,11,"R",99,"R",8,"R",4,"R",87,"R",8,"Z",0,"Z",0,"Z",0,"R",0
130226, 1,"R",10207,"R",1019,"R",1074,"R",8114,"R",806,"Z",0,"Z",0,"Z",0,"R",213
130226, 2,"R",7425,"R",217,"R",666,"R",6542,"R",4,"Z",0,"Z",0,"Z",0,"R",213
130226, 3,"R",7371,"R",213,"R",666,"R",6492,"Z",0,"Z",0,"Z",0,"Z",0,"R",213
130226,11,"R",54,"R",4,"Z",0,"R",50,"R",4,"Z",0,"Z",0,"Z",0,"R",0
130226,12,"R",2782,"R",802,"R",408,"R",1572,"R",802,"Z",0,"Z",0,"Z",0,"R",0
130253, 1,"R",8958,"R",1102,"R",1699,"R",6157,"R",589,"R",496,"Z",0,"R",17,"R",0
130253, 2,"R",5974,"R",239,"R",1557,"R",4178,"R",179,"R",58,"Z",0,"R",2,"R",0
130253, 3,"R",5907,"R",213,"R",1556,"R",4138,"R",168,"R",45,"Z",0,"Z",0,"R",0
130253,11,"R",67,"R",26,"R",1,"R",40,"R",11,"R",13,"Z",0,"R",2,"R",0
130253,12,"R",2984,"R",863,"R",142,"R",1979,"R",410,"R",438,"Z",0,"R",15,"R",0
130314, 1,"R",2465,"R",227,"R",342,"R",1896,"R",70,"R",154,"Z",0,"R",3,"R",0
130314, 2,"R",903,"R",8,"R",234,"R",661,"R",8,"Z",0,"Z",0,"Z",0,"R",0
130314, 3,"R",865,"R",8,"R",230,"R",627,"R",8,"Z",0,"Z",0,"Z",0,"R",0
130314,11,"R",38,"Z",0,"R",4,"R",34,"A",,"A",,"A",,"A",,"A",
130314,12,"R",1562,"R",219,"R",108,"R",1235,"R",62,"R",154,"Z",0,"R",3,"R",0
130396, 1,"R",7016,"R",219,"R",760,"R",6037,"R",219,"Z",0,"Z",0,"Z",0,"R",0
130396, 2,"R",7016,"R",219,"R",760,"R",6037,"R",219,"Z",0,"Z",0,"Z",0,"R",0
130396, 3,"R",6274,"R",182,"R",744,"R",5348,"R",182,"Z",0,"Z",0,"Z",0,"R",0
130396,11,"R",742,"R",37,"R",16,"R",689,"R",37,"Z",0,"Z",0,"Z",0,"R",0
130493, 1,"R",10050,"R",229,"R",1334,"R",8487,"R",209,"R",20,"Z",0,"Z",0,"R",0
130493, 2,"R",8122,"R",70,"R",1169,"R",6883,"R",65,"R",5,"Z",0,"Z",0,"R",0
130493, 3,"R",7890,"R",63,"R",1162,"R",6665,"R",59,"R",4,"Z",0,"Z",0,"R",0
130493,11,"R",232,"R",7,"R",7,"R",218,"R",6,"R",1,"Z",0,"Z",0,"R",0
130493,12,"R",1928,"R",159,"R",165,"R",1604,"R",144,"R",15,"Z",0,"Z",0,"R",0
130509, 1,"R",544,"A",,"A",,"R",544,"A",,"A",,"A",,"A",,"A",
130509, 2,"R",544,"A",,"A",,"R",544,"A",,"A",,"A",,"A",,"A",
130590, 1,"R",2235,"A",,"A",,"R",2235,"A",,"A",,"A",,"A",,"A",
130590, 2,"R",2182,"A",,"A",,"R",2182,"A",,"A",,"A",,"A",,"A",
130590, 3,"R",2162,"A",,"A",,"R",2162,"A",,"A",,"A",,"A",,"A",
130590,11,"R",20,"A",,"A",,"R",20,"A",,"A",,"A",,"A",,"A",
130590,12,"R",53,"A",,"A",,"R",53,"A",,"A",,"A",,"A",,"A",
130606, 1,"R",3902,"R",434,"R",744,"R",2724,"R",431,"R",3,"Z",0,"Z",0,"R",0
130606, 2,"R",3902,"R",434,"R",744,"R",2724,"R",431,"R",3,"Z",0,"Z",0,"R",0
130606, 3,"R",3440,"R",320,"R",696,"R",2424,"R",319,"R",1,"Z",0,"Z",0,"R",0
130606,11,"R",462,"R",114,"R",48,"R",300,"R",112,"R",2,"Z",0,"Z",0,"R",0
130624, 1,"R",1071,"A",,"A",,"R",1071,"A",,"A",,"A",,"A",,"A",
130624, 2,"R",1071,"A",,"A",,"R",1071,"A",,"A",,"A",,"A",,"A",
130624, 3,"R",1071,"A",,"A",,"R",1071,"A",,"A",,"A",,"A",,"A",
130697, 1,"R",3217,"A",,"A",,"R",3217,"A",,"A",,"A",,"A",,"A",
130697, 2,"R",3009,"A",,"A",,"R",3009,"A",,"A",,"A",,"A",,"A",
130697, 3,"R",2922,"A",,"A",,"R",2922,"A",,"A",,"A",,"A",,"A",
130697,11,"R",87,"A",,"A",,"R",87,"A",,"A",,"A",,"A",,"A",
130697,12,"R",208,"A",,"A",,"R",208,"A",,"A",,"A",,"A",,"A",
130776, 1,"R",5642,"R",207,"R",1326,"R",4109,"R",152,"R",55,"Z",0,"Z",0,"R",0
130776, 2,"R",5028,"R",45,"R",1240,"R",3743,"R",42,"R",3,"Z",0,"Z",0,"R",0
130776, 3,"R",4872,"R",41,"R",1233,"R",3598,"R",38,"R",3,"Z",0,"Z",0,"R",0
130776,11,"R",156,"R",4,"R",7,"R",145,"R",4,"Z",0,"Z",0,"Z",0,"R",0
130776,12,"R",614,"R",162,"R",86,"R",366,"R",110,"R",52,"Z",0,"Z",0,"R",0
130794, 1,"R",13433,"R",0,"Z",0,"R",13433,"A",,"A",,"A",,"A",,"A",
130794, 2,"R",5964,"R",0,"Z",0,"R",5964,"A",,"A",,"A",,"A",,"A",
130794, 3,"R",5963,"R",0,"Z",0,"R",5963,"A",,"A",,"A",,"A",,"A",
130794,11,"R",1,"Z",0,"Z",0,"R",1,"A",,"A",,"A",,"A",,"A",
130794,12,"R",7469,"R",0,"Z",0,"R",7469,"A",,"A",,"A",,"A",,"A",
130837, 1,"R",65,"A",,"A",,"R",65,"A",,"A",,"A",,"A",,"A",
130837, 2,"R",65,"A",,"A",,"R",65,"A",,"A",,"A",,"A",,"A",
130873, 1,"R",128,"R",34,"R",14,"R",80,"R",22,"R",12,"R",0,"R",0,"R",0
130873, 2,"R",128,"R",34,"R",14,"R",80,"R",22,"R",12,"R",0,"R",0,"R",0
130907, 1,"R",13895,"R",1054,"R",3079,"R",9762,"R",941,"R",113,"R",0,"R",0,"R",0
130907, 2,"R",13895,"R",1054,"R",3079,"R",9762,"R",941,"R",113,"R",0,"R",0,"R",0
130907, 3,"R",12152,"R",892,"R",3006,"R",8254,"R",800,"R",92,"R",0,"R",0,"R",0
130907,11,"R",1743,"R",162,"R",73,"R",1508,"R",141,"R",21,"R",0,"R",0,"R",0
130934, 1,"R",4586,"R",5,"R",1444,"R",3137,"R",3,"R",2,"Z",0,"Z",0,"R",0
130934, 2,"R",4208,"R",5,"R",1397,"R",2806,"R",3,"R",2,"Z",0,"Z",0,"R",0
130934, 3,"R",3835,"R",5,"R",1390,"R",2440,"R",3,"R",2,"Z",0,"Z",0,"R",0
130934,11,"R",373,"R",0,"R",7,"R",366,"A",,"A",,"A",,"A",,"A",
130934,12,"R",378,"R",0,"R",47,"R",331,"A",,"A",,"A",,"A",,"A",
130943, 1,"R",24120,"R",391,"R",2306,"R",21423,"R",202,"R",175,"Z",0,"Z",0,"R",14
130943, 2,"R",19956,"R",132,"R",1599,"R",18225,"R",84,"R",41,"Z",0,"Z",0,"R",7
130943, 3,"R",19060,"R",72,"R",1582,"R",17406,"R",48,"R",24,"Z",0,"Z",0,"R",0
130943,11,"R",896,"R",60,"R",17,"R",819,"R",36,"R",17,"Z",0,"Z",0,"R",7
130943,12,"R",4164,"R",259,"R",707,"R",3198,"R",118,"R",134,"Z",0,"Z",0,"R",7
130989, 1,"R",1493,"A",,"A",,"R",1493,"A",,"A",,"A",,"A",,"A",
130989, 2,"R",739,"A",,"A",,"R",739,"A",,"A",,"A",,"A",,"A",
130989, 3,"R",730,"A",,"A",,"R",730,"A",,"A",,"A",,"A",,"A",
130989,11,"R",9,"A",,"A",,"R",9,"A",,"A",,"A",,"A",,"A",
130989,12,"R",754,"A",,"A",,"R",754,"A",,"A",,"A",,"A",,"A",
131061, 1,"R",123,"A",,"A",,"R",123,"A",,"A",,"A",,"A",,"A",
131061, 2,"R",123,"A",,"A",,"R",123,"A",,"A",,"A",,"A",,"A",
131098, 1,"R",1351,"R",15,"R",64,"R",1272,"R",10,"R",5,"R",0,"R",0,"R",0
131098, 2,"R",1229,"R",0,"R",64,"R",1165,"A",,"A",,"A",,"A",,"A",
131098, 3,"R",1163,"R",0,"R",64,"R",1099,"A",,"A",,"A",,"A",,"A",
131098,11,"R",66,"R",0,"R",0,"R",66,"A",,"A",,"A",,"A",,"A",
131098,12,"R",122,"R",15,"R",0,"R",107,"R",10,"R",5,"R",0,"R",0,"R",0
131113, 1,"R",14096,"R",7064,"R",2622,"R",4410,"R",3274,"R",3756,"Z",0,"R",7,"R",27
131113, 2,"R",8902,"R",4092,"R",1916,"R",2894,"R",1955,"R",2122,"Z",0,"R",1,"R",14
131113, 3,"R",8079,"R",4018,"R",1902,"R",2159,"R",1893,"R",2110,"Z",0,"R",1,"R",14
131113,11,"R",823,"R",74,"R",14,"R",735,"R",62,"R",12,"Z",0,"Z",0,"R",0
131113,12,"R",5194,"R",2972,"R",706,"R",1516,"R",1319,"R",1634,"Z",0,"R",6,"R",13
131159, 1,"R",14311,"R",478,"R",549,"R",13284,"R",42,"R",415,"R",21,"R",0,"R",0
131159, 2,"R",8287,"R",2,"R",309,"R",7976,"R",0,"R",2,"R",0,"R",0,"R",0
131159, 3,"R",7485,"R",2,"R",309,"R",7174,"R",0,"R",2,"R",0,"R",0,"R",0
131159,11,"R",802,"R",0,"R",0,"R",802,"A",,"A",,"A",,"A",,"A",
131159,12,"R",6024,"R",476,"R",240,"R",5308,"R",42,"R",413,"R",21,"R",0,"R",0
131283, 1,"R",5956,"R",414,"R",367,"R",5175,"R",38,"R",374,"Z",0,"R",2,"R",0
131283, 2,"R",3332,"R",8,"R",131,"R",3193,"R",4,"R",4,"Z",0,"Z",0,"R",0
131283, 3,"R",3294,"R",7,"R",130,"R",3157,"R",4,"R",3,"Z",0,"Z",0,"R",0
131283,11,"R",38,"R",1,"R",1,"R",36,"Z",0,"R",1,"Z",0,"Z",0,"R",0
131283,12,"R",2624,"R",406,"R",236,"R",1982,"R",34,"R",370,"Z",0,"R",2,"R",0
131399, 1,"R",4244,"R",0,"R",426,"R",3818,"A",,"A",,"A",,"A",,"A",
131399, 2,"R",3867,"R",0,"R",366,"R",3501,"A",,"A",,"A",,"A",,"A",
131399, 3,"R",3656,"R",0,"R",362,"R",3294,"A",,"A",,"A",,"A",,"A",
131399,11,"R",211,"R",0,"R",4,"R",207,"A",,"A",,"A",,"A",,"A",
131399,12,"R",377,"R",0,"R",60,"R",317,"A",,"A",,"A",,"A",,"A",
131405, 1,"R",95,"A",,"A",,"R",95,"A",,"A",,"A",,"A",,"A",
131405,12,"R",95,"A",,"A",,"R",95,"A",,"A",,"A",,"A",,"A",
131450, 1,"R",1557,"R",52,"R",412,"R",1093,"R",10,"R",42,"R",0,"R",0,"R",0
131450, 2,"R",1138,"R",25,"R",279,"R",834,"R",4,"R",21,"R",0,"R",0,"R",0
131450, 3,"R",1112,"R",25,"R",279,"R",808,"R",4,"R",21,"R",0,"R",0,"R",0
131450,11,"R",26,"R",0,"R",0,"R",26,"A",,"A",,"A",,"A",,"A",
131450,12,"R",419,"R",27,"R",133,"R",259,"R",6,"R",21,"R",0,"R",0,"R",0
131469, 1,"R",28172,"R",5374,"R",1417,"R",21381,"R",229,"R",4854,"Z",0,"R",55,"R",236
131469, 2,"R",12546,"R",717,"R",411,"R",11418,"R",25,"R",662,"Z",0,"R",4,"R",26
131469, 3,"R",12161,"R",633,"R",410,"R",11118,"R",11,"R",596,"Z",0,"R",3,"R",23
131469,11,"R",385,"R",84,"R",1,"R",300,"R",14,"R",66,"Z",0,"R",1,"R",3
131469,12,"R",15626,"R",4657,"R",1006,"R",9963,"R",204,"R",4192,"Z",0,"R",51,"R",210
131496, 1,"R",19204,"R",2151,"R",328,"R",16725,"R",84,"R",2025,"Z",0,"R",42,"R",0
131496, 2,"R",7459,"R",9,"R",76,"R",7374,"R",1,"R",7,"Z",0,"R",1,"R",0
131496, 3,"R",7089,"R",7,"R",73,"R",7009,"R",1,"R",5,"Z",0,"R",1,"R",0
131496,11,"R",370,"R",2,"R",3,"R",365,"R",0,"R",2,"Z",0,"R",0,"R",0
131496,12,"R",11745,"R",2142,"R",252,"R",9351,"R",83,"R",2018,"Z",0,"R",41,"R",0
131520, 1,"R",9139,"R",29,"R",1030,"R",8080,"R",2,"R",26,"R",1,"Z",0,"R",0
131520, 2,"R",6243,"R",0,"R",855,"R",5388,"A",,"A",,"A",,"A",,"A",
131520, 3,"R",6166,"R",0,"R",854,"R",5312,"A",,"A",,"A",,"A",,"A",
131520,11,"R",77,"R",0,"R",1,"R",76,"A",,"A",,"A",,"A",,"A",
131520,12,"R",2896,"R",29,"R",175,"R",2692,"R",2,"R",26,"R",1,"Z",0,"R",0
131803, 1,"R",928,"R",673,"R",118,"R",137,"R",278,"R",393,"R",1,"R",1,"R",0
131803, 2,"R",720,"R",497,"R",107,"R",116,"R",224,"R",272,"R",0,"R",1,"R",0
131803, 3,"R",718,"R",496,"R",107,"R",115,"R",224,"R",271,"R",0,"R",1,"R",0
131803,11,"R",2,"R",1,"R",0,"R",1,"R",0,"R",1,"R",0,"R",0,"R",0
131803,12,"R",208,"R",176,"R",11,"R",21,"R",54,"R",121,"R",1,"R",0,"R",0
131830, 1,"R",41,"A",,"A",,"R",41,"A",,"A",,"A",,"A",,"A",
131830, 2,"R",41,"A",,"A",,"R",41,"A",,"A",,"A",,"A",,"A",
131876, 1,"R",1782,"R",0,"R",27,"R",1755,"A",,"A",,"A",,"A",,"A",
131876, 2,"R",1390,"R",0,"R",27,"R",1363,"A",,"A",,"A",,"A",,"A",
131876, 3,"R",1364,"R",0,"R",27,"R",1337,"A",,"A",,"A",,"A",,"A",
131876,11,"R",26,"R",0,"R",0,"R",26,"A",,"A",,"A",,"A",,"A",
131876,12,"R",392,"R",0,"R",0,"R",392,"A",,"A",,"A",,"A",,"A",
131973, 1,"R",512,"R",15,"R",211,"R",286,"R",0,"R",12,"R",3,"R",0,"R",0
131973,12,"R",512,"R",15,"R",211,"R",286,"R",0,"R",12,"R",3,"R",0,"R",0
132374, 1,"R",3991,"R",67,"R",31,"R",3893,"R",67,"R",0,"R",0,"R",0,"R",0
132374, 2,"R",3991,"R",67,"R",31,"R",3893,"R",67,"R",0,"R",0,"R",0,"R",0
132374, 3,"R",3626,"R",67,"R",31,"R",3528,"R",67,"R",0,"R",0,"R",0,"R",0
132374,11,"R",365,"R",0,"R",0,"R",365,"A",,"A",,"A",,"A",,"A",
132408, 1,"R",467,"R",208,"R",109,"R",150,"R",161,"R",46,"R",0,"R",1,"R",0
132408, 2,"R",448,"R",191,"R",109,"R",148,"R",148,"R",42,"R",0,"R",1,"R",0
132408, 3,"R",338,"R",189,"R",108,"R",41,"R",146,"R",42,"R",0,"R",1,"R",0
132408,11,"R",110,"R",2,"R",1,"R",107,"R",2,"R",0,"R",0,"R",0,"R",0
132408,12,"R",19,"R",17,"R",0,"R",2,"R",13,"R",4,"R",0,"R",0,"R",0
132471, 1,"R",7186,"R",328,"R",534,"R",6324,"R",306,"R",19,"R",0,"R",3,"R",0
132471, 2,"R",3483,"R",135,"R",378,"R",2970,"R",129,"R",6,"R",0,"R",0,"R",0
132471, 3,"R",3368,"R",132,"R",377,"R",2859,"R",126,"R",6,"R",0,"R",0,"R",0
132471,11,"R",115,"R",3,"R",1,"R",111,"R",3,"R",0,"R",0,"R",0,"R",0
132471,12,"R",3703,"R",193,"R",156,"R",3354,"R",177,"R",13,"R",0,"R",3,"R",0
132602, 1,"R",3773,"R",175,"R",3598,"R",0,"R",138,"R",37,"Z",0,"Z",0,"R",0
132602, 2,"R",3620,"R",92,"R",3528,"R",0,"R",77,"R",15,"Z",0,"Z",0,"R",0
132602, 3,"R",3619,"R",92,"R",3527,"R",0,"R",77,"R",15,"Z",0,"Z",0,"R",0
132602,11,"R",1,"Z",0,"R",1,"R",0,"A",,"A",,"A",,"A",,"A",
132602,12,"R",153,"R",83,"R",70,"R",0,"R",61,"R",22,"Z",0,"Z",0,"R",0
132657, 1,"R",3093,"R",535,"R",826,"R",1732,"R",333,"R",192,"R",0,"R",10,"R",0
132657, 2,"R",2232,"R",211,"R",592,"R",1429,"R",121,"R",80,"R",0,"R",10,"R",0
132657, 3,"R",2194,"R",208,"R",591,"R",1395,"R",120,"R",78,"R",0,"R",10,"R",0
132657,11,"R",38,"R",3,"R",1,"R",34,"R",1,"R",2,"Z",0,"Z",0,"R",0
132657,12,"R",861,"R",324,"R",234,"R",303,"R",212,"R",112,"Z",0,"R",0,"R",0
132675, 1,"R",73,"A",,"A",,"R",73,"A",,"A",,"A",,"A",,"A",
132675, 2,"R",73,"A",,"A",,"R",73,"A",,"A",,"A",,"A",,"A",
132675, 3,"R",73,"A",,"A",,"R",73,"A",,"A",,"A",,"A",,"A",
132693, 1,"R",15820,"R",3203,"R",3862,"R",8755,"R",3146,"R",56,"R",0,"R",0,"R",1
132693, 2,"R",15820,"R",3203,"R",3862,"R",8755,"R",3146,"R",56,"R",0,"R",0,"R",1
132693, 3,"R",12287,"R",2902,"R",3198,"R",6187,"R",2846,"R",55,"R",0,"R",0,"R",1
132693,11,"R",3533,"R",301,"R",664,"R",2568,"R",300,"R",1,"R",0,"R",0,"R",0
132709, 1,"R",40784,"R",5162,"R",7000,"R",28622,"R",5143,"R",18,"R",0,"R",1,"R",0
132709, 2,"R",40784,"R",5162,"R",7000,"R",28622,"R",5143,"R",18,"R",0,"R",1,"R",0
132709, 3,"R",34230,"R",3941,"R",6240,"R",24049,"R",3926,"R",14,"R",0,"R",1,"R",0
132709,11,"R",6554,"R",1221,"R",760,"R",4573,"R",1217,"R",4,"R",0,"R",0,"R",0
132842, 1,"R",746,"R",34,"R",0,"R",712,"R",22,"R",12,"Z",0,"Z",0,"R",0
132842, 2,"R",137,"A",,"A",,"R",137,"A",,"A",,"A",,"A",,"A",
132842, 3,"R",126,"A",,"A",,"R",126,"A",,"A",,"A",,"A",,"A",
132842,11,"R",11,"A",,"A",,"R",11,"A",,"A",,"A",,"A",,"A",
132842,12,"R",609,"R",34,"Z",0,"R",575,"R",22,"R",12,"Z",0,"Z",0,"R",0
132851, 1,"R",6820,"R",1085,"R",2235,"R",3500,"R",1082,"R",0,"R",0,"R",2,"R",1
132851, 2,"R",6820,"R",1085,"R",2235,"R",3500,"R",1082,"R",0,"R",0,"R",2,"R",1
132851, 3,"R",5711,"R",1010,"R",1993,"R",2708,"R",1007,"R",0,"R",0,"R",2,"R",1
132851,11,"R",1109,"R",75,"R",242,"R",792,"R",75,"R",0,"R",0,"R",0,"R",0
132879, 1,"R",204,"R",0,"R",40,"R",164,"A",,"A",,"A",,"A",,"A",
132879, 2,"R",199,"R",0,"R",40,"R",159,"A",,"A",,"A",,"A",,"A",
132879, 3,"R",199,"R",0,"R",40,"R",159,"A",,"A",,"A",,"A",,"A",
132879,12,"R",5,"A",,"A",,"R",5,"A",,"A",,"A",,"A",,"A",
132903, 1,"R",68475,"R",10269,"R",29001,"R",29205,"R",9777,"R",468,"R",4,"R",20,"R",0
132903, 2,"R",58821,"R",7194,"R",27669,"R",23958,"R",6964,"R",216,"R",2,"R",12,"R",0
132903, 3,"R",58392,"R",7132,"R",27633,"R",23627,"R",6905,"R",215,"R",0,"R",12,"R",0
132903,11,"R",429,"R",62,"R",36,"R",331,"R",59,"R",1,"R",2,"R",0,"R",0
132903,12,"R",9654,"R",3075,"R",1332,"R",5247,"R",2813,"R",252,"R",2,"R",8,"R",0
132976, 1,"R",272,"A",,"A",,"R",272,"A",,"A",,"A",,"A",,"A",
132976, 2,"R",272,"A",,"A",,"R",272,"A",,"A",,"A",,"A",,"A",
132976, 3,"R",272,"A",,"A",,"R",272,"A",,"A",,"A",,"A",,"A",
133021, 1,"R",2081,"R",223,"R",740,"R",1118,"R",205,"R",18,"R",0,"R",0,"R",0
133021, 2,"R",2081,"R",223,"R",740,"R",1118,"R",205,"R",18,"R",0,"R",0,"R",0
133021, 3,"R",1496,"R",173,"R",613,"R",710,"R",155,"R",18,"R",0,"R",0,"R",0
133021,11,"R",585,"R",50,"R",127,"R",408,"R",50,"R",0,"R",0,"R",0,"R",0
133155, 1,"R",741,"A",,"A",,"R",741,"A",,"A",,"A",,"A",,"A",
133155, 2,"R",741,"A",,"A",,"R",741,"A",,"A",,"A",,"A",,"A",
133155, 3,"R",741,"A",,"A",,"R",741,"A",,"A",,"A",,"A",,"A",
133386, 1,"R",13737,"R",3488,"R",3820,"R",6429,"R",3431,"R",55,"R",0,"R",2,"R",0
133386, 2,"R",13737,"R",3488,"R",3820,"R",6429,"R",3431,"R",55,"R",0,"R",2,"R",0
133386, 3,"R",11158,"R",3101,"R",2965,"R",5092,"R",3046,"R",53,"R",0,"R",2,"R",0
133386,11,"R",2579,"R",387,"R",855,"R",1337,"R",385,"R",2,"R",0,"R",0,"R",0
133465, 1,"R",692,"Z",0,"R",285,"R",407,"A",,"A",,"A",,"A",,"A",
133465, 2,"R",556,"Z",0,"R",260,"R",296,"A",,"A",,"A",,"A",,"A",
133465, 3,"R",554,"Z",0,"R",259,"R",295,"A",,"A",,"A",,"A",,"A",
133465,11,"R",2,"Z",0,"R",1,"R",1,"A",,"A",,"A",,"A",,"A",
133465,12,"R",136,"Z",0,"R",25,"R",111,"A",,"A",,"A",,"A",,"A",
133492, 1,"R",2006,"A",,"A",,"R",2006,"A",,"A",,"A",,"A",,"A",
133492, 2,"R",2006,"A",,"A",,"R",2006,"A",,"A",,"A",,"A",,"A",
133492, 3,"R",1987,"A",,"A",,"R",1987,"A",,"A",,"A",,"A",,"A",
133492,11,"R",19,"A",,"A",,"R",19,"A",,"A",,"A",,"A",,"A",
133508, 1,"R",16556,"R",2337,"R",3914,"R",10305,"R",2218,"R",18,"R",0,"R",0,"R",101
133508, 2,"R",16556,"R",2337,"R",3914,"R",10305,"R",2218,"R",18,"R",0,"R",0,"R",101
133508, 3,"R",12651,"R",1813,"R",3152,"R",7686,"R",1713,"R",15,"R",0,"R",0,"R",85
133508,11,"R",3905,"R",524,"R",762,"R",2619,"R",505,"R",3,"R",0,"R",0,"R",16
133526, 1,"R",2906,"R",0,"R",392,"R",2514,"A",,"A",,"A",,"A",,"A",
133526, 2,"R",2906,"R",0,"R",392,"R",2514,"A",,"A",,"A",,"A",,"A",
133526, 3,"R",968,"R",0,"R",392,"R",576,"A",,"A",,"A",,"A",,"A",
133526,11,"R",1938,"R",0,"R",0,"R",1938,"A",,"A",,"A",,"A",,"A",
133553, 1,"R",6613,"R",26,"R",32,"R",6555,"R",12,"R",10,"R",0,"R",4,"R",0
133553, 2,"R",5984,"R",10,"R",23,"R",5951,"R",7,"R",2,"R",0,"R",1,"R",0
133553, 3,"R",5925,"R",10,"R",23,"R",5892,"R",7,"R",2,"R",0,"R",1,"R",0
133553,11,"R",59,"R",0,"R",0,"R",59,"A",,"A",,"A",,"A",,"A",
133553,12,"R",629,"R",16,"R",9,"R",604,"R",5,"R",8,"R",0,"R",3,"R",0
133650, 1,"R",10021,"R",47,"R",2559,"R",7415,"R",35,"R",4,"R",4,"R",4,"R",0
133650, 2,"R",8137,"R",0,"R",2349,"R",5788,"A",,"A",,"A",,"A",,"A",
133650, 3,"R",7711,"R",0,"R",2323,"R",5388,"A",,"A",,"A",,"A",,"A",
133650,11,"R",426,"R",0,"R",26,"R",400,"A",,"A",,"A",,"A",,"A",
133650,12,"R",1884,"R",47,"R",210,"R",1627,"R",35,"R",4,"R",4,"R",4,"R",0
133669, 1,"R",29772,"R",3170,"R",9807,"R",16795,"R",2981,"R",180,"R",2,"R",3,"R",4
133669, 2,"R",24376,"R",1793,"R",8800,"R",13783,"R",1754,"R",35,"R",1,"R",2,"R",1
133669, 3,"R",23265,"R",1745,"R",8638,"R",12882,"R",1710,"R",32,"R",1,"R",2,"R",0
133669,11,"R",1111,"R",48,"R",162,"R",901,"R",44,"R",3,"R",0,"R",0,"R",1
133669,12,"R",5396,"R",1377,"R",1007,"R",3012,"R",1227,"R",145,"R",1,"R",1,"R",3
133702, 1,"R",23413,"R",1734,"R",9902,"R",11777,"R",1563,"R",108,"R",0,"R",1,"R",62
133702, 2,"R",23413,"R",1734,"R",9902,"R",11777,"R",1563,"R",108,"R",0,"R",1,"R",62
133702, 3,"R",20171,"R",1481,"R",8920,"R",9770,"R",1367,"R",66,"R",0,"R",1,"R",47
133702,11,"R",3242,"R",253,"R",982,"R",2007,"R",196,"R",42,"R",0,"R",0,"R",15
133711, 1,"R",2608,"R",8,"R",0,"R",2600,"R",4,"R",4,"R",0,"R",0,"R",0
133711, 2,"R",2600,"R",0,"R",0,"R",2600,"A",,"A",,"A",,"A",,"A",
133711, 3,"R",2589,"R",0,"R",0,"R",2589,"A",,"A",,"A",,"A",,"A",
133711,11,"R",11,"R",0,"R",0,"R",11,"A",,"A",,"A",,"A",,"A",
133711,12,"R",8,"R",8,"R",0,"R",0,"R",4,"R",4,"R",0,"R",0,"R",0
133809, 1,"R",508,"R",2,"R",34,"R",472,"R",1,"R",1,"R",0,"R",0,"R",0
133809, 2,"R",508,"R",2,"R",34,"R",472,"R",1,"R",1,"R",0,"R",0,"R",0
133809, 3,"R",506,"R",0,"R",34,"R",472,"A",,"A",,"A",,"A",,"A",
133809,11,"R",2,"R",2,"R",0,"R",0,"R",1,"R",1,"R",0,"R",0,"R",0
133845, 1,"R",704,"A",,"A",,"R",704,"A",,"A",,"A",,"A",,"A",
133845, 2,"R",704,"A",,"A",,"R",704,"A",,"A",,"A",,"A",,"A",
133845, 3,"R",704,"A",,"A",,"R",704,"A",,"A",,"A",,"A",,"A",
133854, 1,"R",559,"R",0,"R",50,"R",509,"A",,"A",,"A",,"A",,"A",
133854, 2,"R",559,"R",0,"R",50,"R",509,"A",,"A",,"A",,"A",,"A",
133854, 3,"R",559,"R",0,"R",50,"R",509,"A",,"A",,"A",,"A",,"A",
133863, 1,"R",488,"A",,"A",,"R",488,"A",,"A",,"A",,"A",,"A",
133863, 2,"R",488,"A",,"A",,"R",488,"A",,"A",,"A",,"A",,"A",
133863, 3,"R",488,"A",,"A",,"R",488,"A",,"A",,"A",,"A",,"A",
133872, 1,"R",1705,"R",314,"R",532,"R",859,"R",141,"R",171,"Z",0,"R",2,"R",0
133872, 2,"R",1341,"R",223,"R",530,"R",588,"R",88,"R",134,"Z",0,"R",1,"R",0
133872, 3,"R",1166,"R",223,"R",471,"R",472,"R",88,"R",134,"Z",0,"R",1,"R",0
133872,11,"R",175,"R",0,"R",59,"R",116,"A",,"A",,"A",,"A",,"A",
133872,12,"R",364,"R",91,"R",2,"R",271,"R",53,"R",37,"Z",0,"R",1,"R",0
133881, 1,"R",6271,"R",438,"R",235,"R",5598,"R",111,"R",314,"R",13,"R",0,"R",0
133881, 2,"R",3660,"R",0,"R",1,"R",3659,"A",,"A",,"A",,"A",,"A",
133881, 3,"R",3411,"R",0,"R",1,"R",3410,"A",,"A",,"A",,"A",,"A",
133881,11,"R",249,"R",0,"R",0,"R",249,"A",,"A",,"A",,"A",,"A",
133881,12,"R",2611,"R",438,"R",234,"R",1939,"R",111,"R",314,"R",13,"R",0,"R",0
133942, 1,"R",62,"A",,"A",,"R",62,"A",,"A",,"A",,"A",,"A",
133942, 2,"R",62,"A",,"A",,"R",62,"A",,"A",,"A",,"A",,"A",
133951, 1,"R",57942,"R",11785,"R",25978,"R",20179,"R",11157,"R",569,"Z",0,"R",59,"R",0
133951, 2,"R",48818,"R",9286,"R",24332,"R",15200,"R",8888,"R",352,"Z",0,"R",46,"R",0
133951, 3,"R",41777,"R",8796,"R",23909,"R",9072,"R",8425,"R",340,"Z",0,"R",31,"R",0
133951,11,"R",7041,"R",490,"R",423,"R",6128,"R",463,"R",12,"Z",0,"R",15,"R",0
133951,12,"R",9124,"R",2499,"R",1646,"R",4979,"R",2269,"R",217,"Z",0,"R",13,"R",0
133960, 1,"R",862,"R",101,"R",264,"R",497,"R",94,"R",7,"R",0,"R",0,"R",0
133960, 2,"R",862,"R",101,"R",264,"R",497,"R",94,"R",7,"R",0,"R",0,"R",0
133960, 3,"R",818,"R",94,"R",259,"R",465,"R",87,"R",7,"R",0,"R",0,"R",0
133960,11,"R",44,"R",7,"R",5,"R",32,"R",7,"R",0,"R",0,"R",0,"R",0
133979, 1,"R",1189,"R",0,"R",403,"R",786,"A",,"A",,"A",,"A",,"A",
133979, 2,"R",1134,"R",0,"R",403,"R",731,"A",,"A",,"A",,"A",,"A",
133979, 3,"R",1117,"R",0,"R",403,"R",714,"A",,"A",,"A",,"A",,"A",
133979,11,"R",17,"R",0,"R",0,"R",17,"A",,"A",,"A",,"A",,"A",
133979,12,"R",55,"A",,"A",,"R",55,"A",,"A",,"A",,"A",,"A",
133997, 1,"R",444,"A",,"A",,"R",444,"A",,"A",,"A",,"A",,"A",
133997, 2,"R",444,"A",,"A",,"R",444,"A",,"A",,"A",,"A",,"A",
133997, 3,"R",444,"A",,"A",,"R",444,"A",,"A",,"A",,"A",,"A",
134024, 1,"R",90,"A",,"A",,"R",90,"A",,"A",,"A",,"A",,"A",
134024, 2,"R",90,"A",,"A",,"R",90,"A",,"A",,"A",,"A",,"A",
134079, 1,"R",3154,"R",142,"R",651,"R",2361,"R",133,"R",7,"R",2,"Z",0,"R",0
134079, 2,"R",2723,"R",88,"R",497,"R",2138,"R",85,"R",2,"R",1,"Z",0,"R",0
134079, 3,"R",2666,"R",63,"R",492,"R",2111,"R",60,"R",2,"R",1,"Z",0,"R",0
134079,11,"R",57,"R",25,"R",5,"R",27,"R",25,"Z",0,"Z",0,"Z",0,"R",0
134079,12,"R",431,"R",54,"R",154,"R",223,"R",48,"R",5,"R",1,"Z",0,"R",0
134097, 1,"R",41269,"R",2738,"R",14556,"R",23975,"R",2324,"R",395,"Z",0,"R",19,"R",0
134097, 2,"R",32736,"R",982,"R",14110,"R",17644,"R",902,"R",77,"Z",0,"R",3,"R",0
134097, 3,"R",32336,"R",973,"R",14080,"R",17283,"R",893,"R",77,"Z",0,"R",3,"R",0
134097,11,"R",400,"R",9,"R",30,"R",361,"R",9,"Z",0,"Z",0,"Z",0,"R",0
134097,12,"R",8533,"R",1756,"R",446,"R",6331,"R",1422,"R",318,"Z",0,"R",16,"R",0
134112, 1,"R",3950,"R",1665,"R",1387,"R",898,"R",1649,"R",16,"Z",0,"Z",0,"R",0
134112, 2,"R",3950,"R",1665,"R",1387,"R",898,"R",1649,"R",16,"Z",0,"Z",0,"R",0
134112, 3,"R",3950,"R",1665,"R",1387,"R",898,"R",1649,"R",16,"Z",0,"Z",0,"R",0
134130, 1,"R",52218,"R",4766,"R",21513,"R",25939,"R",2702,"R",1820,"R",0,"R",244,"R",0
134130, 2,"R",35491,"R",1181,"R",20312,"R",13998,"R",993,"R",123,"R",0,"R",65,"R",0
134130, 3,"R",34564,"R",766,"R",20049,"R",13749,"R",679,"R",48,"R",0,"R",39,"R",0
134130,11,"R",927,"R",415,"R",263,"R",249,"R",314,"R",75,"R",0,"R",26,"R",0
134130,12,"R",16727,"R",3585,"R",1201,"R",11941,"R",1709,"R",1697,"R",0,"R",179,"R",0
134228, 1,"R",21,"A",,"A",,"R",21,"A",,"A",,"A",,"A",,"A",
134228, 2,"R",21,"A",,"A",,"R",21,"A",,"A",,"A",,"A",,"A",
134237, 1,"R",20170,"R",14554,"R",5168,"R",448,"R",1973,"R",12428,"R",0,"R",153,"R",0
134237, 2,"R",18577,"R",13385,"R",5160,"R",32,"R",1702,"R",11552,"R",0,"R",131,"R",0
134237, 3,"R",18545,"R",13385,"R",5160,"R",0,"R",1702,"R",11552,"R",0,"R",131,"R",0
134237,11,"R",32,"R",0,"R",0,"R",32,"A",,"A",,"A",,"A",,"A",
134237,12,"R",1593,"R",1169,"R",8,"R",416,"R",271,"R",876,"R",0,"R",22,"R",0
134291, 1,"R",595,"A",,"A",,"R",595,"A",,"A",,"A",,"A",,"A",
134291, 2,"R",595,"A",,"A",,"R",595,"A",,"A",,"A",,"A",,"A",
134291, 3,"R",595,"A",,"A",,"R",595,"A",,"A",,"A",,"A",,"A",
134307, 1,"R",795,"A",,"A",,"R",795,"A",,"A",,"A",,"A",,"A",
134307, 2,"R",795,"A",,"A",,"R",795,"A",,"A",,"A",,"A",,"A",
134307, 3,"R",795,"A",,"A",,"R",795,"A",,"A",,"A",,"A",,"A",
134343, 1,"R",5644,"R",971,"R",1519,"R",3154,"R",921,"R",31,"R",0,"R",19,"R",0
134343, 2,"R",5644,"R",971,"R",1519,"R",3154,"R",921,"R",31,"R",0,"R",19,"R",0
134343, 3,"R",4116,"R",747,"R",1265,"R",2104,"R",707,"R",28,"R",0,"R",12,"R",0
134343,11,"R",1528,"R",224,"R",254,"R",1050,"R",214,"R",3,"R",0,"R",7,"R",0
134495, 1,"R",23183,"R",4306,"R",5581,"R",13296,"R",1801,"R",20,"R",0,"R",0,"R",2485
134495, 2,"R",23183,"R",4306,"R",5581,"R",13296,"R",1801,"R",20,"R",0,"R",0,"R",2485
134495, 3,"R",23130,"R",4298,"R",5570,"R",13262,"R",1800,"R",20,"R",0,"R",0,"R",2478
134495,11,"R",53,"R",8,"R",11,"R",34,"R",1,"R",0,"R",0,"R",0,"R",7
134510, 1,"R",220,"R",136,"Z",0,"R",84,"R",23,"R",105,"R",5,"R",2,"R",1
134510, 2,"R",220,"R",136,"Z",0,"R",84,"R",23,"R",105,"R",5,"R",2,"R",1
134510, 3,"R",220,"R",136,"Z",0,"R",84,"R",23,"R",105,"R",5,"R",2,"R",1
134529, 1,"R",239,"A",,"A",,"R",239,"A",,"A",,"A",,"A",,"A",
134529, 2,"R",239,"A",,"A",,"R",239,"A",,"A",,"A",,"A",,"A",
134574, 1,"R",173,"A",,"A",,"R",173,"A",,"A",,"A",,"A",,"A",
134574, 2,"R",173,"A",,"A",,"R",173,"A",,"A",,"A",,"A",,"A",
134608, 1,"R",16686,"R",2522,"R",3665,"R",10499,"R",2502,"R",16,"R",0,"R",0,"R",4
134608, 2,"R",16686,"R",2522,"R",3665,"R",10499,"R",2502,"R",16,"R",0,"R",0,"R",4
134608, 3,"R",12652,"R",2058,"R",2902,"R",7692,"R",2039,"R",16,"R",0,"R",0,"R",3
134608,11,"R",4034,"R",464,"R",763,"R",2807,"R",463,"R",0,"R",0,"R",0,"R",1
134714, 1,"R",132,"A",,"A",,"R",132,"A",,"A",,"A",,"A",,"A",
134714, 2,"R",132,"A",,"A",,"R",132,"A",,"A",,"A",,"A",,"A",
134811, 1,"R",1384,"R",0,"R",631,"R",753,"A",,"A",,"A",,"A",,"A",
134811, 2,"R",1342,"Z",0,"R",631,"R",711,"A",,"A",,"A",,"A",,"A",
134811, 3,"R",1290,"Z",0,"R",631,"R",659,"A",,"A",,"A",,"A",,"A",
134811,11,"R",52,"Z",0,"Z",0,"R",52,"A",,"A",,"A",,"A",,"A",
134811,12,"R",42,"R",0,"Z",0,"R",42,"A",,"A",,"A",,"A",,"A",
134945, 1,"R",4213,"R",930,"R",827,"R",2456,"R",426,"R",497,"R",0,"R",7,"R",0
134945, 2,"R",2920,"R",472,"R",731,"R",1717,"R",193,"R",276,"R",0,"R",3,"R",0
134945, 3,"R",2838,"R",460,"R",730,"R",1648,"R",185,"R",272,"R",0,"R",3,"R",0
134945,11,"R",82,"R",12,"R",1,"R",69,"R",8,"R",4,"R",0,"R",0,"R",0
134945,12,"R",1293,"R",458,"R",96,"R",739,"R",233,"R",221,"R",0,"R",4,"R",0
135081, 1,"R",18495,"R",8544,"R",166,"R",9785,"R",6294,"R",1972,"R",4,"R",117,"R",157
135081, 2,"R",16877,"R",7246,"R",156,"R",9475,"R",5460,"R",1600,"R",3,"R",57,"R",126
135081, 3,"R",16798,"R",7225,"R",156,"R",9417,"R",5447,"R",1593,"R",3,"R",56,"R",126
135081,11,"R",79,"R",21,"R",0,"R",58,"R",13,"R",7,"R",0,"R",1,"R",0
135081,12,"R",1618,"R",1298,"R",10,"R",310,"R",834,"R",372,"R",1,"R",60,"R",31
135142, 1,"R",237,"A",,"A",,"R",237,"A",,"A",,"A",,"A",,"A",
135142, 2,"R",237,"A",,"A",,"R",237,"A",,"A",,"A",,"A",,"A",
135160, 1,"R",3385,"R",1169,"R",1107,"R",1109,"R",1067,"R",60,"R",0,"R",0,"R",42
135160, 2,"R",3385,"R",1169,"R",1107,"R",1109,"R",1067,"R",60,"R",0,"R",0,"R",42
135160, 3,"R",2460,"R",759,"R",793,"R",908,"R",710,"R",19,"R",0,"R",0,"R",30
135160,11,"R",925,"R",410,"R",314,"R",201,"R",357,"R",41,"R",0,"R",0,"R",12
135179, 1,"R",748,"R",17,"R",0,"R",731,"R",17,"R",0,"R",0,"R",0,"R",0
135179, 2,"R",748,"R",17,"R",0,"R",731,"R",17,"R",0,"R",0,"R",0,"R",0
135179, 3,"R",748,"R",17,"R",0,"R",731,"R",17,"R",0,"R",0,"R",0,"R",0
135188, 1,"R",4812,"R",839,"R",1543,"R",2430,"R",838,"R",1,"R",0,"R",0,"R",0
135188, 2,"R",4812,"R",839,"R",1543,"R",2430,"R",838,"R",1,"R",0,"R",0,"R",0
135188, 3,"R",3733,"R",759,"R",1290,"R",1684,"R",758,"R",1,"R",0,"R",0,"R",0
135188,11,"R",1079,"R",80,"R",253,"R",746,"R",80,"R",0,"R",0,"R",0,"R",0
135267, 1,"R",1092,"R",15,"R",0,"R",1077,"R",15,"Z",0,"Z",0,"Z",0,"R",0
135267, 2,"R",1092,"R",15,"R",0,"R",1077,"R",15,"Z",0,"Z",0,"Z",0,"R",0
135267, 3,"R",1092,"R",15,"R",0,"R",1077,"R",15,"Z",0,"Z",0,"Z",0,"R",0
135276, 1,"R",752,"A",,"A",,"R",752,"A",,"A",,"A",,"A",,"A",
135276, 2,"R",752,"A",,"A",,"R",752,"A",,"A",,"A",,"A",,"A",
135276, 3,"R",680,"A",,"A",,"R",680,"A",,"A",,"A",,"A",,"A",
135276,11,"R",72,"A",,"A",,"R",72,"A",,"A",,"A",,"A",,"A",
135294, 1,"R",783,"A",,"A",,"R",783,"A",,"A",,"A",,"A",,"A",
135294, 2,"R",783,"A",,"A",,"R",783,"A",,"A",,"A",,"A",,"A",
135294, 3,"R",783,"A",,"A",,"R",783,"A",,"A",,"A",,"A",,"A",
135337, 1,"R",88,"A",,"A",,"R",88,"A",,"A",,"A",,"A",,"A",
135337, 2,"R",88,"A",,"A",,"R",88,"A",,"A",,"A",,"A",,"A",
135364, 1,"R",919,"R",852,"R",32,"R",35,"R",358,"R",470,"R",0,"R",24,"R",0
135364, 2,"R",293,"R",275,"R",12,"R",6,"R",149,"R",123,"R",0,"R",3,"R",0
135364, 3,"R",293,"R",275,"R",12,"R",6,"R",149,"R",123,"R",0,"R",3,"R",0
135364,12,"R",626,"R",577,"R",20,"R",29,"R",209,"R",347,"R",0,"R",21,"R",0
135391, 1,"R",10229,"R",2061,"R",2659,"R",5509,"R",2012,"R",10,"R",0,"R",0,"R",39
135391, 2,"R",10229,"R",2061,"R",2659,"R",5509,"R",2012,"R",10,"R",0,"R",0,"R",39
135391, 3,"R",8203,"R",1885,"R",2325,"R",3993,"R",1842,"R",8,"R",0,"R",0,"R",35
135391,11,"R",2026,"R",176,"R",334,"R",1516,"R",170,"R",2,"R",0,"R",0,"R",4
135407, 1,"R",1132,"A",,"A",,"R",1132,"A",,"A",,"A",,"A",,"A",
135407, 2,"R",1132,"A",,"A",,"R",1132,"A",,"A",,"A",,"A",,"A",
135407, 3,"R",1132,"A",,"A",,"R",1132,"A",,"A",,"A",,"A",,"A",
135522, 1,"R",296,"A",,"A",,"R",296,"A",,"A",,"A",,"A",,"A",
135522, 2,"R",296,"A",,"A",,"R",296,"A",,"A",,"A",,"A",,"A",
135522, 3,"R",296,"A",,"A",,"R",296,"A",,"A",,"A",,"A",,"A",
135559, 1,"R",73,"A",,"A",,"R",73,"A",,"A",,"A",,"A",,"A",
135559, 2,"R",73,"A",,"A",,"R",73,"A",,"A",,"A",,"A",,"A",
135610, 1,"R",223,"A",,"A",,"R",223,"A",,"A",,"A",,"A",,"A",
135610, 2,"R",144,"A",,"A",,"R",144,"A",,"A",,"A",,"A",,"A",
135610, 3,"R",143,"A",,"A",,"R",143,"A",,"A",,"A",,"A",,"A",
135610,11,"R",1,"A",,"A",,"R",1,"A",,"A",,"A",,"A",,"A",
135610,12,"R",79,"A",,"A",,"R",79,"A",,"A",,"A",,"A",,"A",
135647, 1,"R",623,"A",,"A",,"R",623,"A",,"A",,"A",,"A",,"A",
135647, 2,"R",623,"A",,"A",,"R",623,"A",,"A",,"A",,"A",,"A",
135647, 3,"R",623,"A",,"A",,"R",623,"A",,"A",,"A",,"A",,"A",
135717, 1,"R",54973,"R",3504,"R",5613,"R",45856,"R",3416,"R",13,"R",0,"R",0,"R",75
135717, 2,"R",54973,"R",3504,"R",5613,"R",45856,"R",3416,"R",13,"R",0,"R",0,"R",75
135717, 3,"R",49443,"R",3224,"R",5497,"R",40722,"R",3145,"R",13,"R",0,"R",0,"R",66
135717,11,"R",5530,"R",280,"R",116,"R",5134,"R",271,"R",0,"R",0,"R",0,"R",9
135726, 1,"R",17331,"R",607,"R",3206,"R",13518,"R",370,"R",235,"R",0,"R",2,"R",0
135726, 2,"R",11117,"R",94,"R",3173,"R",7850,"R",88,"R",6,"R",0,"R",0,"R",0
135726, 3,"R",10873,"R",70,"R",3167,"R",7636,"R",64,"R",6,"R",0,"R",0,"R",0
135726,11,"R",244,"R",24,"R",6,"R",214,"R",24,"R",0,"R",0,"R",0,"R",0
135726,12,"R",6214,"R",513,"R",33,"R",5668,"R",282,"R",229,"R",0,"R",2,"R",0
135735, 1,"R",2388,"A",,"A",,"R",2388,"A",,"A",,"A",,"A",,"A",
135735, 2,"R",2388,"A",,"A",,"R",2388,"A",,"A",,"A",,"A",,"A",
135735, 3,"R",1070,"A",,"A",,"R",1070,"A",,"A",,"A",,"A",,"A",
135735,11,"R",1318,"A",,"A",,"R",1318,"A",,"A",,"A",,"A",,"A",
135771, 1,"R",201,"A",,"A",,"R",201,"A",,"A",,"A",,"A",,"A",
135771, 2,"R",201,"A",,"A",,"R",201,"A",,"A",,"A",,"A",,"A",
136109, 1,"R",188,"A",,"A",,"R",188,"A",,"A",,"A",,"A",,"A",
136109, 2,"R",188,"A",,"A",,"R",188,"A",,"A",,"A",,"A",,"A",
136145, 1,"R",1229,"R",240,"R",444,"R",545,"R",236,"R",4,"R",0,"R",0,"R",0
136145, 2,"R",1229,"R",240,"R",444,"R",545,"R",236,"R",4,"R",0,"R",0,"R",0
136145, 3,"R",798,"R",155,"R",281,"R",362,"R",152,"R",3,"R",0,"R",0,"R",0
136145,11,"R",431,"R",85,"R",163,"R",183,"R",84,"R",1,"R",0,"R",0,"R",0
136172, 1,"R",16776,"R",1425,"R",7429,"R",7922,"R",1248,"R",118,"R",0,"R",1,"R",58
136172, 2,"R",14583,"R",884,"R",6834,"R",6865,"R",813,"R",20,"R",0,"R",0,"R",51
136172, 3,"R",14223,"R",755,"R",6818,"R",6650,"R",730,"R",19,"R",0,"R",0,"R",6
136172,11,"R",360,"R",129,"R",16,"R",215,"R",83,"R",1,"R",0,"R",0,"R",45
136172,12,"R",2193,"R",541,"R",595,"R",1057,"R",435,"R",98,"R",0,"R",1,"R",7
136215, 1,"R",20435,"R",6497,"R",2992,"R",10946,"R",3756,"R",2172,"R",0,"R",88,"R",481
136215, 2,"R",4904,"R",366,"R",1589,"R",2949,"R",258,"R",55,"R",0,"R",9,"R",44
136215, 3,"R",4856,"R",334,"R",1587,"R",2935,"R",252,"R",45,"R",0,"R",9,"R",28
136215,11,"R",48,"R",32,"R",2,"R",14,"R",6,"R",10,"R",0,"R",0,"R",16
136215,12,"R",15531,"R",6131,"R",1403,"R",7997,"R",3498,"R",2117,"R",0,"R",79,"R",437
136233, 1,"R",5497,"R",1002,"R",1645,"R",2850,"R",939,"R",63,"R",0,"R",0,"R",0
136233, 2,"R",5497,"R",1002,"R",1645,"R",2850,"R",939,"R",63,"R",0,"R",0,"R",0
136233, 3,"R",3840,"R",792,"R",1319,"R",1729,"R",742,"R",50,"R",0,"R",0,"R",0
136233,11,"R",1657,"R",210,"R",326,"R",1121,"R",197,"R",13,"R",0,"R",0,"R",0
136303, 1,"R",1068,"A",,"A",,"R",1068,"A",,"A",,"A",,"A",,"A",
136303, 2,"R",1068,"A",,"A",,"R",1068,"A",,"A",,"A",,"A",,"A",
136303, 3,"R",336,"A",,"A",,"R",336,"A",,"A",,"A",,"A",,"A",
136303,11,"R",732,"A",,"A",,"R",732,"A",,"A",,"A",,"A",,"A",
136330, 1,"R",3705,"R",122,"R",592,"R",2991,"R",108,"R",12,"R",0,"R",1,"R",1
136330, 2,"R",2855,"R",88,"R",502,"R",2265,"R",79,"R",9,"R",0,"R",0,"R",0
136330, 3,"R",2400,"R",87,"R",499,"R",1814,"R",78,"R",9,"R",0,"R",0,"R",0
136330,11,"R",455,"R",1,"R",3,"R",451,"R",1,"R",0,"R",0,"R",0,"R",0
136330,12,"R",850,"R",34,"R",90,"R",726,"R",29,"R",3,"Z",0,"R",1,"R",1
136358, 1,"R",31816,"R",3614,"R",5440,"R",22762,"R",3614,"R",0,"R",0,"R",0,"R",0
136358, 2,"R",31816,"R",3614,"R",5440,"R",22762,"R",3614,"R",0,"R",0,"R",0,"R",0
136358, 3,"R",27652,"R",2830,"R",5015,"R",19807,"R",2830,"R",0,"R",0,"R",0,"R",0
136358,11,"R",4164,"R",784,"R",425,"R",2955,"R",784,"R",0,"R",0,"R",0,"R",0
136400, 1,"R",11525,"R",1812,"R",2936,"R",6777,"R",1803,"R",9,"R",0,"R",0,"R",0
136400, 2,"R",11525,"R",1812,"R",2936,"R",6777,"R",1803,"R",9,"R",0,"R",0,"R",0
136400, 3,"R",9178,"R",1666,"R",2518,"R",4994,"R",1658,"R",8,"R",0,"R",0,"R",0
136400,11,"R",2347,"R",146,"R",418,"R",1783,"R",145,"R",1,"R",0,"R",0,"R",0
136473, 1,"R",9773,"R",1484,"R",2110,"R",6179,"R",1379,"R",99,"R",0,"R",1,"R",5
136473, 2,"R",9773,"R",1484,"R",2110,"R",6179,"R",1379,"R",99,"R",0,"R",1,"R",5
136473, 3,"R",7771,"R",1347,"R",1927,"R",4497,"R",1247,"R",94,"R",0,"R",1,"R",5
136473,11,"R",2002,"R",137,"R",183,"R",1682,"R",132,"R",5,"R",0,"R",0,"R",0
136491, 1,"R",520,"R",26,"R",0,"R",494,"R",26,"R",0,"R",0,"R",0,"R",0
136491, 2,"R",520,"R",26,"R",0,"R",494,"R",26,"R",0,"R",0,"R",0,"R",0
136491, 3,"R",520,"R",26,"R",0,"R",494,"R",26,"R",0,"R",0,"R",0,"R",0
136516, 1,"R",10591,"R",1938,"R",2839,"R",5814,"R",1938,"R",0,"R",0,"R",0,"R",0
136516, 2,"R",10591,"R",1938,"R",2839,"R",5814,"R",1938,"R",0,"R",0,"R",0,"R",0
136516, 3,"R",8287,"R",1632,"R",2349,"R",4306,"R",1632,"R",0,"R",0,"R",0,"R",0
136516,11,"R",2304,"R",306,"R",490,"R",1508,"R",306,"R",0,"R",0,"R",0,"R",0
136659, 1,"R",644,"A",,"A",,"R",644,"A",,"A",,"A",,"A",,"A",
136659, 2,"R",644,"A",,"A",,"R",644,"A",,"A",,"A",,"A",,"A",
136659, 3,"R",316,"A",,"A",,"R",316,"A",,"A",,"A",,"A",,"A",
136659,11,"R",328,"A",,"A",,"R",328,"A",,"A",,"A",,"A",,"A",
136701, 1,"R",139,"R",0,"R",48,"R",91,"A",,"A",,"A",,"A",,"A",
136701,12,"R",139,"R",0,"R",48,"R",91,"A",,"A",,"A",,"A",,"A",
136765, 1,"R",305,"A",,"A",,"R",305,"A",,"A",,"A",,"A",,"A",
136765, 2,"R",305,"A",,"A",,"R",305,"A",,"A",,"A",,"A",,"A",
136765, 3,"R",305,"A",,"A",,"R",305,"A",,"A",,"A",,"A",,"A",
136774, 1,"R",1561,"A",,"A",,"R",1561,"A",,"A",,"A",,"A",,"A",
136774, 2,"R",1561,"A",,"A",,"R",1561,"A",,"A",,"A",,"A",,"A",
136774, 3,"R",1559,"A",,"A",,"R",1559,"A",,"A",,"A",,"A",,"A",
136774,11,"R",2,"A",,"A",,"R",2,"A",,"A",,"A",,"A",,"A",
136826, 1,"R",660,"A",,"A",,"R",660,"A",,"A",,"A",,"A",,"A",
136826, 2,"R",660,"A",,"A",,"R",660,"A",,"A",,"A",,"A",,"A",
136826, 3,"R",660,"A",,"A",,"R",660,"A",,"A",,"A",,"A",,"A",
136950, 1,"R",3127,"A",,"A",,"R",3127,"A",,"A",,"A",,"A",,"A",
136950, 2,"R",2571,"A",,"A",,"R",2571,"A",,"A",,"A",,"A",,"A",
136950, 3,"R",2571,"A",,"A",,"R",2571,"A",,"A",,"A",,"A",,"A",
136950,12,"R",556,"A",,"A",,"R",556,"A",,"A",,"A",,"A",,"A",
137023, 1,"R",364,"A",,"A",,"R",364,"A",,"A",,"A",,"A",,"A",
137023, 2,"R",364,"A",,"A",,"R",364,"A",,"A",,"A",,"A",,"A",
137023, 3,"R",364,"A",,"A",,"R",364,"A",,"A",,"A",,"A",,"A",
137032, 1,"R",11808,"R",7218,"R",1494,"R",3096,"R",3057,"R",4133,"R",0,"R",5,"R",23
137032, 2,"R",8662,"R",4889,"R",1340,"R",2433,"R",1767,"R",3105,"R",0,"R",2,"R",15
137032, 3,"R",8484,"R",4739,"R",1332,"R",2413,"R",1736,"R",2987,"R",0,"R",2,"R",14
137032,11,"R",178,"R",150,"R",8,"R",20,"R",31,"R",118,"R",0,"R",0,"R",1
137032,12,"R",3146,"R",2329,"R",154,"R",663,"R",1290,"R",1028,"R",0,"R",3,"R",8
137078, 1,"R",29183,"R",10068,"R",6814,"R",12301,"R",9680,"R",317,"R",0,"R",10,"R",61
137078, 2,"R",29183,"R",10068,"R",6814,"R",12301,"R",9680,"R",317,"R",0,"R",10,"R",61
137078, 3,"R",24498,"R",9203,"R",6091,"R",9204,"R",8853,"R",302,"R",0,"R",8,"R",40
137078,11,"R",4685,"R",865,"R",723,"R",3097,"R",827,"R",15,"R",0,"R",2,"R",21
137087, 1,"R",474,"R",28,"R",0,"R",446,"R",28,"R",0,"R",0,"R",0,"R",0
137087, 2,"R",474,"R",28,"R",0,"R",446,"R",28,"R",0,"R",0,"R",0,"R",0
137087, 3,"R",474,"R",28,"R",0,"R",446,"R",28,"R",0,"R",0,"R",0,"R",0
137096, 1,"R",14324,"R",2099,"R",3258,"R",8967,"R",211,"R",1,"R",0,"R",0,"R",1887
137096, 2,"R",14324,"R",2099,"R",3258,"R",8967,"R",211,"R",1,"R",0,"R",0,"R",1887
137096, 3,"R",12449,"R",1858,"R",2983,"R",7608,"R",211,"R",1,"R",0,"R",0,"R",1646
137096,11,"R",1875,"R",241,"R",275,"R",1359,"R",0,"R",0,"R",0,"R",0,"R",241
137120, 1,"R",1102,"A",,"A",,"R",1102,"A",,"A",,"A",,"A",,"A",
137120, 2,"R",1102,"A",,"A",,"R",1102,"A",,"A",,"A",,"A",,"A",
137120, 3,"R",388,"A",,"A",,"R",388,"A",,"A",,"A",,"A",,"A",
137120,11,"R",714,"A",,"A",,"R",714,"A",,"A",,"A",,"A",,"A",
137209, 1,"R",18104,"R",4238,"R",4392,"R",9474,"R",4154,"R",61,"R",0,"R",23,"R",0
137209, 2,"R",18104,"R",4238,"R",4392,"R",9474,"R",4154,"R",61,"R",0,"R",23,"R",0
137209, 3,"R",15890,"R",3806,"R",4195,"R",7889,"R",3730,"R",53,"R",0,"R",23,"R",0
137209,11,"R",2214,"R",432,"R",197,"R",1585,"R",424,"R",8,"R",0,"R",0,"R",0
137245, 1,"R",1801,"R",265,"R",185,"R",1351,"R",265,"R",0,"R",0,"R",0,"R",0
137245, 2,"R",1801,"R",265,"R",185,"R",1351,"R",265,"R",0,"R",0,"R",0,"R",0
137245, 3,"R",1503,"R",265,"R",185,"R",1053,"R",265,"R",0,"R",0,"R",0,"R",0
137245,11,"R",298,"R",0,"R",0,"R",298,"A",,"A",,"A",,"A",,"A",
137272, 1,"R",62,"A",,"A",,"R",62,"A",,"A",,"A",,"A",,"A",
137272, 2,"R",43,"A",,"A",,"R",43,"A",,"A",,"A",,"A",,"A",
137272, 3,"R",42,"A",,"A",,"R",42,"A",,"A",,"A",,"A",,"A",
137272,11,"R",1,"A",,"A",,"R",1,"A",,"A",,"A",,"A",,"A",
137272,12,"R",19,"A",,"A",,"R",19,"A",,"A",,"A",,"A",,"A",
137281, 1,"R",7503,"R",1373,"R",1528,"R",4602,"R",1366,"R",0,"R",0,"R",0,"R",7
137281, 2,"R",7503,"R",1373,"R",1528,"R",4602,"R",1366,"R",0,"R",0,"R",0,"R",7
137281, 3,"R",4677,"R",1146,"R",1262,"R",2269,"R",1139,"R",0,"R",0,"R",0,"R",7
137281,11,"R",2826,"R",227,"R",266,"R",2333,"R",227,"R",0,"R",0,"R",0,"R",0
137315, 1,"R",2910,"R",288,"R",786,"R",1836,"R",283,"R",0,"R",0,"R",0,"R",5
137315, 2,"R",2910,"R",288,"R",786,"R",1836,"R",283,"R",0,"R",0,"R",0,"R",5
137315, 3,"R",2118,"R",256,"R",631,"R",1231,"R",251,"R",0,"R",0,"R",0,"R",5
137315,11,"R",792,"R",32,"R",155,"R",605,"R",32,"R",0,"R",0,"R",0,"R",0
137351, 1,"R",43846,"R",5468,"R",18317,"R",20061,"R",4899,"R",547,"R",0,"R",12,"R",10
137351, 2,"R",32240,"R",3049,"R",16385,"R",12806,"R",2951,"R",85,"R",0,"R",3,"R",10
137351, 3,"R",31321,"R",2750,"R",16304,"R",12267,"R",2678,"R",62,"R",0,"R",2,"R",8
137351,11,"R",919,"R",299,"R",81,"R",539,"R",273,"R",23,"R",0,"R",1,"R",2
137351,12,"R",11606,"R",2419,"R",1932,"R",7255,"R",1948,"R",462,"R",0,"R",9,"R",0
137476, 1,"R",4251,"R",489,"R",708,"R",3054,"R",272,"R",214,"R",0,"R",3,"R",0
137476, 2,"R",2696,"R",69,"R",401,"R",2226,"R",69,"R",0,"R",0,"R",0,"R",0
137476, 3,"R",991,"R",69,"R",400,"R",522,"R",69,"R",0,"R",0,"R",0,"R",0
137476,11,"R",1705,"R",0,"R",1,"R",1704,"A",,"A",,"A",,"A",,"A",
137476,12,"R",1555,"R",420,"R",307,"R",828,"R",203,"R",214,"R",0,"R",3,"R",0
137546, 1,"R",4341,"R",131,"R",79,"R",4131,"R",88,"R",38,"R",1,"R",4,"R",0
137546, 2,"R",3150,"R",19,"R",19,"R",3112,"R",19,"R",0,"R",0,"R",0,"R",0
137546, 3,"R",3124,"R",19,"R",19,"R",3086,"R",19,"R",0,"R",0,"R",0,"R",0
137546,11,"R",26,"R",0,"R",0,"R",26,"A",,"A",,"A",,"A",,"A",
137546,12,"R",1191,"R",112,"R",60,"R",1019,"R",69,"R",38,"R",1,"R",4,"R",0
137564, 1,"R",8755,"R",1351,"R",2992,"R",4412,"R",723,"R",595,"R",0,"R",2,"R",31
137564, 2,"R",7704,"R",837,"R",2725,"R",4142,"R",413,"R",408,"R",0,"R",0,"R",16
137564, 3,"R",5570,"R",782,"R",2707,"R",2081,"R",385,"R",381,"R",0,"R",0,"R",16
137564,11,"R",2134,"R",55,"R",18,"R",2061,"R",28,"R",27,"R",0,"R",0,"R",0
137564,12,"R",1051,"R",514,"R",267,"R",270,"R",310,"R",187,"R",0,"R",2,"R",15
137591, 1,"R",355,"A",,"A",,"R",355,"A",,"A",,"A",,"A",,"A",
137591, 2,"R",355,"A",,"A",,"R",355,"A",,"A",,"A",,"A",,"A",
137713, 1,"R",182,"A",,"A",,"R",182,"A",,"A",,"A",,"A",,"A",
137713, 2,"R",182,"A",,"A",,"R",182,"A",,"A",,"A",,"A",,"A",
137713, 3,"R",182,"A",,"A",,"R",182,"A",,"A",,"A",,"A",,"A",
137759, 1,"R",11914,"R",1738,"R",3365,"R",6811,"R",1728,"R",9,"R",0,"R",1,"R",0
137759, 2,"R",11914,"R",1738,"R",3365,"R",6811,"R",1728,"R",9,"R",0,"R",1,"R",0
137759, 3,"R",10711,"R",1489,"R",3186,"R",6036,"R",1481,"R",8,"R",0,"R",0,"R",0
137759,11,"R",1203,"R",249,"R",179,"R",775,"R",247,"R",1,"R",0,"R",1,"R",0
137777, 1,"R",22,"A",,"A",,"R",22,"A",,"A",,"A",,"A",,"A",
137777, 2,"R",21,"A",,"A",,"R",21,"A",,"A",,"A",,"A",,"A",
137777, 3,"R",21,"A",,"A",,"R",21,"A",,"A",,"A",,"A",,"A",
137777,12,"R",1,"A",,"A",,"R",1,"A",,"A",,"A",,"A",,"A",
137801, 1,"R",222,"R",0,"R",0,"R",222,"A",,"A",,"A",,"A",,"A",
137801, 2,"R",222,"R",0,"R",0,"R",222,"A",,"A",,"A",,"A",,"A",
137801, 3,"R",222,"R",0,"R",0,"R",222,"A",,"A",,"A",,"A",,"A",
137847, 1,"R",9333,"A",,"A",,"R",9333,"A",,"A",,"A",,"A",,"A",
137847, 2,"R",8441,"A",,"A",,"R",8441,"A",,"A",,"A",,"A",,"A",
137847, 3,"R",8422,"A",,"A",,"R",8422,"A",,"A",,"A",,"A",,"A",
137847,11,"R",19,"A",,"A",,"R",19,"A",,"A",,"A",,"A",,"A",
137847,12,"R",892,"A",,"A",,"R",892,"A",,"A",,"A",,"A",,"A",
137856, 1,"R",202,"A",,"A",,"R",202,"A",,"A",,"A",,"A",,"A",
137856, 2,"R",202,"A",,"A",,"R",202,"A",,"A",,"A",,"A",,"A",
137856, 3,"R",150,"A",,"A",,"R",150,"A",,"A",,"A",,"A",,"A",
137856,11,"R",52,"A",,"A",,"R",52,"A",,"A",,"A",,"A",,"A",
137865, 1,"R",438,"A",,"A",,"R",438,"A",,"A",,"A",,"A",,"A",
137865, 2,"R",438,"A",,"A",,"R",438,"A",,"A",,"A",,"A",,"A",
137865, 3,"R",438,"A",,"A",,"R",438,"A",,"A",,"A",,"A",,"A",
137953, 1,"R",354,"R",68,"R",79,"R",207,"R",44,"R",19,"R",0,"R",1,"R",4
137953, 2,"R",339,"R",53,"R",79,"R",207,"R",35,"R",16,"R",0,"R",1,"R",1
137953, 3,"R",322,"R",47,"R",79,"R",196,"R",29,"R",16,"R",0,"R",1,"R",1
137953,11,"R",17,"R",6,"R",0,"R",11,"R",6,"R",0,"R",0,"R",0,"R",0
137953,12,"R",15,"R",15,"R",0,"R",0,"R",9,"R",3,"R",0,"R",0,"R",3
137962, 1,"R",205,"R",46,"R",36,"R",123,"R",39,"R",6,"R",0,"R",1,"R",0
137962, 2,"R",205,"R",46,"R",36,"R",123,"R",39,"R",6,"R",0,"R",1,"R",0
137962, 3,"R",201,"R",45,"R",36,"R",120,"R",38,"R",6,"R",0,"R",1,"R",0
137962,11,"R",4,"R",1,"Z",0,"R",3,"R",1,"Z",0,"Z",0,"Z",0,"R",0
138132, 1,"R",61,"A",,"A",,"R",61,"A",,"A",,"A",,"A",,"A",
138132, 2,"R",61,"A",,"A",,"R",61,"A",,"A",,"A",,"A",,"A",
138187, 1,"R",46521,"R",7987,"R",12318,"R",26216,"R",7987,"R",0,"R",0,"R",0,"R",0
138187, 2,"R",46521,"R",7987,"R",12318,"R",26216,"R",7987,"R",0,"R",0,"R",0,"R",0
138187, 3,"R",38107,"R",6387,"R",10607,"R",21113,"R",6387,"R",0,"R",0,"R",0,"R",0
138187,11,"R",8414,"R",1600,"R",1711,"R",5103,"R",1600,"R",0,"R",0,"R",0,"R",0
138275, 1,"R",1116,"R",432,"R",217,"R",467,"R",395,"R",33,"R",2,"R",2,"R",0
138275, 2,"R",910,"R",240,"R",207,"R",463,"R",221,"R",15,"R",2,"R",2,"R",0
138275, 3,"R",896,"R",234,"R",207,"R",455,"R",219,"R",14,"R",1,"R",0,"R",0
138275,11,"R",14,"R",6,"R",0,"R",8,"R",2,"R",1,"R",1,"R",2,"R",0
138275,12,"R",206,"R",192,"R",10,"R",4,"R",174,"R",18,"R",0,"R",0,"R",0
138284, 1,"R",317,"A",,"A",,"R",317,"A",,"A",,"A",,"A",,"A",
138284, 2,"R",317,"A",,"A",,"R",317,"A",,"A",,"A",,"A",,"A",
138284, 3,"R",317,"A",,"A",,"R",317,"A",,"A",,"A",,"A",,"A",
138293, 1,"R",694,"R",40,"R",118,"R",536,"R",39,"R",0,"R",0,"R",1,"R",0
138293, 2,"R",613,"R",14,"R",113,"R",486,"R",13,"R",0,"R",0,"R",1,"R",0
138293, 3,"R",613,"R",14,"R",113,"R",486,"R",13,"R",0,"R",0,"R",1,"R",0
138293,12,"R",81,"R",26,"R",5,"R",50,"R",26,"R",0,"R",0,"R",0,"R",0
138309, 1,"R",8756,"R",6446,"R",1691,"R",619,"R",2344,"R",4096,"R",0,"R",3,"R",3
138309, 2,"R",8743,"R",6433,"R",1691,"R",619,"R",2331,"R",4096,"R",0,"R",3,"R",3
138309, 3,"R",8735,"R",6425,"R",1691,"R",619,"R",2330,"R",4089,"R",0,"R",3,"R",3
138309,11,"R",8,"R",8,"R",0,"R",0,"R",1,"R",7,"R",0,"R",0,"R",0
138309,12,"R",13,"R",13,"R",0,"R",0,"R",13,"R",0,"R",0,"R",0,"R",0
138354, 1,"R",12847,"R",4432,"R",3761,"R",4654,"R",3711,"R",721,"R",0,"R",0,"R",0
138354, 2,"R",9733,"R",1928,"R",3607,"R",4198,"R",1742,"R",186,"R",0,"R",0,"R",0
138354, 3,"R",9371,"R",1811,"R",3562,"R",3998,"R",1642,"R",169,"R",0,"R",0,"R",0
138354,11,"R",362,"R",117,"R",45,"R",200,"R",100,"R",17,"R",0,"R",0,"R",0
138354,12,"R",3114,"R",2504,"R",154,"R",456,"R",1969,"R",535,"R",0,"R",0,"R",0
138372, 1,"R",1594,"A",,"A",,"R",1594,"A",,"A",,"A",,"A",,"A",
138372, 2,"R",1594,"A",,"A",,"R",1594,"A",,"A",,"A",,"A",,"A",
138372, 3,"R",464,"A",,"A",,"R",464,"A",,"A",,"A",,"A",,"A",
138372,11,"R",1130,"A",,"A",,"R",1130,"A",,"A",,"A",,"A",,"A",
138479, 1,"R",1104,"R",25,"R",3,"R",1076,"R",25,"R",0,"R",0,"R",0,"R",0
138479, 2,"R",1104,"R",25,"R",3,"R",1076,"R",25,"R",0,"R",0,"R",0,"R",0
138479, 3,"R",750,"R",25,"R",3,"R",722,"R",25,"R",0,"R",0,"R",0,"R",0
138479,11,"R",354,"R",0,"R",0,"R",354,"A",,"A",,"A",,"A",,"A",
138488, 1,"R",1081,"R",11,"R",0,"R",1070,"R",11,"R",0,"R",0,"R",0,"R",0
138488, 2,"R",1081,"R",11,"R",0,"R",1070,"R",11,"R",0,"R",0,"R",0,"R",0
138488, 3,"R",325,"R",11,"R",0,"R",314,"R",11,"R",0,"R",0,"R",0,"R",0
138488,11,"R",756,"R",0,"R",0,"R",756,"A",,"A",,"A",,"A",,"A",
138497, 1,"R",65,"A",,"A",,"R",65,"A",,"A",,"A",,"A",,"A",
138497, 2,"R",65,"A",,"A",,"R",65,"A",,"A",,"A",,"A",,"A",
138497, 3,"R",65,"A",,"A",,"R",65,"A",,"A",,"A",,"A",,"A",
138558, 1,"R",4291,"R",377,"R",833,"R",3081,"R",370,"Z",0,"Z",0,"Z",0,"R",7
138558, 2,"R",4291,"R",377,"R",833,"R",3081,"R",370,"Z",0,"Z",0,"Z",0,"R",7
138558, 3,"R",3744,"R",257,"R",701,"R",2786,"R",251,"Z",0,"Z",0,"Z",0,"R",6
138558,11,"R",547,"R",120,"R",132,"R",295,"R",119,"Z",0,"Z",0,"Z",0,"R",1
138600, 1,"R",1030,"R",0,"R",0,"R",1030,"A",,"A",,"A",,"A",,"A",
138600, 2,"R",996,"R",0,"R",0,"R",996,"A",,"A",,"A",,"A",,"A",
138600, 3,"R",966,"R",0,"R",0,"R",966,"A",,"A",,"A",,"A",,"A",
138600,11,"R",30,"R",0,"R",0,"R",30,"A",,"A",,"A",,"A",,"A",
138600,12,"R",34,"A",,"A",,"R",34,"A",,"A",,"A",,"A",,"A",
138655, 1,"R",419,"R",0,"R",146,"R",273,"A",,"A",,"A",,"A",,"A",
138655, 2,"R",419,"R",0,"R",146,"R",273,"A",,"A",,"A",,"A",,"A",
138655, 3,"R",419,"R",0,"R",146,"R",273,"A",,"A",,"A",,"A",,"A",
138664, 1,"R",64,"R",0,"R",33,"R",31,"A",,"A",,"A",,"A",,"A",
138664, 2,"R",64,"R",0,"R",33,"R",31,"A",,"A",,"A",,"A",,"A",
138664, 3,"R",64,"R",0,"R",33,"R",31,"A",,"A",,"A",,"A",,"A",
138682, 1,"R",3181,"R",1239,"R",910,"R",1032,"R",1233,"R",6,"R",0,"R",0,"R",0
138682, 2,"R",3181,"R",1239,"R",910,"R",1032,"R",1233,"R",6,"R",0,"R",0,"R",0
138682, 3,"R",2522,"R",1068,"R",746,"R",708,"R",1062,"R",6,"R",0,"R",0,"R",0
138682,11,"R",659,"R",171,"R",164,"R",324,"R",171,"R",0,"R",0,"R",0,"R",0
138716, 1,"R",6371,"R",1289,"R",1889,"R",3193,"R",1204,"R",66,"R",14,"R",5,"R",0
138716, 2,"R",6001,"R",1084,"R",1827,"R",3090,"R",1014,"R",53,"R",14,"R",3,"R",0
138716, 3,"R",5545,"R",956,"R",1666,"R",2923,"R",888,"R",51,"R",14,"R",3,"R",0
138716,11,"R",456,"R",128,"R",161,"R",167,"R",126,"R",2,"R",0,"R",0,"R",0
138716,12,"R",370,"R",205,"R",62,"R",103,"R",190,"R",13,"R",0,"R",2,"R",0
138761, 1,"R",293,"R",22,"R",190,"R",81,"R",22,"R",0,"R",0,"R",0,"R",0
138761, 2,"R",293,"R",22,"R",190,"R",81,"R",22,"R",0,"R",0,"R",0,"R",0
138761, 3,"R",292,"R",22,"R",190,"R",80,"R",22,"R",0,"R",0,"R",0,"R",0
138761,11,"R",1,"R",0,"R",0,"R",1,"A",,"A",,"A",,"A",,"A",
138813, 1,"R",1246,"Z",0,"R",326,"R",920,"A",,"A",,"A",,"A",,"A",
138813, 2,"R",1246,"Z",0,"R",326,"R",920,"A",,"A",,"A",,"A",,"A",
138813, 3,"R",1246,"Z",0,"R",326,"R",920,"A",,"A",,"A",,"A",,"A",
138822, 1,"R",430,"A",,"A",,"R",430,"A",,"A",,"A",,"A",,"A",
138822, 2,"R",430,"A",,"A",,"R",430,"A",,"A",,"A",,"A",,"A",
138840, 1,"R",3562,"R",702,"R",1409,"R",1451,"R",700,"R",2,"R",0,"R",0,"R",0
138840, 2,"R",3562,"R",702,"R",1409,"R",1451,"R",700,"R",2,"R",0,"R",0,"R",0
138840, 3,"R",3325,"R",630,"R",1366,"R",1329,"R",629,"R",1,"R",0,"R",0,"R",0
138840,11,"R",237,"R",72,"R",43,"R",122,"R",71,"R",1,"R",0,"R",0,"R",0
138868, 1,"R",2248,"R",442,"R",121,"R",1685,"R",319,"R",121,"R",1,"R",1,"R",0
138868, 2,"R",2213,"R",407,"R",121,"R",1685,"R",296,"R",110,"R",0,"R",1,"R",0
138868, 3,"R",1029,"R",368,"R",69,"R",592,"R",261,"R",106,"R",0,"R",1,"R",0
138868,11,"R",1184,"R",39,"R",52,"R",1093,"R",35,"R",4,"R",0,"R",0,"R",0
138868,12,"R",35,"R",35,"R",0,"R",0,"R",23,"R",11,"R",1,"R",0,"R",0
138901, 1,"R",2187,"R",235,"R",743,"R",1209,"R",234,"R",1,"R",0,"R",0,"R",0
138901, 2,"R",2187,"R",235,"R",743,"R",1209,"R",234,"R",1,"R",0,"R",0,"R",0
138901, 3,"R",1934,"R",235,"R",743,"R",956,"R",234,"R",1,"R",0,"R",0,"R",0
138901,11,"R",253,"R",0,"R",0,"R",253,"A",,"A",,"A",,"A",,"A",
138929, 1,"R",384,"R",0,"R",48,"R",336,"A",,"A",,"A",,"A",,"A",
138929,12,"R",384,"R",0,"R",48,"R",336,"A",,"A",,"A",,"A",,"A",
138938, 1,"R",240,"A",,"A",,"R",240,"A",,"A",,"A",,"A",,"A",
138938, 2,"R",240,"A",,"A",,"R",240,"A",,"A",,"A",,"A",,"A",
138947, 1,"R",3911,"R",10,"R",0,"R",3901,"R",9,"R",1,"Z",0,"Z",0,"R",0
138947, 2,"R",3325,"A",,"A",,"R",3325,"A",,"A",,"A",,"A",,"A",
138947, 3,"R",3320,"A",,"A",,"R",3320,"A",,"A",,"A",,"A",,"A",
138947,11,"R",5,"A",,"A",,"R",5,"A",,"A",,"A",,"A",,"A",
138947,12,"R",586,"R",10,"Z",0,"R",576,"R",9,"R",1,"Z",0,"Z",0,"R",0
138956, 1,"R",4409,"R",219,"R",610,"R",3580,"R",205,"R",14,"R",0,"R",0,"R",0
138956, 2,"R",4409,"R",219,"R",610,"R",3580,"R",205,"R",14,"R",0,"R",0,"R",0
138956, 3,"R",3934,"R",169,"R",549,"R",3216,"R",155,"R",14,"R",0,"R",0,"R",0
138956,11,"R",475,"R",50,"R",61,"R",364,"R",50,"R",0,"R",0,"R",0,"R",0
139144, 1,"R",2014,"R",0,"R",29,"R",1985,"A",,"A",,"A",,"A",,"A",
139144, 2,"R",1936,"R",0,"R",0,"R",1936,"A",,"A",,"A",,"A",,"A",
139144, 3,"R",1913,"R",0,"R",0,"R",1913,"A",,"A",,"A",,"A",,"A",
139144,11,"R",23,"R",0,"R",0,"R",23,"A",,"A",,"A",,"A",,"A",
139144,12,"R",78,"R",0,"R",29,"R",49,"A",,"A",,"A",,"A",,"A",
139153, 1,"R",416,"R",5,"R",103,"R",308,"R",0,"R",5,"R",0,"R",0,"R",0
139153, 2,"R",272,"R",3,"R",63,"R",206,"R",0,"R",3,"R",0,"R",0,"R",0
139153, 3,"R",272,"R",3,"R",63,"R",206,"R",0,"R",3,"R",0,"R",0,"R",0
139153,12,"R",144,"R",2,"R",40,"R",102,"R",0,"R",2,"R",0,"R",0,"R",0
139199, 1,"R",2842,"R",1289,"R",424,"R",1129,"R",1141,"R",147,"Z",0,"R",1,"R",0
139199, 2,"R",1754,"R",778,"R",374,"R",602,"R",722,"R",56,"Z",0,"Z",0,"R",0
139199, 3,"R",1688,"R",768,"R",366,"R",554,"R",713,"R",55,"Z",0,"Z",0,"R",0
139199,11,"R",66,"R",10,"R",8,"R",48,"R",9,"R",1,"Z",0,"Z",0,"R",0
139199,12,"R",1088,"R",511,"R",50,"R",527,"R",419,"R",91,"Z",0,"R",1,"R",0
139205, 1,"R",826,"R",55,"R",250,"R",521,"R",55,"R",0,"R",0,"R",0,"R",0
139205, 2,"R",826,"R",55,"R",250,"R",521,"R",55,"R",0,"R",0,"R",0,"R",0
139205, 3,"R",476,"R",8,"R",208,"R",260,"R",8,"R",0,"R",0,"R",0,"R",0
139205,11,"R",350,"R",47,"R",42,"R",261,"R",47,"R",0,"R",0,"R",0,"R",0
139214, 1,"R",181,"R",124,"R",1,"R",56,"R",62,"R",60,"R",0,"Z",0,"R",2
139214, 2,"R",181,"R",124,"R",1,"R",56,"R",62,"R",60,"R",0,"Z",0,"R",2
139214, 3,"R",181,"R",124,"R",1,"R",56,"R",62,"R",60,"R",0,"Z",0,"R",2
139250, 1,"R",3546,"R",327,"R",1297,"R",1922,"R",319,"R",8,"R",0,"R",0,"R",0
139250, 2,"R",3546,"R",327,"R",1297,"R",1922,"R",319,"R",8,"R",0,"R",0,"R",0
139250, 3,"R",3129,"R",283,"R",1185,"R",1661,"R",278,"R",5,"R",0,"R",0,"R",0
139250,11,"R",417,"R",44,"R",112,"R",261,"R",41,"R",3,"R",0,"R",0,"R",0
139278, 1,"R",7184,"R",909,"R",1952,"R",4323,"R",902,"R",7,"R",0,"R",0,"R",0
139278, 2,"R",7184,"R",909,"R",1952,"R",4323,"R",902,"R",7,"R",0,"R",0,"R",0
139278, 3,"R",5346,"R",600,"R",1643,"R",3103,"R",593,"R",7,"R",0,"R",0,"R",0
139278,11,"R",1838,"R",309,"R",309,"R",1220,"R",309,"R",0,"R",0,"R",0,"R",0
139311, 1,"R",7038,"R",1212,"R",2589,"R",3237,"R",1183,"R",26,"R",0,"R",3,"R",0
139311, 2,"R",6597,"R",1050,"R",2520,"R",3027,"R",1029,"R",18,"R",0,"R",3,"R",0
139311, 3,"R",5630,"R",979,"R",2245,"R",2406,"R",958,"R",18,"R",0,"R",3,"R",0
139311,11,"R",967,"R",71,"R",275,"R",621,"R",71,"R",0,"R",0,"R",0,"R",0
139311,12,"R",441,"R",162,"R",69,"R",210,"R",154,"R",8,"R",0,"R",0,"R",0
139348, 1,"R",176,"R",5,"R",28,"R",143,"R",1,"R",4,"R",0,"R",0,"R",0
139348,12,"R",176,"R",5,"R",28,"R",143,"R",1,"R",4,"R",0,"R",0,"R",0
139357, 1,"R",3301,"R",318,"R",1034,"R",1949,"R",282,"R",36,"R",0,"R",0,"R",0
139357, 2,"R",3301,"R",318,"R",1034,"R",1949,"R",282,"R",36,"R",0,"R",0,"R",0
139357, 3,"R",2754,"R",294,"R",973,"R",1487,"R",259,"R",35,"R",0,"R",0,"R",0
139357,11,"R",547,"R",24,"R",61,"R",462,"R",23,"R",1,"R",0,"R",0,"R",0
139366, 1,"R",8076,"R",1518,"R",2112,"R",4446,"R",1228,"R",276,"R",0,"R",4,"R",10
139366, 2,"R",6640,"R",737,"R",2009,"R",3894,"R",621,"R",111,"R",0,"R",2,"R",3
139366, 3,"R",6266,"R",717,"R",1914,"R",3635,"R",603,"R",109,"R",0,"R",2,"R",3
139366,11,"R",374,"R",20,"R",95,"R",259,"R",18,"R",2,"R",0,"R",0,"R",0
139366,12,"R",1436,"R",781,"R",103,"R",552,"R",607,"R",165,"R",0,"R",2,"R",7
139384, 1,"R",5837,"R",1487,"R",1701,"R",2649,"R",1470,"R",17,"R",0,"R",0,"R",0
139384, 2,"R",5837,"R",1487,"R",1701,"R",2649,"R",1470,"R",17,"R",0,"R",0,"R",0
139384, 3,"R",3816,"R",1106,"R",1168,"R",1542,"R",1089,"R",17,"R",0,"R",0,"R",0
139384,11,"R",2021,"R",381,"R",533,"R",1107,"R",381,"R",0,"R",0,"R",0,"R",0
139393, 1,"R",1046,"A",,"A",,"R",1046,"A",,"A",,"A",,"A",,"A",
139393, 2,"R",1002,"A",,"A",,"R",1002,"A",,"A",,"A",,"A",,"A",
139393, 3,"R",971,"A",,"A",,"R",971,"A",,"A",,"A",,"A",,"A",
139393,11,"R",31,"A",,"A",,"R",31,"A",,"A",,"A",,"A",,"A",
139393,12,"R",44,"A",,"A",,"R",44,"A",,"A",,"A",,"A",,"A",
139463, 1,"R",5118,"R",368,"R",843,"R",3907,"R",349,"R",19,"R",0,"R",0,"R",0
139463, 2,"R",5118,"R",368,"R",843,"R",3907,"R",349,"R",19,"R",0,"R",0,"R",0
139463, 3,"R",4715,"R",368,"R",843,"R",3504,"R",349,"R",19,"R",0,"R",0,"R",0
139463,11,"R",403,"R",0,"R",0,"R",403,"A",,"A",,"A",,"A",,"A",
139506, 1,"R",132,"A",,"A",,"R",132,"A",,"A",,"A",,"A",,"A",
139506, 2,"R",132,"A",,"A",,"R",132,"A",,"A",,"A",,"A",,"A",
139579, 1,"R",996,"Z",0,"R",297,"R",699,"A",,"A",,"A",,"A",,"A",
139579, 2,"R",363,"Z",0,"R",252,"R",111,"A",,"A",,"A",,"A",,"A",
139579, 3,"R",362,"Z",0,"R",252,"R",110,"A",,"A",,"A",,"A",,"A",
139579,11,"R",1,"Z",0,"Z",0,"R",1,"A",,"A",,"A",,"A",,"A",
139579,12,"R",633,"Z",0,"R",45,"R",588,"A",,"A",,"A",,"A",,"A",
139621, 1,"R",2942,"R",315,"R",1208,"R",1419,"R",299,"R",16,"R",0,"R",0,"R",0
139621, 2,"R",2942,"R",315,"R",1208,"R",1419,"R",299,"R",16,"R",0,"R",0,"R",0
139621, 3,"R",2502,"R",312,"R",1189,"R",1001,"R",296,"R",16,"R",0,"R",0,"R",0
139621,11,"R",440,"R",3,"R",19,"R",418,"R",3,"R",0,"R",0,"R",0,"R",0
139630, 1,"R",920,"R",0,"R",254,"R",666,"A",,"A",,"A",,"A",,"A",
139630, 2,"R",920,"R",0,"R",254,"R",666,"A",,"A",,"A",,"A",,"A",
139630, 3,"R",788,"R",0,"R",226,"R",562,"A",,"A",,"A",,"A",,"A",
139630,11,"R",132,"R",0,"R",28,"R",104,"A",,"A",,"A",,"A",,"A",
139658, 1,"R",14458,"R",174,"R",1099,"R",13185,"R",91,"R",83,"R",0,"R",0,"R",0
139658, 2,"R",7086,"R",30,"R",112,"R",6944,"R",17,"R",13,"R",0,"R",0,"R",0
139658, 3,"R",6975,"R",21,"R",112,"R",6842,"R",10,"R",11,"R",0,"R",0,"R",0
139658,11,"R",111,"R",9,"R",0,"R",102,"R",7,"R",2,"R",0,"R",0,"R",0
139658,12,"R",7372,"R",144,"R",987,"R",6241,"R",74,"R",70,"R",0,"R",0,"R",0
139700, 1,"R",6184,"R",808,"R",1736,"R",3640,"R",805,"R",3,"R",0,"R",0,"R",0
139700, 2,"R",6184,"R",808,"R",1736,"R",3640,"R",805,"R",3,"R",0,"R",0,"R",0
139700, 3,"R",5721,"R",772,"R",1695,"R",3254,"R",769,"R",3,"R",0,"R",0,"R",0
139700,11,"R",463,"R",36,"R",41,"R",386,"R",36,"R",0,"R",0,"R",0,"R",0
139719, 1,"R",2776,"R",124,"Z",0,"R",2652,"R",109,"R",11,"Z",0,"Z",0,"R",4
139719, 2,"R",2359,"R",39,"Z",0,"R",2320,"R",30,"R",5,"Z",0,"Z",0,"R",4
139719, 3,"R",2337,"R",39,"Z",0,"R",2298,"R",30,"R",5,"Z",0,"Z",0,"R",4
139719,11,"R",22,"Z",0,"Z",0,"R",22,"A",,"A",,"A",,"A",,"A",
139719,12,"R",417,"R",85,"Z",0,"R",332,"R",79,"R",6,"Z",0,"Z",0,"R",0
139746, 1,"R",59,"A",,"A",,"R",59,"A",,"A",,"A",,"A",,"A",
139746, 2,"R",59,"A",,"A",,"R",59,"A",,"A",,"A",,"A",,"A",
139746, 3,"R",59,"A",,"A",,"R",59,"A",,"A",,"A",,"A",,"A",
139755, 1,"R",32723,"R",9852,"R",489,"R",22382,"R",1454,"R",5682,"R",0,"R",2716,"R",0
139755, 2,"R",16049,"R",530,"R",304,"R",15215,"R",522,"R",1,"Z",0,"R",7,"R",0
139755, 3,"R",15201,"R",0,"R",299,"R",14902,"A",,"A",,"A",,"A",,"A",
139755,11,"R",848,"R",530,"R",5,"R",313,"R",522,"R",1,"Z",0,"R",7,"R",0
139755,12,"R",16674,"R",9322,"R",185,"R",7167,"R",932,"R",5681,"R",0,"R",2709,"R",0
139764, 1,"R",2907,"R",748,"R",1017,"R",1142,"R",693,"R",53,"R",0,"R",2,"R",0
139764, 2,"R",2467,"R",624,"R",705,"R",1138,"R",587,"R",35,"R",0,"R",2,"R",0
139764, 3,"R",2231,"R",554,"R",649,"R",1028,"R",521,"R",31,"R",0,"R",2,"R",0
139764,11,"R",236,"R",70,"R",56,"R",110,"R",66,"R",4,"R",0,"R",0,"R",0
139764,12,"R",440,"R",124,"R",312,"R",4,"R",106,"R",18,"R",0,"R",0,"R",0
139861, 1,"R",6989,"R",749,"R",993,"R",5247,"R",712,"R",36,"R",0,"R",1,"R",0
139861, 2,"R",5958,"R",18,"R",830,"R",5110,"R",17,"R",1,"R",0,"R",0,"R",0
139861, 3,"R",5834,"R",15,"R",828,"R",4991,"R",14,"R",1,"R",0,"R",0,"R",0
139861,11,"R",124,"R",3,"R",2,"R",119,"R",3,"R",0,"R",0,"R",0,"R",0
139861,12,"R",1031,"R",731,"R",163,"R",137,"R",695,"R",35,"R",0,"R",1,"R",0
139931, 1,"R",26408,"R",2652,"R",6726,"R",17030,"R",2330,"R",308,"R",3,"R",3,"R",8
139931, 2,"R",23130,"R",1168,"R",6220,"R",15742,"R",990,"R",171,"R",3,"R",3,"R",1
139931, 3,"R",22239,"R",1124,"R",6137,"R",14978,"R",951,"R",167,"R",2,"R",3,"R",1
139931,11,"R",891,"R",44,"R",83,"R",764,"R",39,"R",4,"R",1,"R",0,"R",0
139931,12,"R",3278,"R",1484,"R",506,"R",1288,"R",1340,"R",137,"R",0,"R",0,"R",7
139940, 1,"R",34316,"R",291,"R",9120,"R",24905,"R",278,"R",12,"R",1,"R",0,"R",0
139940, 2,"R",27231,"R",121,"R",8193,"R",18917,"R",114,"R",6,"R",1,"R",0,"R",0
139940, 3,"R",26489,"R",105,"R",8126,"R",18258,"R",99,"R",5,"R",1,"R",0,"R",0
139940,11,"R",742,"R",16,"R",67,"R",659,"R",15,"R",1,"R",0,"R",0,"R",0
139940,12,"R",7085,"R",170,"R",927,"R",5988,"R",164,"R",6,"R",0,"R",0,"R",0
139959, 1,"R",38652,"R",743,"R",3957,"R",33952,"R",587,"R",147,"R",1,"R",8,"R",0
139959, 2,"R",29611,"R",224,"R",3276,"R",26111,"R",204,"R",19,"R",1,"R",0,"R",0
139959, 3,"R",29474,"R",220,"R",3274,"R",25980,"R",204,"R",16,"R",0,"R",0,"R",0
139959,11,"R",137,"R",4,"R",2,"R",131,"R",0,"R",3,"R",1,"R",0,"R",0
139959,12,"R",9041,"R",519,"R",681,"R",7841,"R",383,"R",128,"R",0,"R",8,"R",0
139968, 1,"R",3663,"R",328,"R",788,"R",2547,"R",328,"R",0,"R",0,"R",0,"R",0
139968, 2,"R",3663,"R",328,"R",788,"R",2547,"R",328,"R",0,"R",0,"R",0,"R",0
139968, 3,"R",3145,"R",283,"R",708,"R",2154,"R",283,"R",0,"R",0,"R",0,"R",0
139968,11,"R",518,"R",45,"R",80,"R",393,"R",45,"R",0,"R",0,"R",0,"R",0
139986, 1,"R",4905,"R",807,"R",1452,"R",2646,"R",805,"R",2,"R",0,"R",0,"R",0
139986, 2,"R",4905,"R",807,"R",1452,"R",2646,"R",805,"R",2,"R",0,"R",0,"R",0
139986, 3,"R",3795,"R",638,"R",1158,"R",1999,"R",636,"R",2,"R",0,"R",0,"R",0
139986,11,"R",1110,"R",169,"R",294,"R",647,"R",169,"R",0,"R",0,"R",0,"R",0
139995, 1,"R",200,"R",55,"R",0,"R",145,"R",20,"R",35,"Z",0,"Z",0,"R",0
139995, 2,"R",200,"R",55,"R",0,"R",145,"R",20,"R",35,"Z",0,"Z",0,"R",0
139995, 3,"R",200,"R",55,"R",0,"R",145,"R",20,"R",35,"Z",0,"Z",0,"R",0
140003, 1,"R",93,"A",,"A",,"R",93,"A",,"A",,"A",,"A",,"A",
140003, 2,"R",93,"A",,"A",,"R",93,"A",,"A",,"A",,"A",,"A",
140003, 3,"R",93,"A",,"A",,"R",93,"A",,"A",,"A",,"A",,"A",
140012, 1,"R",9124,"R",1089,"R",2181,"R",5854,"R",1087,"R",2,"R",0,"R",0,"R",0
140012, 2,"R",9124,"R",1089,"R",2181,"R",5854,"R",1087,"R",2,"R",0,"R",0,"R",0
140012, 3,"R",7439,"R",743,"R",1862,"R",4834,"R",741,"R",2,"R",0,"R",0,"R",0
140012,11,"R",1685,"R",346,"R",319,"R",1020,"R",346,"R",0,"R",0,"R",0,"R",0
140146, 1,"R",293,"R",84,"R",146,"R",63,"R",34,"R",50,"R",0,"R",0,"R",0
140146,12,"R",293,"R",84,"R",146,"R",63,"R",34,"R",50,"R",0,"R",0,"R",0
140234, 1,"R",1029,"R",51,"R",329,"R",649,"R",37,"R",14,"R",0,"R",0,"R",0
140234, 2,"R",877,"R",27,"R",328,"R",522,"R",25,"R",2,"R",0,"R",0,"R",0
140234, 3,"R",858,"R",24,"R",328,"R",506,"R",22,"R",2,"R",0,"R",0,"R",0
140234,11,"R",19,"R",3,"R",0,"R",16,"R",3,"R",0,"R",0,"R",0,"R",0
140234,12,"R",152,"R",24,"R",1,"R",127,"R",12,"R",12,"R",0,"R",0,"R",0
140243, 1,"R",4051,"R",528,"R",1026,"R",2497,"R",528,"R",0,"R",0,"R",0,"R",0
140243, 2,"R",4051,"R",528,"R",1026,"R",2497,"R",528,"R",0,"R",0,"R",0,"R",0
140243, 3,"R",3107,"R",461,"R",924,"R",1722,"R",461,"R",0,"R",0,"R",0,"R",0
140243,11,"R",944,"R",67,"R",102,"R",775,"R",67,"R",0,"R",0,"R",0,"R",0
140252, 1,"R",2746,"R",44,"R",784,"R",1918,"R",18,"R",26,"Z",0,"Z",0,"R",0
140252, 2,"R",898,"R",21,"R",409,"R",468,"R",13,"R",8,"Z",0,"Z",0,"R",0
140252, 3,"R",888,"R",21,"R",409,"R",458,"R",13,"R",8,"Z",0,"Z",0,"R",0
140252,11,"R",10,"Z",0,"Z",0,"R",10,"A",,"A",,"A",,"A",,"A",
140252,12,"R",1848,"R",23,"R",375,"R",1450,"R",5,"R",18,"Z",0,"Z",0,"R",0
140331, 1,"R",10483,"R",1510,"R",2900,"R",6073,"R",1505,"R",5,"R",0,"R",0,"R",0
140331, 2,"R",10483,"R",1510,"R",2900,"R",6073,"R",1505,"R",5,"R",0,"R",0,"R",0
140331, 3,"R",8442,"R",1128,"R",2344,"R",4970,"R",1124,"R",4,"R",0,"R",0,"R",0
140331,11,"R",2041,"R",382,"R",556,"R",1103,"R",381,"R",1,"R",0,"R",0,"R",0
140340, 1,"R",762,"R",472,"R",168,"R",122,"R",454,"R",17,"Z",0,"R",1,"R",0
140340, 2,"R",695,"R",435,"R",141,"R",119,"R",417,"R",17,"Z",0,"R",1,"R",0
140340, 3,"R",694,"R",434,"R",141,"R",119,"R",416,"R",17,"Z",0,"R",1,"R",0
140340,11,"R",1,"R",1,"Z",0,"R",0,"R",1,"Z",0,"Z",0,"Z",0,"R",0
140340,12,"R",67,"R",37,"R",27,"R",3,"R",37,"Z",0,"Z",0,"Z",0,"R",0
140447, 1,"R",8740,"R",899,"R",1134,"R",6707,"R",840,"R",57,"R",0,"R",2,"R",0
140447, 2,"R",4797,"R",453,"R",674,"R",3670,"R",435,"R",18,"R",0,"R",0,"R",0
140447, 3,"R",4765,"R",452,"R",666,"R",3647,"R",434,"R",18,"R",0,"R",0,"R",0
140447,11,"R",32,"R",1,"R",8,"R",23,"R",1,"R",0,"R",0,"R",0,"R",0
140447,12,"R",3943,"R",446,"R",460,"R",3037,"R",405,"R",39,"R",0,"R",2,"R",0
140553, 1,"R",2206,"A",,"A",,"R",2206,"A",,"A",,"A",,"A",,"A",
140553, 2,"R",2206,"A",,"A",,"R",2206,"A",,"A",,"A",,"A",,"A",
140553, 3,"R",2205,"A",,"A",,"R",2205,"A",,"A",,"A",,"A",,"A",
140553,11,"R",1,"A",,"A",,"R",1,"A",,"A",,"A",,"A",,"A",
140562, 1,"R",542,"A",,"A",,"R",542,"A",,"A",,"A",,"A",,"A",
140562,12,"R",542,"A",,"A",,"R",542,"A",,"A",,"A",,"A",,"A",
140678, 1,"R",2612,"R",265,"R",798,"R",1549,"R",262,"R",3,"R",0,"R",0,"R",0
140678, 2,"R",2612,"R",265,"R",798,"R",1549,"R",262,"R",3,"R",0,"R",0,"R",0
140678, 3,"R",2117,"R",206,"R",734,"R",1177,"R",203,"R",3,"R",0,"R",0,"R",0
140678,11,"R",495,"R",59,"R",64,"R",372,"R",59,"R",0,"R",0,"R",0,"R",0
140696, 1,"R",1264,"A",,"A",,"R",1264,"A",,"A",,"A",,"A",,"A",
140696, 2,"R",1264,"A",,"A",,"R",1264,"A",,"A",,"A",,"A",,"A",
140696, 3,"R",1241,"A",,"A",,"R",1241,"A",,"A",,"A",,"A",,"A",
140696,11,"R",23,"A",,"A",,"R",23,"A",,"A",,"A",,"A",,"A",
140720, 1,"R",469,"A",,"A",,"R",469,"A",,"A",,"A",,"A",,"A",
140720, 2,"R",469,"A",,"A",,"R",469,"A",,"A",,"A",,"A",,"A",
140720, 3,"R",453,"A",,"A",,"R",453,"A",,"A",,"A",,"A",,"A",
140720,11,"R",16,"A",,"A",,"R",16,"A",,"A",,"A",,"A",,"A",
140818, 1,"R",2449,"R",18,"R",407,"R",2024,"R",17,"R",1,"R",0,"R",0,"R",0
140818, 2,"R",1263,"R",13,"R",193,"R",1057,"R",12,"R",1,"R",0,"R",0,"R",0
140818, 3,"R",1217,"R",13,"R",189,"R",1015,"R",12,"R",1,"R",0,"R",0,"R",0
140818,11,"R",46,"R",0,"R",4,"R",42,"A",,"A",,"A",,"A",,"A",
140818,12,"R",1186,"R",5,"R",214,"R",967,"R",5,"R",0,"R",0,"R",0,"R",0
140827, 1,"R",45,"A",,"A",,"R",45,"A",,"A",,"A",,"A",,"A",
140827, 2,"R",45,"A",,"A",,"R",45,"A",,"A",,"A",,"A",,"A",
140872, 1,"R",1566,"R",293,"R",271,"R",1002,"R",286,"R",7,"R",0,"R",0,"R",0
140872, 2,"R",1473,"R",261,"R",264,"R",948,"R",260,"R",1,"R",0,"R",0,"R",0
140872, 3,"R",1425,"R",261,"R",262,"R",902,"R",260,"R",1,"R",0,"R",0,"R",0
140872,11,"R",48,"R",0,"R",2,"R",46,"A",,"A",,"A",,"A",,"A",
140872,12,"R",93,"R",32,"R",7,"R",54,"R",26,"R",6,"R",0,"R",0,"R",0
140942, 1,"R",3817,"R",491,"R",1141,"R",2185,"R",483,"R",8,"R",0,"R",0,"R",0
140942, 2,"R",3817,"R",491,"R",1141,"R",2185,"R",483,"R",8,"R",0,"R",0,"R",0
140942, 3,"R",3389,"R",436,"R",1067,"R",1886,"R",428,"R",8,"R",0,"R",0,"R",0
140942,11,"R",428,"R",55,"R",74,"R",299,"R",55,"R",0,"R",0,"R",0,"R",0
140951, 1,"R",14086,"R",1040,"R",1578,"R",11468,"R",153,"R",803,"R",0,"R",9,"R",75
140951, 2,"R",11508,"R",567,"R",1245,"R",9696,"R",82,"R",432,"R",0,"R",3,"R",50
140951, 3,"R",11363,"R",497,"R",1242,"R",9624,"R",72,"R",394,"R",0,"R",3,"R",28
140951,11,"R",145,"R",70,"R",3,"R",72,"R",10,"R",38,"R",0,"R",0,"R",22
140951,12,"R",2578,"R",473,"R",333,"R",1772,"R",71,"R",371,"R",0,"R",6,"R",25
140960, 1,"R",4077,"R",195,"R",1063,"R",2819,"R",181,"R",14,"R",0,"R",0,"R",0
140960, 2,"R",3895,"R",195,"R",994,"R",2706,"R",181,"R",14,"R",0,"R",0,"R",0
140960, 3,"R",3742,"R",195,"R",994,"R",2553,"R",181,"R",14,"R",0,"R",0,"R",0
140960,11,"R",153,"R",0,"R",0,"R",153,"A",,"A",,"A",,"A",,"A",
140960,12,"R",182,"R",0,"R",69,"R",113,"A",,"A",,"A",,"A",,"A",
140988, 1,"R",1452,"R",420,"R",125,"R",907,"R",374,"R",46,"R",0,"R",0,"R",0
140988, 2,"R",1352,"R",322,"R",124,"R",906,"R",294,"R",28,"R",0,"R",0,"R",0
140988, 3,"R",1211,"R",314,"R",117,"R",780,"R",287,"R",27,"R",0,"R",0,"R",0
140988,11,"R",141,"R",8,"R",7,"R",126,"R",7,"R",1,"R",0,"R",0,"R",0
140988,12,"R",100,"R",98,"R",1,"R",1,"R",80,"R",18,"R",0,"R",0,"R",0
141006, 1,"R",2083,"R",361,"R",567,"R",1155,"R",361,"R",0,"R",0,"R",0,"R",0
141006, 2,"R",2083,"R",361,"R",567,"R",1155,"R",361,"R",0,"R",0,"R",0,"R",0
141006, 3,"R",1611,"R",139,"R",517,"R",955,"R",139,"R",0,"R",0,"R",0,"R",0
141006,11,"R",472,"R",222,"R",50,"R",200,"R",222,"R",0,"R",0,"R",0,"R",0
141015, 1,"R",258,"A",,"A",,"R",258,"A",,"A",,"A",,"A",,"A",
141015, 2,"R",258,"A",,"A",,"R",258,"A",,"A",,"A",,"A",,"A",
141060, 1,"R",2171,"A",,"A",,"R",2171,"A",,"A",,"A",,"A",,"A",
141060, 2,"R",2171,"A",,"A",,"R",2171,"A",,"A",,"A",,"A",,"A",
141060, 3,"R",2166,"A",,"A",,"R",2166,"A",,"A",,"A",,"A",,"A",
141060,11,"R",5,"A",,"A",,"R",5,"A",,"A",,"A",,"A",,"A",
141167, 1,"R",1310,"R",278,"R",1032,"R",0,"R",190,"R",88,"Z",0,"Z",0,"R",0
141167, 2,"R",717,"R",152,"R",565,"R",0,"R",123,"R",29,"Z",0,"Z",0,"R",0
141167, 3,"R",651,"R",89,"R",562,"R",0,"R",61,"R",28,"Z",0,"Z",0,"R",0
141167,11,"R",66,"R",63,"R",3,"R",0,"R",62,"R",1,"Z",0,"Z",0,"R",0
141167,12,"R",593,"R",126,"R",467,"R",0,"R",67,"R",59,"Z",0,"Z",0,"R",0
141185, 1,"R",1656,"R",816,"R",150,"R",690,"R",753,"R",62,"R",0,"R",1,"R",0
141185, 2,"R",1656,"R",816,"R",150,"R",690,"R",753,"R",62,"R",0,"R",1,"R",0
141185, 3,"R",884,"R",218,"R",140,"R",526,"R",162,"R",55,"R",0,"R",1,"R",0
141185,11,"R",772,"R",598,"R",10,"R",164,"R",591,"R",7,"R",0,"R",0,"R",0
141237, 1,"R",3001,"R",1223,"R",299,"R",1479,"R",1147,"R",74,"R",0,"R",2,"R",0
141237, 2,"R",2919,"R",1194,"R",293,"R",1432,"R",1122,"R",71,"R",0,"R",1,"R",0
141237, 3,"R",830,"R",131,"R",43,"R",656,"R",114,"R",16,"R",0,"R",1,"R",0
141237,11,"R",2089,"R",1063,"R",250,"R",776,"R",1008,"R",55,"R",0,"R",0,"R",0
141237,12,"R",82,"R",29,"R",6,"R",47,"R",25,"R",3,"R",0,"R",1,"R",0
141255, 1,"R",4773,"R",516,"R",814,"R",3443,"R",513,"R",3,"R",0,"R",0,"R",0
141255, 2,"R",4773,"R",516,"R",814,"R",3443,"R",513,"R",3,"R",0,"R",0,"R",0
141255, 3,"R",2422,"R",297,"R",653,"R",1472,"R",295,"R",2,"R",0,"R",0,"R",0
141255,11,"R",2351,"R",219,"R",161,"R",1971,"R",218,"R",1,"R",0,"R",0,"R",0
141264, 1,"R",11211,"R",3002,"R",2722,"R",5487,"R",2040,"R",937,"Z",0,"R",23,"R",2
141264, 2,"R",8700,"R",1131,"R",2488,"R",5081,"R",989,"R",139,"Z",0,"R",3,"R",0
141264, 3,"R",8404,"R",1101,"R",2471,"R",4832,"R",959,"R",139,"Z",0,"R",3,"R",0
141264,11,"R",296,"R",30,"R",17,"R",249,"R",30,"R",0,"Z",0,"Z",0,"R",0
141264,12,"R",2511,"R",1871,"R",234,"R",406,"R",1051,"R",798,"Z",0,"R",20,"R",2
141325, 1,"R",765,"R",24,"R",83,"R",658,"R",24,"Z",0,"Z",0,"Z",0,"R",0
141325, 2,"R",725,"R",24,"R",83,"R",618,"R",24,"Z",0,"Z",0,"Z",0,"R",0
141325, 3,"R",557,"R",14,"R",72,"R",471,"R",14,"Z",0,"Z",0,"Z",0,"R",0
141325,11,"R",168,"R",10,"R",11,"R",147,"R",10,"Z",0,"Z",0,"Z",0,"R",0
141325,12,"R",40,"A",,"A",,"R",40,"A",,"A",,"A",,"A",,"A",
141334, 1,"R",13733,"R",3394,"R",4693,"R",5646,"R",3177,"R",207,"Z",0,"R",10,"R",0
141334, 2,"R",11135,"R",1355,"R",4484,"R",5296,"R",1312,"R",38,"Z",0,"R",5,"R",0
141334, 3,"R",10448,"R",1110,"R",4315,"R",5023,"R",1071,"R",36,"Z",0,"R",3,"R",0
141334,11,"R",687,"R",245,"R",169,"R",273,"R",241,"R",2,"Z",0,"R",2,"R",0
141334,12,"R",2598,"R",2039,"R",209,"R",350,"R",1865,"R",169,"Z",0,"R",5,"R",0
141361, 1,"R",1425,"R",49,"R",33,"R",1343,"R",49,"R",0,"R",0,"R",0,"R",0
141361, 2,"R",1425,"R",49,"R",33,"R",1343,"R",49,"R",0,"R",0,"R",0,"R",0
141361, 3,"R",990,"R",1,"R",0,"R",989,"R",1,"R",0,"R",0,"R",0,"R",0
141361,11,"R",435,"R",48,"R",33,"R",354,"R",48,"R",0,"R",0,"R",0,"R",0
141486, 1,"R",2150,"R",485,"R",618,"R",1047,"R",294,"R",143,"R",1,"R",47,"R",0
141486, 2,"R",1646,"R",278,"R",545,"R",823,"R",135,"R",99,"R",0,"R",44,"R",0
141486, 3,"R",1621,"R",271,"R",545,"R",805,"R",131,"R",96,"R",0,"R",44,"R",0
141486,11,"R",25,"R",7,"R",0,"R",18,"R",4,"R",3,"R",0,"R",0,"R",0
141486,12,"R",504,"R",207,"R",73,"R",224,"R",159,"R",44,"R",1,"R",3,"R",0
141565, 1,"R",3406,"R",271,"R",809,"R",2326,"R",254,"R",16,"R",0,"R",1,"R",0
141565, 2,"R",2816,"R",195,"R",792,"R",1829,"R",184,"R",11,"R",0,"R",0,"R",0
141565, 3,"R",2681,"R",154,"R",789,"R",1738,"R",143,"R",11,"R",0,"R",0,"R",0
141565,11,"R",135,"R",41,"R",3,"R",91,"R",41,"R",0,"R",0,"R",0,"R",0
141565,12,"R",590,"R",76,"R",17,"R",497,"R",70,"R",5,"R",0,"R",1,"R",0
141574, 1,"R",17710,"R",721,"R",2177,"R",14812,"R",590,"R",128,"R",1,"R",2,"R",0
141574, 2,"R",12968,"R",348,"R",1865,"R",10755,"R",294,"R",54,"R",0,"R",0,"R",0
141574, 3,"R",12609,"R",265,"R",1853,"R",10491,"R",222,"R",43,"R",0,"R",0,"R",0
141574,11,"R",359,"R",83,"R",12,"R",264,"R",72,"R",11,"R",0,"R",0,"R",0
141574,12,"R",4742,"R",373,"R",312,"R",4057,"R",296,"R",74,"R",1,"R",2,"R",0
141608, 1,"R",64,"A",,"A",,"R",64,"A",,"A",,"A",,"A",,"A",
141608, 2,"R",64,"A",,"A",,"R",64,"A",,"A",,"A",,"A",,"A",
141644, 1,"R",4086,"R",537,"R",1488,"R",2061,"R",326,"R",173,"Z",0,"R",7,"R",31
141644, 2,"R",3545,"R",460,"R",1369,"R",1716,"R",279,"R",146,"Z",0,"R",7,"R",28
141644, 3,"R",3160,"R",420,"R",1358,"R",1382,"R",264,"R",145,"Z",0,"R",5,"R",6
141644,11,"R",385,"R",40,"R",11,"R",334,"R",15,"R",1,"Z",0,"R",2,"R",22
141644,12,"R",541,"R",77,"R",119,"R",345,"R",47,"R",27,"Z",0,"Z",0,"R",3
141680, 1,"R",3541,"R",460,"R",418,"R",2663,"R",447,"R",13,"R",0,"R",0,"R",0
141680, 2,"R",3541,"R",460,"R",418,"R",2663,"R",447,"R",13,"R",0,"R",0,"R",0
141680, 3,"R",2690,"R",162,"R",390,"R",2138,"R",159,"R",3,"R",0,"R",0,"R",0
141680,11,"R",851,"R",298,"R",28,"R",525,"R",288,"R",10,"R",0,"R",0,"R",0
141796, 1,"R",6899,"R",1262,"R",1609,"R",4028,"R",1219,"R",41,"R",1,"R",1,"R",0
141796, 2,"R",6899,"R",1262,"R",1609,"R",4028,"R",1219,"R",41,"R",1,"R",1,"R",0
141796, 3,"R",4846,"R",463,"R",1389,"R",2994,"R",452,"R",11,"R",0,"R",0,"R",0
141796,11,"R",2053,"R",799,"R",220,"R",1034,"R",767,"R",30,"R",1,"R",1,"R",0
141802, 1,"R",1486,"R",105,"R",123,"R",1258,"R",101,"R",4,"R",0,"R",0,"R",0
141802, 2,"R",1486,"R",105,"R",123,"R",1258,"R",101,"R",4,"R",0,"R",0,"R",0
141802, 3,"R",929,"R",60,"R",117,"R",752,"R",59,"R",1,"R",0,"R",0,"R",0
141802,11,"R",557,"R",45,"R",6,"R",506,"R",42,"R",3,"R",0,"R",0,"R",0
141811, 1,"R",6709,"R",1572,"R",1928,"R",3209,"R",1549,"R",21,"R",0,"R",2,"R",0
141811, 2,"R",6709,"R",1572,"R",1928,"R",3209,"R",1549,"R",21,"R",0,"R",2,"R",0
141811, 3,"R",4634,"R",711,"R",1746,"R",2177,"R",701,"R",10,"R",0,"R",0,"R",0
141811,11,"R",2075,"R",861,"R",182,"R",1032,"R",848,"R",11,"R",0,"R",2,"R",0
141839, 1,"R",3092,"R",502,"R",772,"R",1818,"R",500,"R",2,"R",0,"R",0,"R",0
141839, 2,"R",3092,"R",502,"R",772,"R",1818,"R",500,"R",2,"R",0,"R",0,"R",0
141839, 3,"R",2391,"R",272,"R",734,"R",1385,"R",271,"R",1,"R",0,"R",0,"R",0
141839,11,"R",701,"R",230,"R",38,"R",433,"R",229,"R",1,"R",0,"R",0,"R",0
141945, 1,"P",66,"A",,"A",,"P",66,"A",,"A",,"A",,"A",,"A",
141945, 2,"P",66,"A",,"A",,"P",66,"A",,"A",,"A",,"A",,"A",
141981, 1,"R",3128,"R",932,"R",1281,"R",915,"R",916,"R",16,"R",0,"R",0,"R",0
141981, 2,"R",3128,"R",932,"R",1281,"R",915,"R",916,"R",16,"R",0,"R",0,"R",0
141981, 3,"R",2743,"R",882,"R",1270,"R",591,"R",866,"R",16,"R",0,"R",0,"R",0
141981,11,"R",385,"R",50,"R",11,"R",324,"R",50,"R",0,"R",0,"R",0,"R",0
141990, 1,"R",2460,"R",744,"R",459,"R",1257,"R",725,"R",19,"R",0,"R",0,"R",0
141990, 2,"R",2460,"R",744,"R",459,"R",1257,"R",725,"R",19,"R",0,"R",0,"R",0
141990, 3,"R",1193,"R",146,"R",393,"R",654,"R",143,"R",3,"R",0,"R",0,"R",0
141990,11,"R",1267,"R",598,"R",66,"R",603,"R",582,"R",16,"R",0,"R",0,"R",0
142054, 1,"R",428,"Z",0,"R",87,"R",341,"A",,"A",,"A",,"A",,"A",
142054, 2,"R",428,"Z",0,"R",87,"R",341,"A",,"A",,"A",,"A",,"A",
142054, 3,"R",428,"Z",0,"R",87,"R",341,"A",,"A",,"A",,"A",,"A",
142090, 1,"R",110,"A",,"A",,"R",110,"A",,"A",,"A",,"A",,"A",
142090, 2,"R",110,"A",,"A",,"R",110,"A",,"A",,"A",,"A",,"A",
142090, 3,"R",110,"A",,"A",,"R",110,"A",,"A",,"A",,"A",,"A",
142115, 1,"R",25504,"R",3575,"R",5955,"R",15974,"R",1808,"R",1739,"R",0,"R",27,"R",1
142115, 2,"R",22033,"R",2182,"R",5844,"R",14007,"R",1248,"R",933,"R",0,"R",1,"R",0
142115, 3,"R",16526,"R",1892,"R",5817,"R",8817,"R",961,"R",930,"R",0,"R",1,"R",0
142115,11,"R",5507,"R",290,"R",27,"R",5190,"R",287,"R",3,"R",0,"R",0,"R",0
142115,12,"R",3471,"R",1393,"R",111,"R",1967,"R",560,"R",806,"R",0,"R",26,"R",1
142179, 1,"R",1288,"R",34,"Z",0,"R",1254,"R",32,"R",2,"Z",0,"Z",0,"R",0
142179, 2,"R",1288,"R",34,"Z",0,"R",1254,"R",32,"R",2,"Z",0,"Z",0,"R",0
142179, 3,"R",1122,"R",29,"Z",0,"R",1093,"R",27,"R",2,"Z",0,"Z",0,"R",0
142179,11,"R",166,"R",5,"Z",0,"R",161,"R",5,"R",0,"Z",0,"Z",0,"R",0
142276, 1,"R",12363,"R",1620,"R",4203,"R",6540,"R",1320,"R",247,"R",32,"R",21,"R",0
142276, 2,"R",10401,"R",926,"R",3700,"R",5775,"R",784,"R",106,"R",24,"R",12,"R",0
142276, 3,"R",7593,"R",853,"R",3683,"R",3057,"R",721,"R",96,"R",24,"R",12,"R",0
142276,11,"R",2808,"R",73,"R",17,"R",2718,"R",63,"R",10,"Z",0,"Z",0,"R",0
142276,12,"R",1962,"R",694,"R",503,"R",765,"R",536,"R",141,"R",8,"R",9,"R",0
142285, 1,"R",11841,"R",1004,"R",2751,"R",8086,"R",666,"R",321,"R",4,"R",13,"R",0
142285, 2,"R",9568,"R",441,"R",2307,"R",6820,"R",357,"R",80,"R",1,"R",3,"R",0
142285, 3,"R",7528,"R",368,"R",2298,"R",4862,"R",309,"R",55,"R",1,"R",3,"R",0
142285,11,"R",2040,"R",73,"R",9,"R",1958,"R",48,"R",25,"R",0,"R",0,"R",0
142285,12,"R",2273,"R",563,"R",444,"R",1266,"R",309,"R",241,"R",3,"R",10,"R",0
142294, 1,"R",964,"A",,"A",,"R",964,"A",,"A",,"A",,"A",,"A",
142294, 2,"R",946,"A",,"A",,"R",946,"A",,"A",,"A",,"A",,"A",
142294, 3,"R",939,"A",,"A",,"R",939,"A",,"A",,"A",,"A",,"A",
142294,11,"R",7,"A",,"A",,"R",7,"A",,"A",,"A",,"A",,"A",
142294,12,"R",18,"A",,"A",,"R",18,"A",,"A",,"A",,"A",,"A",
142328, 1,"R",3684,"R",740,"R",928,"R",2016,"R",680,"R",59,"R",1,"R",0,"R",0
142328, 2,"R",3684,"R",740,"R",928,"R",2016,"R",680,"R",59,"R",1,"R",0,"R",0
142328, 3,"R",2787,"R",576,"R",907,"R",1304,"R",519,"R",56,"R",1,"R",0,"R",0
142328,11,"R",897,"R",164,"R",21,"R",712,"R",161,"R",3,"R",0,"R",0,"R",0
142407, 1,"R",58,"A",,"A",,"R",58,"A",,"A",,"A",,"A",,"A",
142407, 2,"R",58,"A",,"A",,"R",58,"A",,"A",,"A",,"A",,"A",
142416, 1,"R",11,"A",,"A",,"R",11,"A",,"A",,"A",,"A",,"A",
142416, 2,"R",11,"A",,"A",,"R",11,"A",,"A",,"A",,"A",,"A",
142443, 1,"R",5265,"R",1038,"R",2025,"R",2202,"R",927,"R",111,"R",0,"R",0,"R",0
142443, 2,"R",5265,"R",1038,"R",2025,"R",2202,"R",927,"R",111,"R",0,"R",0,"R",0
142443, 3,"R",3565,"R",788,"R",1685,"R",1092,"R",694,"R",94,"R",0,"R",0,"R",0
142443,11,"R",1700,"R",250,"R",340,"R",1110,"R",233,"R",17,"R",0,"R",0,"R",0
142461, 1,"R",2201,"R",670,"R",92,"R",1439,"R",339,"R",312,"Z",0,"R",12,"R",7
142461, 2,"R",1483,"R",289,"R",11,"R",1183,"R",80,"R",201,"Z",0,"R",1,"R",7
142461, 3,"R",1268,"R",113,"R",11,"R",1144,"R",68,"R",44,"Z",0,"R",1,"R",0
142461,11,"R",215,"R",176,"R",0,"R",39,"R",12,"R",157,"Z",0,"Z",0,"R",7
142461,12,"R",718,"R",381,"R",81,"R",256,"R",259,"R",111,"Z",0,"R",11,"R",0
142489, 1,"R",35,"A",,"A",,"R",35,"A",,"A",,"A",,"A",,"A",
142489, 2,"R",35,"A",,"A",,"R",35,"A",,"A",,"A",,"A",,"A",
142522, 1,"R",42341,"R",21053,"R",11395,"R",9893,"R",1846,"R",14865,"R",0,"R",4341,"R",1
142522, 2,"R",42341,"R",21053,"R",11395,"R",9893,"R",1846,"R",14865,"R",0,"R",4341,"R",1
142522, 3,"R",37636,"R",16475,"R",11381,"R",9780,"R",1567,"R",12940,"R",0,"R",1967,"R",1
142522,11,"R",4705,"R",4578,"R",14,"R",113,"R",279,"R",1925,"R",0,"R",2374,"R",0
142559, 1,"R",6906,"R",982,"R",1278,"R",4646,"R",967,"R",15,"R",0,"R",0,"R",0
142559, 2,"R",6906,"R",982,"R",1278,"R",4646,"R",967,"R",15,"R",0,"R",0,"R",0
142559, 3,"R",3538,"R",478,"R",1117,"R",1943,"R",467,"R",11,"R",0,"R",0,"R",0
142559,11,"R",3368,"R",504,"R",161,"R",2703,"R",500,"R",4,"R",0,"R",0,"R",0
142832, 1,"R",1396,"R",258,"R",86,"R",1052,"R",49,"R",184,"R",0,"R",25,"R",0
142832,12,"R",1396,"R",258,"R",86,"R",1052,"R",49,"R",184,"R",0,"R",25,"R",0
142887, 1,"R",242,"A",,"A",,"R",242,"A",,"A",,"A",,"A",,"A",
142887, 2,"R",242,"A",,"A",,"R",242,"A",,"A",,"A",,"A",,"A",
142887, 3,"R",242,"A",,"A",,"R",242,"A",,"A",,"A",,"A",,"A",
142957, 1,"R",16,"A",,"A",,"R",16,"A",,"A",,"A",,"A",,"A",
142957, 2,"R",9,"A",,"A",,"R",9,"A",,"A",,"A",,"A",,"A",
142957, 3,"R",9,"A",,"A",,"R",9,"A",,"A",,"A",,"A",,"A",
142957,12,"R",7,"A",,"A",,"R",7,"A",,"A",,"A",,"A",,"A",
143048, 1,"R",3639,"R",0,"R",0,"R",3639,"A",,"A",,"A",,"A",,"A",
143048, 2,"R",2893,"R",0,"R",0,"R",2893,"A",,"A",,"A",,"A",,"A",
143048, 3,"R",2893,"R",0,"R",0,"R",2893,"A",,"A",,"A",,"A",,"A",
143048,12,"R",746,"A",,"A",,"R",746,"A",,"A",,"A",,"A",,"A",
143084, 1,"R",2543,"R",0,"R",0,"R",2543,"A",,"A",,"A",,"A",,"A",
143084, 2,"R",2543,"R",0,"R",0,"R",2543,"A",,"A",,"A",,"A",,"A",
143084, 3,"R",2529,"R",0,"R",0,"R",2529,"A",,"A",,"A",,"A",,"A",
143084,11,"R",14,"R",0,"R",0,"R",14,"A",,"A",,"A",,"A",,"A",
143118, 1,"R",6005,"R",882,"R",192,"R",4931,"R",759,"R",123,"Z",0,"Z",0,"R",0
143118, 2,"R",4020,"R",365,"R",60,"R",3595,"R",327,"R",38,"Z",0,"Z",0,"R",0
143118, 3,"R",3944,"R",342,"R",60,"R",3542,"R",305,"R",37,"Z",0,"Z",0,"R",0
143118,11,"R",76,"R",23,"R",0,"R",53,"R",22,"R",1,"Z",0,"Z",0,"R",0
143118,12,"R",1985,"R",517,"R",132,"R",1336,"R",432,"R",85,"Z",0,"Z",0,"R",0
143181, 1,"R",84,"A",,"A",,"R",84,"A",,"A",,"A",,"A",,"A",
143181, 2,"R",84,"A",,"A",,"R",84,"A",,"A",,"A",,"A",,"A",
143215, 1,"R",8841,"R",594,"R",1760,"R",6487,"R",590,"R",4,"R",0,"R",0,"R",0
143215, 2,"R",8841,"R",594,"R",1760,"R",6487,"R",590,"R",4,"R",0,"R",0,"R",0
143215, 3,"R",6847,"R",501,"R",1698,"R",4648,"R",497,"R",4,"R",0,"R",0,"R",0
143215,11,"R",1994,"R",93,"R",62,"R",1839,"R",93,"R",0,"R",0,"R",0,"R",0
143233, 1,"R",47,"R",19,"R",28,"R",0,"R",3,"R",14,"Z",0,"R",2,"R",0
143233,12,"R",47,"R",19,"R",28,"R",0,"R",3,"R",14,"Z",0,"R",2,"R",0
143279, 1,"R",4333,"R",384,"R",1161,"R",2788,"R",356,"R",28,"R",0,"R",0,"R",0
143279, 2,"R",4333,"R",384,"R",1161,"R",2788,"R",356,"R",28,"R",0,"R",0,"R",0
143279, 3,"R",2913,"R",320,"R",1086,"R",1507,"R",296,"R",24,"R",0,"R",0,"R",0
143279,11,"R",1420,"R",64,"R",75,"R",1281,"R",60,"R",4,"R",0,"R",0,"R",0
143288, 1,"R",566,"R",0,"R",0,"R",566,"A",,"A",,"A",,"A",,"A",
143288, 2,"R",566,"R",0,"R",0,"R",566,"A",,"A",,"A",,"A",,"A",
143288, 3,"R",561,"R",0,"R",0,"R",561,"A",,"A",,"A",,"A",,"A",
143288,11,"R",5,"R",0,"R",0,"R",5,"A",,"A",,"A",,"A",,"A",
143297, 1,"R",211,"R",39,"R",124,"R",48,"R",31,"R",8,"R",0,"R",0,"R",0
143297, 2,"R",192,"R",20,"R",124,"R",48,"R",17,"R",3,"R",0,"R",0,"R",0
143297, 3,"R",192,"R",20,"R",124,"R",48,"R",17,"R",3,"R",0,"R",0,"R",0
143297,12,"R",19,"R",19,"Z",0,"R",0,"R",14,"R",5,"Z",0,"Z",0,"R",0
143303, 1,"R",19,"A",,"A",,"R",19,"A",,"A",,"A",,"A",,"A",
143303, 2,"R",19,"A",,"A",,"R",19,"A",,"A",,"A",,"A",,"A",
143358, 1,"R",5882,"R",906,"R",679,"R",4297,"R",255,"R",651,"R",0,"R",0,"R",0
143358, 2,"R",4606,"R",7,"R",641,"R",3958,"R",7,"R",0,"R",0,"R",0,"R",0
143358, 3,"R",4598,"R",7,"R",641,"R",3950,"R",7,"R",0,"R",0,"R",0,"R",0
143358,11,"R",8,"R",0,"R",0,"R",8,"A",,"A",,"A",,"A",,"A",
143358,12,"R",1276,"R",899,"R",38,"R",339,"R",248,"R",651,"R",0,"R",0,"R",0
143376, 1,"R",236,"A",,"A",,"R",236,"A",,"A",,"A",,"A",,"A",
143376, 2,"R",236,"A",,"A",,"R",236,"A",,"A",,"A",,"A",,"A",
143464, 1,"R",82,"A",,"A",,"R",82,"A",,"A",,"A",,"A",,"A",
143464, 2,"R",82,"A",,"A",,"R",82,"A",,"A",,"A",,"A",,"A",
143473, 1,"R",38,"A",,"A",,"R",38,"A",,"A",,"A",,"A",,"A",
143473, 2,"R",38,"A",,"A",,"R",38,"A",,"A",,"A",,"A",,"A",
143482, 1,"R",33,"A",,"A",,"R",33,"A",,"A",,"A",,"A",,"A",
143482, 2,"R",33,"A",,"A",,"R",33,"A",,"A",,"A",,"A",,"A",
143491, 1,"R",60,"A",,"A",,"R",60,"A",,"A",,"A",,"A",,"A",
143491, 2,"R",60,"A",,"A",,"R",60,"A",,"A",,"A",,"A",,"A",
143543, 1,"R",58,"A",,"A",,"R",58,"A",,"A",,"A",,"A",,"A",
143543, 2,"R",58,"A",,"A",,"R",58,"A",,"A",,"A",,"A",,"A",
143552, 1,"R",51,"A",,"A",,"R",51,"A",,"A",,"A",,"A",,"A",
143552, 2,"R",51,"A",,"A",,"R",51,"A",,"A",,"A",,"A",,"A",
143613, 1,"R",1860,"R",300,"R",546,"R",1014,"R",297,"R",3,"R",0,"R",0,"R",0
143613, 2,"R",1860,"R",300,"R",546,"R",1014,"R",297,"R",3,"R",0,"R",0,"R",0
143613, 3,"R",1301,"R",157,"R",481,"R",663,"R",154,"R",3,"R",0,"R",0,"R",0
143613,11,"R",559,"R",143,"R",65,"R",351,"R",143,"R",0,"R",0,"R",0,"R",0
143659, 1,"R",265,"R",17,"R",51,"R",197,"R",7,"R",10,"Z",0,"Z",0,"R",0
143659,12,"R",265,"R",17,"R",51,"R",197,"R",7,"R",10,"Z",0,"Z",0,"R",0
143695, 1,"R",5,"A",,"A",,"R",5,"A",,"A",,"A",,"A",,"A",
143695, 2,"R",5,"A",,"A",,"R",5,"A",,"A",,"A",,"A",,"A",
143853, 1,"R",2984,"A",,"A",,"R",2984,"A",,"A",,"A",,"A",,"A",
143853,12,"R",2984,"A",,"A",,"R",2984,"A",,"A",,"A",,"A",,"A",
143978, 1,"R",1209,"R",21,"R",43,"R",1145,"R",17,"R",4,"R",0,"R",0,"R",0
143978,12,"R",1209,"R",21,"R",43,"R",1145,"R",17,"R",4,"R",0,"R",0,"R",0
144005, 1,"R",2964,"R",225,"R",968,"R",1771,"R",216,"R",7,"Z",0,"R",2,"R",0
144005, 2,"R",2027,"R",148,"R",825,"R",1054,"R",143,"R",4,"Z",0,"R",1,"R",0
144005, 3,"R",2024,"R",147,"R",825,"R",1052,"R",142,"R",4,"Z",0,"R",1,"R",0
144005,11,"R",3,"R",1,"Z",0,"R",2,"R",1,"Z",0,"Z",0,"Z",0,"R",0
144005,12,"R",937,"R",77,"R",143,"R",717,"R",73,"R",3,"Z",0,"R",1,"R",0
144014, 1,"R",231,"R",109,"R",40,"R",82,"R",18,"R",90,"Z",0,"R",1,"R",0
144014,12,"R",231,"R",109,"R",40,"R",82,"R",18,"R",90,"Z",0,"R",1,"R",0
144050, 1,"R",17002,"R",0,"R",0,"R",17002,"A",,"A",,"A",,"A",,"A",
144050, 2,"R",6632,"A",,"A",,"R",6632,"A",,"A",,"A",,"A",,"A",
144050, 3,"R",6600,"A",,"A",,"R",6600,"A",,"A",,"A",,"A",,"A",
144050,11,"R",32,"A",,"A",,"R",32,"A",,"A",,"A",,"A",,"A",
144050,12,"R",10370,"R",0,"R",0,"R",10370,"A",,"A",,"A",,"A",,"A",
144157, 1,"R",3136,"R",87,"R",188,"R",2861,"R",87,"R",0,"R",0,"R",0,"R",0
144157, 2,"R",3136,"R",87,"R",188,"R",2861,"R",87,"R",0,"R",0,"R",0,"R",0
144157, 3,"R",1965,"R",66,"R",172,"R",1727,"R",66,"R",0,"R",0,"R",0,"R",0
144157,11,"R",1171,"R",21,"R",16,"R",1134,"R",21,"R",0,"R",0,"R",0,"R",0
144166, 1,"R",7104,"R",210,"R",624,"R",6270,"R",210,"R",0,"R",0,"R",0,"R",0
144166, 2,"R",7104,"R",210,"R",624,"R",6270,"R",210,"R",0,"R",0,"R",0,"R",0
144166, 3,"R",5384,"R",159,"R",566,"R",4659,"R",159,"R",0,"R",0,"R",0,"R",0
144166,11,"R",1720,"R",51,"R",58,"R",1611,"R",51,"R",0,"R",0,"R",0,"R",0
144175, 1,"R",2663,"R",75,"R",191,"R",2397,"R",75,"R",0,"R",0,"R",0,"R",0
144175, 2,"R",2663,"R",75,"R",191,"R",2397,"R",75,"R",0,"R",0,"R",0,"R",0
144175, 3,"R",1422,"R",57,"R",176,"R",1189,"R",57,"R",0,"R",0,"R",0,"R",0
144175,11,"R",1241,"R",18,"R",15,"R",1208,"R",18,"R",0,"R",0,"R",0,"R",0
144184, 1,"R",7673,"R",193,"R",325,"R",7155,"R",192,"R",1,"R",0,"R",0,"R",0
144184, 2,"R",7673,"R",193,"R",325,"R",7155,"R",192,"R",1,"R",0,"R",0,"R",0
144184, 3,"R",2884,"R",123,"R",282,"R",2479,"R",122,"R",1,"R",0,"R",0,"R",0
144184,11,"R",4789,"R",70,"R",43,"R",4676,"R",70,"R",0,"R",0,"R",0,"R",0
144193, 1,"R",6942,"R",141,"R",315,"R",6486,"R",140,"R",1,"R",0,"R",0,"R",0
144193, 2,"R",6942,"R",141,"R",315,"R",6486,"R",140,"R",1,"R",0,"R",0,"R",0
144193, 3,"R",3081,"R",99,"R",294,"R",2688,"R",98,"R",1,"R",0,"R",0,"R",0
144193,11,"R",3861,"R",42,"R",21,"R",3798,"R",42,"R",0,"R",0,"R",0,"R",0
144209, 1,"R",8643,"R",472,"R",998,"R",7173,"R",471,"R",0,"R",0,"R",1,"R",0
144209, 2,"R",8643,"R",472,"R",998,"R",7173,"R",471,"R",0,"R",0,"R",1,"R",0
144209, 3,"R",7166,"R",338,"R",914,"R",5914,"R",338,"R",0,"R",0,"R",0,"R",0
144209,11,"R",1477,"R",134,"R",84,"R",1259,"R",133,"R",0,"R",0,"R",1,"R",0
144218, 1,"R",9777,"R",334,"R",697,"R",8746,"R",334,"R",0,"R",0,"R",0,"R",0
144218, 2,"R",9777,"R",334,"R",697,"R",8746,"R",334,"R",0,"R",0,"R",0,"R",0
144218, 3,"R",6257,"R",241,"R",645,"R",5371,"R",241,"R",0,"R",0,"R",0,"R",0
144218,11,"R",3520,"R",93,"R",52,"R",3375,"R",93,"R",0,"R",0,"R",0,"R",0
144281, 1,"R",6825,"R",14,"R",0,"R",6811,"R",7,"R",7,"R",0,"R",0,"R",0
144281, 2,"R",6568,"R",14,"R",0,"R",6554,"R",7,"R",7,"R",0,"R",0,"R",0
144281, 3,"R",6496,"R",0,"R",0,"R",6496,"A",,"A",,"A",,"A",,"A",
144281,11,"R",72,"R",14,"R",0,"R",58,"R",7,"R",7,"R",0,"R",0,"R",0
144281,12,"R",257,"A",,"A",,"R",257,"A",,"A",,"A",,"A",,"A",
144351, 1,"R",6005,"R",3437,"R",557,"R",2011,"R",1618,"R",1623,"R",65,"R",0,"R",131
144351, 2,"R",1511,"R",173,"R",325,"R",1013,"R",125,"R",48,"R",0,"R",0,"R",0
144351, 3,"R",1463,"R",173,"R",324,"R",966,"R",125,"R",48,"R",0,"R",0,"R",0
144351,11,"R",48,"R",0,"R",1,"R",47,"A",,"A",,"A",,"A",,"A",
144351,12,"R",4494,"R",3264,"R",232,"R",998,"R",1493,"R",1575,"R",65,"R",0,"R",131
144485, 1,"R",555,"A",,"A",,"R",555,"A",,"A",,"A",,"A",,"A",
144485, 2,"R",555,"A",,"A",,"R",555,"A",,"A",,"A",,"A",,"A",
144485, 3,"R",555,"A",,"A",,"R",555,"A",,"A",,"A",,"A",,"A",
144564, 1,"R",2620,"R",312,"R",721,"R",1587,"R",283,"R",6,"R",22,"R",1,"R",0
144564, 2,"R",2620,"R",312,"R",721,"R",1587,"R",283,"R",6,"R",22,"R",1,"R",0
144564, 3,"R",1560,"R",283,"R",597,"R",680,"R",256,"R",6,"R",20,"R",1,"R",0
144564,11,"R",1060,"R",29,"R",124,"R",907,"R",27,"R",0,"R",2,"R",0,"R",0
144573, 1,"R",46,"A",,"A",,"R",46,"A",,"A",,"A",,"A",,"A",
144573, 2,"R",46,"A",,"A",,"R",46,"A",,"A",,"A",,"A",,"A",
144740, 1,"R",22437,"R",1835,"R",4606,"R",15996,"R",1355,"R",415,"Z",0,"R",6,"R",59
144740, 2,"R",14507,"R",624,"R",3768,"R",10115,"R",516,"R",93,"Z",0,"R",2,"R",13
144740, 3,"R",14280,"R",609,"R",3742,"R",9929,"R",503,"R",91,"Z",0,"R",2,"R",13
144740,11,"R",227,"R",15,"R",26,"R",186,"R",13,"R",2,"Z",0,"Z",0,"R",0
144740,12,"R",7930,"R",1211,"R",838,"R",5881,"R",839,"R",322,"Z",0,"R",4,"R",46
144795, 1,"R",277,"A",,"A",,"R",277,"A",,"A",,"A",,"A",,"A",
144795, 2,"R",277,"A",,"A",,"R",277,"A",,"A",,"A",,"A",,"A",
144865, 1,"R",24900,"R",2382,"R",3472,"R",19046,"R",2305,"R",56,"R",0,"R",21,"R",0
144865, 2,"R",24900,"R",2382,"R",3472,"R",19046,"R",2305,"R",56,"R",0,"R",21,"R",0
144865, 3,"R",16152,"R",1640,"R",2934,"R",11578,"R",1600,"R",31,"R",0,"R",9,"R",0
144865,11,"R",8748,"R",742,"R",538,"R",7468,"R",705,"R",25,"R",0,"R",12,"R",0
144883, 1,"R",394,"A",,"A",,"R",394,"A",,"A",,"A",,"A",,"A",
144883, 2,"R",394,"A",,"A",,"R",394,"A",,"A",,"A",,"A",,"A",
144883, 3,"R",394,"A",,"A",,"R",394,"A",,"A",,"A",,"A",,"A",
144892, 1,"R",7526,"R",985,"R",1510,"R",5031,"R",892,"R",88,"R",5,"R",0,"R",0
144892, 2,"R",6012,"R",533,"R",1233,"R",4246,"R",516,"R",15,"R",2,"R",0,"R",0
144892, 3,"R",4631,"R",532,"R",1232,"R",2867,"R",515,"R",15,"R",2,"R",0,"R",0
144892,11,"R",1381,"R",1,"R",1,"R",1379,"R",1,"R",0,"R",0,"R",0,"R",0
144892,12,"R",1514,"R",452,"R",277,"R",785,"R",376,"R",73,"R",3,"R",0,"R",0
144944, 1,"R",9567,"R",554,"R",1688,"R",7325,"R",554,"R",0,"R",0,"R",0,"R",0
144944, 2,"R",9567,"R",554,"R",1688,"R",7325,"R",554,"R",0,"R",0,"R",0,"R",0
144944, 3,"R",7547,"R",499,"R",1597,"R",5451,"R",499,"R",0,"R",0,"R",0,"R",0
144944,11,"R",2020,"R",55,"R",91,"R",1874,"R",55,"R",0,"R",0,"R",0,"R",0
144962, 1,"R",3426,"R",135,"R",366,"R",2925,"R",103,"R",30,"R",0,"R",2,"R",0
144962, 2,"R",2848,"R",9,"R",324,"R",2515,"R",9,"R",0,"R",0,"R",0,"R",0
144962, 3,"R",2799,"R",4,"R",324,"R",2471,"R",4,"R",0,"R",0,"R",0,"R",0
144962,11,"R",49,"R",5,"R",0,"R",44,"R",5,"R",0,"R",0,"R",0,"R",0
144962,12,"R",578,"R",126,"R",42,"R",410,"R",94,"R",30,"Z",0,"R",2,"R",0
144971, 1,"R",567,"A",,"A",,"R",567,"A",,"A",,"A",,"A",,"A",
144971, 2,"R",567,"A",,"A",,"R",567,"A",,"A",,"A",,"A",,"A",
144971, 3,"R",557,"A",,"A",,"R",557,"A",,"A",,"A",,"A",,"A",
144971,11,"R",10,"A",,"A",,"R",10,"A",,"A",,"A",,"A",,"A",
145099, 1,"R",284,"A",,"A",,"R",284,"A",,"A",,"A",,"A",,"A",
145099, 2,"R",284,"A",,"A",,"R",284,"A",,"A",,"A",,"A",,"A",
145239, 1,"R",443,"A",,"A",,"R",443,"A",,"A",,"A",,"A",,"A",
145239, 2,"R",443,"A",,"A",,"R",443,"A",,"A",,"A",,"A",,"A",
145239, 3,"R",443,"A",,"A",,"R",443,"A",,"A",,"A",,"A",,"A",
145275, 1,"R",284,"R",50,"R",79,"R",155,"R",10,"R",40,"R",0,"R",0,"R",0
145275,12,"R",284,"R",50,"R",79,"R",155,"R",10,"R",40,"R",0,"R",0,"R",0
145309, 1,"R",31,"A",,"A",,"R",31,"A",,"A",,"A",,"A",,"A",
145309, 2,"R",31,"A",,"A",,"R",31,"A",,"A",,"A",,"A",,"A",
145336, 1,"R",4857,"R",617,"R",1721,"R",2519,"R",600,"R",17,"R",0,"R",0,"R",0
145336, 2,"R",3262,"R",432,"R",1380,"R",1450,"R",421,"R",11,"R",0,"R",0,"R",0
145336, 3,"R",3225,"R",419,"R",1376,"R",1430,"R",410,"R",9,"R",0,"R",0,"R",0
145336,11,"R",37,"R",13,"R",4,"R",20,"R",11,"R",2,"R",0,"R",0,"R",0
145336,12,"R",1595,"R",185,"R",341,"R",1069,"R",179,"R",6,"R",0,"R",0,"R",0
145354, 1,"R",39,"A",,"A",,"R",39,"A",,"A",,"A",,"A",,"A",
145354, 2,"R",39,"A",,"A",,"R",39,"A",,"A",,"A",,"A",,"A",
145372, 1,"R",1132,"R",236,"R",347,"R",549,"R",196,"R",40,"Z",0,"Z",0,"R",0
145372, 2,"R",964,"R",89,"R",330,"R",545,"R",85,"R",4,"Z",0,"Z",0,"R",0
145372, 3,"R",938,"R",82,"R",330,"R",526,"R",78,"R",4,"Z",0,"Z",0,"R",0
145372,11,"R",26,"R",7,"R",0,"R",19,"R",7,"Z",0,"Z",0,"Z",0,"R",0
145372,12,"R",168,"R",147,"R",17,"R",4,"R",111,"R",36,"Z",0,"Z",0,"R",0
145406, 1,"R",364,"A",,"A",,"R",364,"A",,"A",,"A",,"A",,"A",
145406, 2,"R",364,"A",,"A",,"R",364,"A",,"A",,"A",,"A",,"A",
145424, 1,"R",37,"A",,"A",,"R",37,"A",,"A",,"A",,"A",,"A",
145424, 2,"R",37,"A",,"A",,"R",37,"A",,"A",,"A",,"A",,"A",
145433, 1,"R",100,"A",,"A",,"R",100,"A",,"A",,"A",,"A",,"A",
145433, 2,"R",100,"A",,"A",,"R",100,"A",,"A",,"A",,"A",,"A",
145497, 1,"R",167,"R",4,"R",35,"R",128,"R",4,"Z",0,"Z",0,"Z",0,"R",0
145497, 2,"R",167,"R",4,"R",35,"R",128,"R",4,"Z",0,"Z",0,"Z",0,"R",0
145497, 3,"R",87,"R",2,"R",35,"R",50,"R",2,"Z",0,"Z",0,"Z",0,"R",0
145497,11,"R",80,"R",2,"R",0,"R",78,"R",2,"Z",0,"Z",0,"Z",0,"R",0
145521, 1,"R",1596,"R",94,"R",402,"R",1100,"R",92,"R",2,"R",0,"R",0,"R",0
145521, 2,"R",1596,"R",94,"R",402,"R",1100,"R",92,"R",2,"R",0,"R",0,"R",0
145521, 3,"R",1210,"R",76,"R",351,"R",783,"R",74,"R",2,"R",0,"R",0,"R",0
145521,11,"R",386,"R",18,"R",51,"R",317,"R",18,"R",0,"R",0,"R",0,"R",0
145558, 1,"R",2121,"R",97,"R",9,"R",2015,"R",46,"R",51,"R",0,"R",0,"R",0
145558,12,"R",2121,"R",97,"R",9,"R",2015,"R",46,"R",51,"R",0,"R",0,"R",0
145600, 1,"R",31683,"R",1099,"R",5751,"R",24833,"R",646,"R",415,"Z",0,"R",38,"R",0
145600, 2,"R",20783,"R",281,"R",4280,"R",16222,"R",249,"R",31,"Z",0,"R",1,"R",0
145600, 3,"R",20435,"R",277,"R",4246,"R",15912,"R",246,"R",30,"Z",0,"R",1,"R",0
145600,11,"R",348,"R",4,"R",34,"R",310,"R",3,"R",1,"Z",0,"Z",0,"R",0
145600,12,"R",10900,"R",818,"R",1471,"R",8611,"R",397,"R",384,"Z",0,"R",37,"R",0
145619, 1,"R",4940,"R",1479,"R",555,"R",2906,"R",787,"R",683,"R",0,"R",9,"R",0
145619, 2,"R",2718,"R",146,"R",479,"R",2093,"R",132,"R",14,"R",0,"R",0,"R",0
145619, 3,"R",2692,"R",136,"R",478,"R",2078,"R",122,"R",14,"R",0,"R",0,"R",0
145619,11,"R",26,"R",10,"R",1,"R",15,"R",10,"R",0,"R",0,"R",0,"R",0
145619,12,"R",2222,"R",1333,"R",76,"R",813,"R",655,"R",669,"R",0,"R",9,"R",0
145628, 1,"R",593,"A",,"A",,"R",593,"A",,"A",,"A",,"A",,"A",
145628,12,"R",593,"A",,"A",,"R",593,"A",,"A",,"A",,"A",,"A",
145637, 1,"R",49702,"R",4767,"R",12503,"R",32432,"R",1886,"R",2376,"Z",0,"R",499,"R",6
145637, 2,"R",33915,"R",419,"R",11614,"R",21882,"R",216,"R",166,"Z",0,"R",35,"R",2
145637, 3,"R",32974,"R",143,"R",11549,"R",21282,"R",113,"R",18,"Z",0,"R",10,"R",2
145637,11,"R",941,"R",276,"R",65,"R",600,"R",103,"R",148,"Z",0,"R",25,"R",0
145637,12,"R",15787,"R",4348,"R",889,"R",10550,"R",1670,"R",2210,"Z",0,"R",464,"R",4
145646, 1,"R",1693,"R",0,"R",0,"R",1693,"A",,"A",,"A",,"A",,"A",
145646, 2,"R",1693,"R",0,"R",0,"R",1693,"A",,"A",,"A",,"A",,"A",
145646, 3,"R",1686,"R",0,"R",0,"R",1686,"A",,"A",,"A",,"A",,"A",
145646,11,"R",7,"R",0,"R",0,"R",7,"A",,"A",,"A",,"A",,"A",
145682, 1,"R",8875,"R",806,"R",1603,"R",6466,"R",790,"R",11,"R",0,"R",5,"R",0
145682, 2,"R",8875,"R",806,"R",1603,"R",6466,"R",790,"R",11,"R",0,"R",5,"R",0
145682, 3,"R",6397,"R",652,"R",1526,"R",4219,"R",641,"R",6,"R",0,"R",5,"R",0
145682,11,"R",2478,"R",154,"R",77,"R",2247,"R",149,"R",5,"R",0,"R",0,"R",0
145691, 1,"R",983,"R",0,"Z",0,"R",983,"A",,"A",,"A",,"A",,"A",
145691, 2,"R",983,"R",0,"Z",0,"R",983,"A",,"A",,"A",,"A",,"A",
145691, 3,"R",971,"R",0,"Z",0,"R",971,"A",,"A",,"A",,"A",,"A",
145691,11,"R",12,"R",0,"Z",0,"R",12,"A",,"A",,"A",,"A",,"A",
145707, 1,"R",1112,"R",95,"R",372,"R",645,"R",92,"R",3,"R",0,"R",0,"R",0
145707, 2,"R",1112,"R",95,"R",372,"R",645,"R",92,"R",3,"R",0,"R",0,"R",0
145707, 3,"R",721,"R",81,"R",365,"R",275,"R",78,"R",3,"R",0,"R",0,"R",0
145707,11,"R",391,"R",14,"R",7,"R",370,"R",14,"R",0,"R",0,"R",0,"R",0
145725, 1,"R",6753,"R",274,"R",696,"R",5783,"R",107,"R",105,"R",0,"R",62,"R",0
145725, 2,"R",3026,"R",20,"R",298,"R",2708,"R",17,"R",2,"R",0,"R",1,"R",0
145725, 3,"R",2924,"R",19,"R",298,"R",2607,"R",17,"R",1,"R",0,"R",1,"R",0
145725,11,"R",102,"R",1,"R",0,"R",101,"R",0,"R",1,"R",0,"R",0,"R",0
145725,12,"R",3727,"R",254,"R",398,"R",3075,"R",90,"R",103,"R",0,"R",61,"R",0
145813, 1,"R",20635,"R",507,"R",3895,"R",16233,"R",441,"R",66,"R",0,"R",0,"R",0
145813, 2,"R",18107,"R",156,"R",3771,"R",14180,"R",152,"R",4,"R",0,"R",0,"R",0
145813, 3,"R",18044,"R",156,"R",3771,"R",14117,"R",152,"R",4,"R",0,"R",0,"R",0
145813,11,"R",63,"R",0,"R",0,"R",63,"A",,"A",,"A",,"A",,"A",
145813,12,"R",2528,"R",351,"R",124,"R",2053,"R",289,"R",62,"R",0,"R",0,"R",0
145831, 1,"R",2958,"R",151,"R",404,"R",2403,"R",147,"R",4,"R",0,"R",0,"R",0
145831, 2,"R",2958,"R",151,"R",404,"R",2403,"R",147,"R",4,"R",0,"R",0,"R",0
145831, 3,"R",2135,"R",119,"R",344,"R",1672,"R",115,"R",4,"R",0,"R",0,"R",0
145831,11,"R",823,"R",32,"R",60,"R",731,"R",32,"R",0,"R",0,"R",0,"R",0
145886, 1,"R",97,"A",,"A",,"R",97,"A",,"A",,"A",,"A",,"A",
145886,12,"R",97,"A",,"A",,"R",97,"A",,"A",,"A",,"A",,"A",
146205, 1,"R",4040,"R",476,"R",943,"R",2621,"R",476,"R",0,"R",0,"R",0,"R",0
146205, 2,"R",4040,"R",476,"R",943,"R",2621,"R",476,"R",0,"R",0,"R",0,"R",0
146205, 3,"R",3035,"R",343,"R",892,"R",1800,"R",343,"R",0,"R",0,"R",0,"R",0
146205,11,"R",1005,"R",133,"R",51,"R",821,"R",133,"R",0,"R",0,"R",0,"R",0
146241, 1,"R",973,"R",58,"R",164,"R",751,"R",18,"R",40,"Z",0,"Z",0,"R",0
146241,12,"R",973,"R",58,"R",164,"R",751,"R",18,"R",40,"Z",0,"Z",0,"R",0
146278, 1,"R",1924,"R",339,"R",811,"R",774,"R",292,"R",47,"R",0,"R",0,"R",0
146278, 2,"R",1924,"R",339,"R",811,"R",774,"R",292,"R",47,"R",0,"R",0,"R",0
146278, 3,"R",1555,"R",204,"R",769,"R",582,"R",166,"R",38,"R",0,"R",0,"R",0
146278,11,"R",369,"R",135,"R",42,"R",192,"R",126,"R",9,"R",0,"R",0,"R",0
146296, 1,"R",14726,"R",1059,"R",2370,"R",11297,"R",1044,"R",15,"R",0,"R",0,"R",0
146296, 2,"R",14726,"R",1059,"R",2370,"R",11297,"R",1044,"R",15,"R",0,"R",0,"R",0
146296, 3,"R",11216,"R",1039,"R",2340,"R",7837,"R",1024,"R",15,"R",0,"R",0,"R",0
146296,11,"R",3510,"R",20,"R",30,"R",3460,"R",20,"R",0,"R",0,"R",0,"R",0
146339, 1,"R",1256,"R",112,"R",331,"R",813,"R",101,"R",10,"R",0,"R",1,"R",0
146339, 2,"R",1034,"R",78,"R",307,"R",649,"R",72,"R",6,"R",0,"R",0,"R",0
146339, 3,"R",999,"R",78,"R",307,"R",614,"R",72,"R",6,"R",0,"R",0,"R",0
146339,11,"R",35,"R",0,"R",0,"R",35,"A",,"A",,"A",,"A",,"A",
146339,12,"R",222,"R",34,"R",24,"R",164,"R",29,"R",4,"R",0,"R",1,"R",0
146348, 1,"R",2822,"R",150,"R",512,"R",2160,"R",150,"R",0,"R",0,"R",0,"R",0
146348, 2,"R",2822,"R",150,"R",512,"R",2160,"R",150,"R",0,"R",0,"R",0,"R",0
146348, 3,"R",2311,"R",121,"R",487,"R",1703,"R",121,"R",0,"R",0,"R",0,"R",0
146348,11,"R",511,"R",29,"R",25,"R",457,"R",29,"R",0,"R",0,"R",0,"R",0
146366, 1,"R",3164,"R",384,"R",886,"R",1894,"R",373,"R",10,"R",0,"R",1,"R",0
146366, 2,"R",3164,"R",384,"R",886,"R",1894,"R",373,"R",10,"R",0,"R",1,"R",0
146366, 3,"R",1806,"R",275,"R",826,"R",705,"R",274,"R",1,"R",0,"R",0,"R",0
146366,11,"R",1358,"R",109,"R",60,"R",1189,"R",99,"R",9,"R",0,"R",1,"R",0
146418, 1,"R",3307,"R",311,"R",870,"R",2126,"R",311,"R",0,"R",0,"R",0,"R",0
146418, 2,"R",3307,"R",311,"R",870,"R",2126,"R",311,"R",0,"R",0,"R",0,"R",0
146418, 3,"R",2295,"R",261,"R",838,"R",1196,"R",261,"R",0,"R",0,"R",0,"R",0
146418,11,"R",1012,"R",50,"R",32,"R",930,"R",50,"R",0,"R",0,"R",0,"R",0
146427, 1,"R",1333,"A",,"A",,"R",1333,"A",,"A",,"A",,"A",,"A",
146427, 2,"R",1333,"A",,"A",,"R",1333,"A",,"A",,"A",,"A",,"A",
146427, 3,"R",1318,"A",,"A",,"R",1318,"A",,"A",,"A",,"A",,"A",
146427,11,"R",15,"A",,"A",,"R",15,"A",,"A",,"A",,"A",,"A",
146454, 1,"R",46,"A",,"A",,"R",46,"A",,"A",,"A",,"A",,"A",
146454, 2,"R",46,"A",,"A",,"R",46,"A",,"A",,"A",,"A",,"A",
146472, 1,"R",14193,"R",1151,"R",1959,"R",11083,"R",1133,"R",15,"R",0,"R",3,"R",0
146472, 2,"R",14193,"R",1151,"R",1959,"R",11083,"R",1133,"R",15,"R",0,"R",3,"R",0
146472, 3,"R",10235,"R",799,"R",1704,"R",7732,"R",786,"R",11,"R",0,"R",2,"R",0
146472,11,"R",3958,"R",352,"R",255,"R",3351,"R",347,"R",4,"R",0,"R",1,"R",0
146481, 1,"R",1512,"A",,"A",,"R",1512,"A",,"A",,"A",,"A",,"A",
146481, 2,"R",1492,"A",,"A",,"R",1492,"A",,"A",,"A",,"A",,"A",
146481, 3,"R",1466,"A",,"A",,"R",1466,"A",,"A",,"A",,"A",,"A",
146481,11,"R",26,"A",,"A",,"R",26,"A",,"A",,"A",,"A",,"A",
146481,12,"R",20,"A",,"A",,"R",20,"A",,"A",,"A",,"A",,"A",
146490, 1,"R",393,"R",73,"R",0,"R",320,"R",17,"R",56,"R",0,"R",0,"R",0
146490,12,"R",393,"R",73,"R",0,"R",320,"R",17,"R",56,"R",0,"R",0,"R",0
146506, 1,"R",4583,"R",544,"R",1283,"R",2756,"R",536,"R",6,"R",0,"R",2,"R",0
146506, 2,"R",4583,"R",544,"R",1283,"R",2756,"R",536,"R",6,"R",0,"R",2,"R",0
146506, 3,"R",3229,"R",454,"R",1254,"R",1521,"R",448,"R",5,"R",0,"R",1,"R",0
146506,11,"R",1354,"R",90,"R",29,"R",1235,"R",88,"R",1,"R",0,"R",1,"R",0
146533, 1,"R",168,"Z",0,"R",66,"R",102,"A",,"A",,"A",,"A",,"A",
146533, 2,"R",168,"Z",0,"R",66,"R",102,"A",,"A",,"A",,"A",,"A",
146533, 3,"R",166,"Z",0,"R",64,"R",102,"A",,"A",,"A",,"A",,"A",
146533,11,"R",2,"Z",0,"R",2,"R",0,"A",,"A",,"A",,"A",,"A",
146603, 1,"R",6698,"R",250,"R",444,"R",6004,"R",236,"R",13,"R",0,"R",1,"R",0
146603, 2,"R",6698,"R",250,"R",444,"R",6004,"R",236,"R",13,"R",0,"R",1,"R",0
146603, 3,"R",3236,"R",166,"R",414,"R",2656,"R",159,"R",6,"R",0,"R",1,"R",0
146603,11,"R",3462,"R",84,"R",30,"R",3348,"R",77,"R",7,"R",0,"R",0,"R",0
146612, 1,"R",6440,"R",964,"R",1659,"R",3817,"R",674,"R",285,"R",0,"R",4,"R",1
146612, 2,"R",4351,"R",300,"R",1243,"R",2808,"R",227,"R",72,"R",0,"R",0,"R",1
146612, 3,"R",4217,"R",268,"R",1229,"R",2720,"R",218,"R",49,"R",0,"R",0,"R",1
146612,11,"R",134,"R",32,"R",14,"R",88,"R",9,"R",23,"R",0,"R",0,"R",0
146612,12,"R",2089,"R",664,"R",416,"R",1009,"R",447,"R",213,"R",0,"R",4,"R",0
146667, 1,"R",714,"R",216,"R",104,"R",394,"R",112,"R",91,"R",0,"R",3,"R",10
146667, 2,"R",415,"R",109,"R",24,"R",282,"R",62,"R",37,"R",0,"R",0,"R",10
146667, 3,"R",398,"R",99,"R",24,"R",275,"R",56,"R",33,"R",0,"R",0,"R",10
146667,11,"R",17,"R",10,"R",0,"R",7,"R",6,"R",4,"R",0,"R",0,"R",0
146667,12,"R",299,"R",107,"R",80,"R",112,"R",50,"R",54,"R",0,"R",3,"R",0
146676, 1,"R",968,"R",0,"R",2,"R",966,"A",,"A",,"A",,"A",,"A",
146676, 2,"R",968,"R",0,"R",2,"R",966,"A",,"A",,"A",,"A",,"A",
146676, 3,"R",960,"R",0,"R",2,"R",958,"A",,"A",,"A",,"A",,"A",
146676,11,"R",8,"R",0,"R",0,"R",8,"A",,"A",,"A",,"A",,"A",
146685, 1,"R",5565,"R",760,"R",1252,"R",3553,"R",756,"R",0,"R",0,"R",4,"R",0
146685, 2,"R",5565,"R",760,"R",1252,"R",3553,"R",756,"R",0,"R",0,"R",4,"R",0
146685, 3,"R",4414,"R",589,"R",1186,"R",2639,"R",588,"R",0,"R",0,"R",1,"R",0
146685,11,"R",1151,"R",171,"R",66,"R",914,"R",168,"R",0,"R",0,"R",3,"R",0
146700, 1,"R",809,"A",,"A",,"R",809,"A",,"A",,"A",,"A",,"A",
146700, 2,"R",809,"A",,"A",,"R",809,"A",,"A",,"A",,"A",,"A",
146700, 3,"R",809,"A",,"A",,"R",809,"A",,"A",,"A",,"A",,"A",
146719, 1,"R",17007,"R",1136,"R",1022,"R",14849,"R",631,"R",495,"R",0,"R",10,"R",0
146719, 2,"R",11919,"R",282,"R",499,"R",11138,"R",237,"R",45,"R",0,"R",0,"R",0
146719, 3,"R",11727,"R",281,"R",498,"R",10948,"R",236,"R",45,"R",0,"R",0,"R",0
146719,11,"R",192,"R",1,"R",1,"R",190,"R",1,"R",0,"R",0,"R",0,"R",0
146719,12,"R",5088,"R",854,"R",523,"R",3711,"R",394,"R",450,"R",0,"R",10,"R",0
146728, 1,"R",185,"R",0,"R",15,"R",170,"A",,"A",,"A",,"A",,"A",
146728,12,"R",185,"R",0,"R",15,"R",170,"A",,"A",,"A",,"A",,"A",
146755, 1,"R",217,"R",35,"R",72,"R",110,"R",20,"R",15,"R",0,"R",0,"R",0
146755, 2,"R",210,"R",33,"R",67,"R",110,"R",20,"R",13,"R",0,"R",0,"R",0
146755, 3,"R",209,"R",33,"R",67,"R",109,"R",20,"R",13,"R",0,"R",0,"R",0
146755,11,"R",1,"R",0,"R",0,"R",1,"A",,"A",,"A",,"A",,"A",
146755,12,"R",7,"R",2,"R",5,"R",0,"R",0,"R",2,"R",0,"R",0,"R",0
146807, 1,"R",53,"A",,"A",,"R",53,"A",,"A",,"A",,"A",,"A",
146807, 2,"R",53,"A",,"A",,"R",53,"A",,"A",,"A",,"A",,"A",
146816, 1,"R",295,"R",13,"R",144,"R",138,"R",12,"R",1,"R",0,"R",0,"R",0
146816, 2,"R",295,"R",13,"R",144,"R",138,"R",12,"R",1,"R",0,"R",0,"R",0
146816, 3,"R",295,"R",13,"R",144,"R",138,"R",12,"R",1,"R",0,"R",0,"R",0
146825, 1,"R",548,"R",37,"Z",0,"R",511,"R",37,"Z",0,"Z",0,"R",0,"R",0
146825, 2,"R",548,"R",37,"Z",0,"R",511,"R",37,"Z",0,"Z",0,"R",0,"R",0
146825, 3,"R",548,"R",37,"Z",0,"R",511,"R",37,"Z",0,"Z",0,"R",0,"R",0
146977, 1,"R",220,"R",0,"R",0,"R",220,"A",,"A",,"A",,"A",,"A",
146977,12,"R",220,"R",0,"R",0,"R",220,"A",,"A",,"A",,"A",,"A",
147004, 1,"R",7031,"R",564,"R",1318,"R",5149,"R",545,"R",19,"R",0,"R",0,"R",0
147004, 2,"R",7031,"R",564,"R",1318,"R",5149,"R",545,"R",19,"R",0,"R",0,"R",0
147004, 3,"R",4500,"R",482,"R",1233,"R",2785,"R",466,"R",16,"R",0,"R",0,"R",0
147004,11,"R",2531,"R",82,"R",85,"R",2364,"R",79,"R",3,"R",0,"R",0,"R",0
147013, 1,"R",2494,"R",491,"R",559,"R",1444,"R",357,"R",131,"Z",0,"R",3,"R",0
147013, 2,"R",1951,"R",283,"R",453,"R",1215,"R",203,"R",79,"Z",0,"R",1,"R",0
147013, 3,"R",1924,"R",276,"R",447,"R",1201,"R",198,"R",77,"Z",0,"R",1,"R",0
147013,11,"R",27,"R",7,"R",6,"R",14,"R",5,"R",2,"Z",0,"Z",0,"R",0
147013,12,"R",543,"R",208,"R",106,"R",229,"R",154,"R",52,"Z",0,"R",2,"R",0
147031, 1,"R",78,"A",,"A",,"R",78,"A",,"A",,"A",,"A",,"A",
147031,12,"R",78,"A",,"A",,"R",78,"A",,"A",,"A",,"A",,"A",
147129, 1,"R",692,"R",30,"R",316,"R",346,"R",30,"R",0,"R",0,"R",0,"R",0
147129, 2,"R",687,"R",25,"R",316,"R",346,"R",25,"R",0,"R",0,"R",0,"R",0
147129, 3,"R",687,"R",25,"R",316,"R",346,"R",25,"R",0,"R",0,"R",0,"R",0
147129,12,"R",5,"R",5,"R",0,"R",0,"R",5,"R",0,"R",0,"R",0,"R",0
147165, 1,"R",226,"R",6,"R",180,"R",40,"R",4,"R",2,"R",0,"R",0,"R",0
147165, 2,"R",226,"R",6,"R",180,"R",40,"R",4,"R",2,"R",0,"R",0,"R",0
147165, 3,"R",224,"R",6,"R",179,"R",39,"R",4,"R",2,"R",0,"R",0,"R",0
147165,11,"R",2,"R",0,"R",1,"R",1,"A",,"A",,"A",,"A",,"A",
147244, 1,"R",2094,"R",3,"R",284,"R",1807,"R",3,"R",0,"R",0,"R",0,"R",0
147244, 2,"R",1985,"R",2,"R",262,"R",1721,"R",2,"R",0,"R",0,"R",0,"R",0
147244, 3,"R",1918,"R",2,"R",261,"R",1655,"R",2,"R",0,"R",0,"R",0,"R",0
147244,11,"R",67,"R",0,"R",1,"R",66,"A",,"A",,"A",,"A",,"A",
147244,12,"R",109,"R",1,"R",22,"R",86,"R",1,"R",0,"R",0,"R",0,"R",0
147341, 1,"R",914,"A",,"A",,"R",914,"A",,"A",,"A",,"A",,"A",
147341, 2,"R",914,"A",,"A",,"R",914,"A",,"A",,"A",,"A",,"A",
147341, 3,"R",901,"A",,"A",,"R",901,"A",,"A",,"A",,"A",,"A",
147341,11,"R",13,"A",,"A",,"R",13,"A",,"A",,"A",,"A",,"A",
147369, 1,"R",3086,"R",954,"R",327,"R",1805,"R",161,"R",703,"R",46,"R",29,"R",15
147369, 2,"R",2446,"R",671,"R",230,"R",1545,"R",108,"R",512,"R",26,"R",10,"R",15
147369, 3,"R",2385,"R",620,"R",230,"R",1535,"R",102,"R",482,"R",26,"Z",0,"R",10
147369,11,"R",61,"R",51,"Z",0,"R",10,"R",6,"R",30,"R",0,"R",10,"R",5
147369,12,"R",640,"R",283,"R",97,"R",260,"R",53,"R",191,"R",20,"R",19,"R",0
147378, 1,"R",13762,"R",593,"R",2139,"R",11030,"R",591,"R",1,"R",0,"R",1,"R",0
147378, 2,"R",13762,"R",593,"R",2139,"R",11030,"R",591,"R",1,"R",0,"R",1,"R",0
147378, 3,"R",10219,"R",447,"R",2044,"R",7728,"R",446,"R",0,"R",0,"R",1,"R",0
147378,11,"R",3543,"R",146,"R",95,"R",3302,"R",145,"R",1,"R",0,"R",0,"R",0
147396, 1,"R",116,"A",,"A",,"R",116,"A",,"A",,"A",,"A",,"A",
147396, 2,"R",116,"A",,"A",,"R",116,"A",,"A",,"A",,"A",,"A",
147396, 3,"R",116,"A",,"A",,"R",116,"A",,"A",,"A",,"A",,"A",
147411, 1,"R",4351,"R",110,"R",434,"R",3807,"R",110,"R",0,"R",0,"R",0,"R",0
147411, 2,"R",4351,"R",110,"R",434,"R",3807,"R",110,"R",0,"R",0,"R",0,"R",0
147411, 3,"R",3384,"R",103,"R",415,"R",2866,"R",103,"R",0,"R",0,"R",0,"R",0
147411,11,"R",967,"R",7,"R",19,"R",941,"R",7,"R",0,"R",0,"R",0,"R",0
147439, 1,"R",49,"A",,"A",,"R",49,"A",,"A",,"A",,"A",,"A",
147439, 2,"R",49,"A",,"A",,"R",49,"A",,"A",,"A",,"A",,"A",
147536, 1,"R",5992,"R",1946,"R",1486,"R",2560,"R",1764,"R",177,"R",3,"R",2,"R",0
147536, 2,"R",3051,"R",963,"R",866,"R",1222,"R",857,"R",103,"R",1,"R",2,"R",0
147536, 3,"R",2960,"R",885,"R",856,"R",1219,"R",783,"R",99,"R",1,"R",2,"R",0
147536,11,"R",91,"R",78,"R",10,"R",3,"R",74,"R",4,"R",0,"R",0,"R",0
147536,12,"R",2941,"R",983,"R",620,"R",1338,"R",907,"R",74,"R",2,"R",0,"R",0
147590, 1,"R",655,"R",14,"R",116,"R",525,"R",7,"R",7,"R",0,"R",0,"R",0
147590, 2,"R",67,"R",2,"R",40,"R",25,"R",2,"R",0,"R",0,"R",0,"R",0
147590, 3,"R",50,"R",2,"R",30,"R",18,"R",2,"R",0,"R",0,"R",0,"R",0
147590,11,"R",17,"R",0,"R",10,"R",7,"A",,"A",,"A",,"A",,"A",
147590,12,"R",588,"R",12,"R",76,"R",500,"R",5,"R",7,"R",0,"R",0,"R",0
147642, 1,"R",41,"A",,"A",,"R",41,"A",,"A",,"A",,"A",,"A",
147642, 2,"R",41,"A",,"A",,"R",41,"A",,"A",,"A",,"A",,"A",
147660, 1,"R",2928,"R",13,"R",86,"R",2829,"R",13,"Z",0,"Z",0,"Z",0,"R",0
147660, 2,"R",2681,"R",0,"R",34,"R",2647,"A",,"A",,"A",,"A",,"A",
147660, 3,"R",2641,"R",0,"R",34,"R",2607,"A",,"A",,"A",,"A",,"A",
147660,11,"R",40,"R",0,"R",0,"R",40,"A",,"A",,"A",,"A",,"A",
147660,12,"R",247,"R",13,"R",52,"R",182,"R",13,"Z",0,"Z",0,"Z",0,"R",0
147679, 1,"R",2900,"R",288,"R",252,"R",2360,"R",166,"R",116,"R",5,"R",1,"R",0
147679, 2,"R",1976,"R",41,"R",103,"R",1832,"R",37,"R",3,"R",1,"Z",0,"R",0
147679, 3,"R",1967,"R",41,"R",103,"R",1823,"R",37,"R",3,"R",1,"Z",0,"R",0
147679,11,"R",9,"R",0,"R",0,"R",9,"A",,"A",,"A",,"A",,"A",
147679,12,"R",924,"R",247,"R",149,"R",528,"R",129,"R",113,"R",4,"R",1,"R",0
147697, 1,"R",235,"R",52,"R",10,"R",173,"R",5,"R",44,"Z",0,"R",3,"R",0
147697,12,"R",235,"R",52,"R",10,"R",173,"R",5,"R",44,"Z",0,"R",3,"R",0
147703, 1,"R",17169,"R",649,"R",1378,"R",15142,"R",588,"R",60,"Z",0,"Z",0,"R",1
147703, 2,"R",12788,"R",171,"R",997,"R",11620,"R",168,"R",3,"Z",0,"Z",0,"R",0
147703, 3,"R",12761,"R",168,"R",997,"R",11596,"R",165,"R",3,"Z",0,"Z",0,"R",0
147703,11,"R",27,"R",3,"Z",0,"R",24,"R",3,"Z",0,"Z",0,"Z",0,"R",0
147703,12,"R",4381,"R",478,"R",381,"R",3522,"R",420,"R",57,"Z",0,"Z",0,"R",1
147767, 1,"R",22127,"R",654,"R",0,"R",21473,"R",169,"R",451,"R",17,"R",17,"R",0
147767, 2,"R",8642,"A",,"A",,"R",8642,"A",,"A",,"A",,"A",,"A",
147767, 3,"R",8451,"A",,"A",,"R",8451,"A",,"A",,"A",,"A",,"A",
147767,11,"R",191,"A",,"A",,"R",191,"A",,"A",,"A",,"A",,"A",
147767,12,"R",13485,"R",654,"R",0,"R",12831,"R",169,"R",451,"R",17,"R",17,"R",0
147776, 1,"R",8103,"R",197,"R",1203,"R",6703,"R",196,"R",1,"R",0,"R",0,"R",0
147776, 2,"R",6390,"R",151,"R",1128,"R",5111,"R",150,"R",1,"R",0,"R",0,"R",0
147776, 3,"R",6306,"R",148,"R",1125,"R",5033,"R",147,"R",1,"R",0,"R",0,"R",0
147776,11,"R",84,"R",3,"R",3,"R",78,"R",3,"R",0,"R",0,"R",0,"R",0
147776,12,"R",1713,"R",46,"R",75,"R",1592,"R",46,"R",0,"R",0,"R",0,"R",0
147800, 1,"R",8454,"R",989,"R",1519,"R",5946,"R",853,"R",112,"R",0,"R",24,"R",0
147800, 2,"R",8454,"R",989,"R",1519,"R",5946,"R",853,"R",112,"R",0,"R",24,"R",0
147800, 3,"R",7875,"R",972,"R",1517,"R",5386,"R",836,"R",112,"R",0,"R",24,"R",0
147800,11,"R",579,"R",17,"R",2,"R",560,"R",17,"R",0,"R",0,"R",0,"R",0
147819, 1,"R",47,"A",,"A",,"R",47,"A",,"A",,"A",,"A",,"A",
147819, 2,"R",47,"A",,"A",,"R",47,"A",,"A",,"A",,"A",,"A",
147828, 1,"R",4655,"R",1577,"R",232,"R",2846,"R",1405,"R",171,"R",0,"R",1,"R",0
147828, 2,"R",3231,"R",342,"R",181,"R",2708,"R",314,"R",27,"R",0,"R",1,"R",0
147828, 3,"R",3209,"R",339,"R",180,"R",2690,"R",311,"R",27,"R",0,"R",1,"R",0
147828,11,"R",22,"R",3,"R",1,"R",18,"R",3,"R",0,"R",0,"R",0,"R",0
147828,12,"R",1424,"R",1235,"R",51,"R",138,"R",1091,"R",144,"R",0,"R",0,"R",0
147916, 1,"R",7074,"R",936,"R",1842,"R",4296,"R",899,"R",22,"R",0,"R",15,"R",0
147916, 2,"R",7074,"R",936,"R",1842,"R",4296,"R",899,"R",22,"R",0,"R",15,"R",0
147916, 3,"R",5320,"R",777,"R",1575,"R",2968,"R",741,"R",21,"R",0,"R",15,"R",0
147916,11,"R",1754,"R",159,"R",267,"R",1328,"R",158,"R",1,"R",0,"R",0,"R",0
148007, 1,"R",3946,"R",230,"R",611,"R",3105,"R",220,"R",9,"R",0,"R",1,"R",0
148007, 2,"R",3946,"R",230,"R",611,"R",3105,"R",220,"R",9,"R",0,"R",1,"R",0
148007, 3,"R",3302,"R",218,"R",604,"R",2480,"R",209,"R",8,"R",0,"R",1,"R",0
148007,11,"R",644,"R",12,"R",7,"R",625,"R",11,"R",1,"R",0,"R",0,"R",0
148016, 1,"R",447,"R",0,"R",0,"R",447,"A",,"A",,"A",,"A",,"A",
148016, 2,"R",447,"R",0,"R",0,"R",447,"A",,"A",,"A",,"A",,"A",
148016, 3,"R",441,"R",0,"R",0,"R",441,"A",,"A",,"A",,"A",,"A",
148016,11,"R",6,"R",0,"R",0,"R",6,"A",,"A",,"A",,"A",,"A",
148098, 1,"R",53,"A",,"A",,"R",53,"A",,"A",,"A",,"A",,"A",
148098, 2,"R",53,"A",,"A",,"R",53,"A",,"A",,"A",,"A",,"A",
148131, 1,"R",1086,"R",44,"R",399,"R",643,"R",36,"R",8,"Z",0,"Z",0,"R",0
148131, 2,"R",985,"R",16,"R",377,"R",592,"R",16,"Z",0,"Z",0,"Z",0,"R",0
148131, 3,"R",916,"R",16,"R",377,"R",523,"R",16,"Z",0,"Z",0,"Z",0,"R",0
148131,11,"R",69,"R",0,"R",0,"R",69,"A",,"A",,"A",,"A",,"A",
148131,12,"R",101,"R",28,"R",22,"R",51,"R",20,"R",8,"Z",0,"Z",0,"R",0
148256, 1,"R",2486,"R",93,"R",575,"R",1818,"R",91,"R",1,"R",0,"R",1,"R",0
148256, 2,"R",2486,"R",93,"R",575,"R",1818,"R",91,"R",1,"R",0,"R",1,"R",0
148256, 3,"R",1492,"R",50,"R",443,"R",999,"R",49,"R",1,"R",0,"R",0,"R",0
148256,11,"R",994,"R",43,"R",132,"R",819,"R",42,"R",0,"R",0,"R",1,"R",0
148292, 1,"R",2476,"R",236,"R",494,"R",1746,"R",222,"R",14,"R",0,"R",0,"R",0
148292, 2,"R",2476,"R",236,"R",494,"R",1746,"R",222,"R",14,"R",0,"R",0,"R",0
148292, 3,"R",1757,"R",220,"R",475,"R",1062,"R",206,"R",14,"R",0,"R",0,"R",0
148292,11,"R",719,"R",16,"R",19,"R",684,"R",16,"R",0,"R",0,"R",0,"R",0
148335, 1,"R",1934,"A",,"A",,"R",1934,"A",,"A",,"A",,"A",,"A",
148335, 2,"R",1699,"A",,"A",,"R",1699,"A",,"A",,"A",,"A",,"A",
148335, 3,"R",1653,"A",,"A",,"R",1653,"A",,"A",,"A",,"A",,"A",
148335,11,"R",46,"A",,"A",,"R",46,"A",,"A",,"A",,"A",,"A",
148335,12,"R",235,"A",,"A",,"R",235,"A",,"A",,"A",,"A",,"A",
148380, 1,"R",6244,"R",343,"R",1179,"R",4722,"R",342,"R",1,"R",0,"R",0,"R",0
148380, 2,"R",6244,"R",343,"R",1179,"R",4722,"R",342,"R",1,"R",0,"R",0,"R",0
148380, 3,"R",5415,"R",304,"R",1124,"R",3987,"R",303,"R",1,"R",0,"R",0,"R",0
148380,11,"R",829,"R",39,"R",55,"R",735,"R",39,"R",0,"R",0,"R",0,"R",0
148399, 1,"R",408,"R",68,"R",171,"R",169,"R",63,"R",5,"R",0,"R",0,"R",0
148399, 2,"R",408,"R",68,"R",171,"R",169,"R",63,"R",5,"R",0,"R",0,"R",0
148399, 3,"R",408,"R",68,"R",171,"R",169,"R",63,"R",5,"R",0,"R",0,"R",0
148405, 1,"R",1203,"A",,"A",,"R",1203,"A",,"A",,"A",,"A",,"A",
148405, 2,"R",994,"A",,"A",,"R",994,"A",,"A",,"A",,"A",,"A",
148405, 3,"R",972,"A",,"A",,"R",972,"A",,"A",,"A",,"A",,"A",
148405,11,"R",22,"A",,"A",,"R",22,"A",,"A",,"A",,"A",,"A",
148405,12,"R",209,"A",,"A",,"R",209,"A",,"A",,"A",,"A",,"A",
148487, 1,"R",4329,"R",426,"R",1325,"R",2578,"R",388,"R",34,"R",0,"R",4,"R",0
148487, 2,"R",2513,"R",178,"R",1006,"R",1329,"R",169,"R",9,"R",0,"R",0,"R",0
148487, 3,"R",2377,"R",129,"R",990,"R",1258,"R",121,"R",8,"R",0,"R",0,"R",0
148487,11,"R",136,"R",49,"R",16,"R",71,"R",48,"R",1,"R",0,"R",0,"R",0
148487,12,"R",1816,"R",248,"R",319,"R",1249,"R",219,"R",25,"R",0,"R",4,"R",0
148496, 1,"R",2990,"R",163,"R",1160,"R",1667,"R",156,"R",6,"Z",0,"R",1,"R",0
148496, 2,"R",2106,"R",16,"R",716,"R",1374,"R",13,"R",3,"Z",0,"R",0,"R",0
148496, 3,"R",2098,"R",16,"R",714,"R",1368,"R",13,"R",3,"Z",0,"R",0,"R",0
148496,11,"R",8,"R",0,"R",2,"R",6,"A",,"A",,"A",,"A",,"A",
148496,12,"R",884,"R",147,"R",444,"R",293,"R",143,"R",3,"Z",0,"R",1,"R",0
148511, 1,"R",2708,"R",565,"R",906,"R",1237,"R",360,"R",205,"R",0,"R",0,"R",0
148511, 2,"R",121,"R",12,"R",61,"R",48,"R",12,"R",0,"R",0,"R",0,"R",0
148511, 3,"R",120,"R",12,"R",61,"R",47,"R",12,"R",0,"R",0,"R",0,"R",0
148511,11,"R",1,"R",0,"R",0,"R",1,"A",,"A",,"A",,"A",,"A",
148511,12,"R",2587,"R",553,"R",845,"R",1189,"R",348,"R",205,"R",0,"R",0,"R",0
148575, 1,"R",607,"R",246,"R",360,"R",1,"R",222,"R",23,"R",0,"R",1,"R",0
148575, 2,"R",386,"R",25,"R",360,"R",1,"R",25,"R",0,"R",0,"R",0,"R",0
148575, 3,"R",386,"R",25,"R",360,"R",1,"R",25,"R",0,"R",0,"R",0,"R",0
148575,12,"R",221,"R",221,"Z",0,"R",0,"R",197,"R",23,"Z",0,"R",1,"R",0
148584, 1,"R",3927,"R",1718,"R",765,"R",1444,"R",1491,"R",226,"R",0,"R",1,"R",0
148584, 2,"R",1629,"R",211,"R",640,"R",778,"R",155,"R",56,"R",0,"R",0,"R",0
148584, 3,"R",1590,"R",210,"R",638,"R",742,"R",155,"R",55,"R",0,"R",0,"R",0
148584,11,"R",39,"R",1,"R",2,"R",36,"R",0,"R",1,"R",0,"R",0,"R",0
148584,12,"R",2298,"R",1507,"R",125,"R",666,"R",1336,"R",170,"R",0,"R",1,"R",0
148593, 1,"R",140,"R",17,"Z",0,"R",123,"R",15,"R",2,"Z",0,"Z",0,"R",0
148593, 2,"R",122,"R",10,"Z",0,"R",112,"R",8,"R",2,"Z",0,"Z",0,"R",0
148593, 3,"R",122,"R",10,"Z",0,"R",112,"R",8,"R",2,"Z",0,"Z",0,"R",0
148593,12,"R",18,"R",7,"Z",0,"R",11,"R",7,"Z",0,"Z",0,"Z",0,"R",0
148627, 1,"R",3667,"R",318,"R",756,"R",2593,"R",200,"R",118,"R",0,"R",0,"R",0
148627, 2,"R",2955,"R",40,"R",612,"R",2303,"R",38,"R",2,"R",0,"R",0,"R",0
148627, 3,"R",2943,"R",40,"R",612,"R",2291,"R",38,"R",2,"R",0,"R",0,"R",0
148627,11,"R",12,"R",0,"R",0,"R",12,"A",,"A",,"A",,"A",,"A",
148627,12,"R",712,"R",278,"R",144,"R",290,"R",162,"R",116,"R",0,"R",0,"R",0
148654, 1,"R",4575,"R",1886,"R",1227,"R",1462,"R",1238,"R",584,"R",0,"R",64,"R",0
148654, 2,"R",2814,"R",942,"R",893,"R",979,"R",677,"R",256,"R",0,"R",9,"R",0
148654, 3,"R",2704,"R",901,"R",876,"R",927,"R",643,"R",250,"R",0,"R",8,"R",0
148654,11,"R",110,"R",41,"R",17,"R",52,"R",34,"R",6,"R",0,"R",1,"R",0
148654,12,"R",1761,"R",944,"R",334,"R",483,"R",561,"R",328,"R",0,"R",55,"R",0
148672, 1,"R",1628,"R",207,"R",552,"R",869,"R",205,"R",1,"R",0,"R",1,"R",0
148672, 2,"R",1628,"R",207,"R",552,"R",869,"R",205,"R",1,"R",0,"R",1,"R",0
148672, 3,"R",1274,"R",135,"R",515,"R",624,"R",134,"R",1,"R",0,"R",0,"R",0
148672,11,"R",354,"R",72,"R",37,"R",245,"R",71,"R",0,"R",0,"R",1,"R",0
148821, 1,"R",1125,"R",102,"R",455,"R",568,"R",98,"R",4,"R",0,"R",0,"R",0
148821, 2,"R",1125,"R",102,"R",455,"R",568,"R",98,"R",4,"R",0,"R",0,"R",0
148821, 3,"R",845,"R",72,"R",401,"R",372,"R",69,"R",3,"R",0,"R",0,"R",0
148821,11,"R",280,"R",30,"R",54,"R",196,"R",29,"R",1,"R",0,"R",0,"R",0
148876, 1,"R",1098,"A",,"A",,"R",1098,"A",,"A",,"A",,"A",,"A",
148876, 2,"R",1098,"A",,"A",,"R",1098,"A",,"A",,"A",,"A",,"A",
148876, 3,"R",1076,"A",,"A",,"R",1076,"A",,"A",,"A",,"A",,"A",
148876,11,"R",22,"A",,"A",,"R",22,"A",,"A",,"A",,"A",,"A",
148885, 1,"R",231,"A",,"A",,"R",231,"A",,"A",,"A",,"A",,"A",
148885,12,"R",231,"A",,"A",,"R",231,"A",,"A",,"A",,"A",,"A",
148937, 1,"R",1650,"R",334,"R",491,"R",825,"R",329,"R",5,"R",0,"R",0,"R",0
148937, 2,"R",1650,"R",334,"R",491,"R",825,"R",329,"R",5,"R",0,"R",0,"R",0
148937, 3,"R",839,"R",143,"R",394,"R",302,"R",141,"R",2,"R",0,"R",0,"R",0
148937,11,"R",811,"R",191,"R",97,"R",523,"R",188,"R",3,"R",0,"R",0,"R",0
148955, 1,"R",13,"A",,"A",,"R",13,"A",,"A",,"A",,"A",,"A",
148955, 2,"R",13,"A",,"A",,"R",13,"A",,"A",,"A",,"A",,"A",
148982, 1,"R",107,"R",3,"R",21,"R",83,"R",0,"R",3,"R",0,"R",0,"R",0
148982,12,"R",107,"R",3,"R",21,"R",83,"R",0,"R",3,"R",0,"R",0,"R",0
148991, 1,"R",1436,"R",379,"R",420,"R",637,"R",377,"R",1,"R",0,"R",1,"R",0
148991, 2,"R",1436,"R",379,"R",420,"R",637,"R",377,"R",1,"R",0,"R",1,"R",0
148991, 3,"R",967,"R",264,"R",382,"R",321,"R",263,"R",1,"R",0,"R",0,"R",0
148991,11,"R",469,"R",115,"R",38,"R",316,"R",114,"R",0,"R",0,"R",1,"R",0
149028, 1,"R",303,"A",,"A",,"R",303,"A",,"A",,"A",,"A",,"A",
149028, 2,"R",223,"A",,"A",,"R",223,"A",,"A",,"A",,"A",,"A",
149028, 3,"R",221,"A",,"A",,"R",221,"A",,"A",,"A",,"A",,"A",
149028,11,"R",2,"A",,"A",,"R",2,"A",,"A",,"A",,"A",,"A",
149028,12,"R",80,"A",,"A",,"R",80,"A",,"A",,"A",,"A",,"A",
149204, 1,"R",36,"A",,"A",,"R",36,"A",,"A",,"A",,"A",,"A",
149204, 2,"R",36,"A",,"A",,"R",36,"A",,"A",,"A",,"A",,"A",
149222, 1,"R",12817,"R",2095,"R",2504,"R",8218,"R",1409,"R",659,"Z",0,"R",8,"R",19
149222, 2,"R",9552,"R",1589,"R",2321,"R",5642,"R",1107,"R",463,"Z",0,"R",1,"R",18
149222, 3,"R",9447,"R",1545,"R",2316,"R",5586,"R",1089,"R",441,"Z",0,"R",1,"R",14
149222,11,"R",105,"R",44,"R",5,"R",56,"R",18,"R",22,"Z",0,"Z",0,"R",4
149222,12,"R",3265,"R",506,"R",183,"R",2576,"R",302,"R",196,"Z",0,"R",7,"R",1
149231, 1,"R",13281,"R",954,"R",1754,"R",10573,"R",733,"R",221,"R",0,"R",0,"R",0
149231, 2,"R",10833,"R",591,"R",1359,"R",8883,"R",459,"R",132,"R",0,"R",0,"R",0
149231, 3,"R",10786,"R",590,"R",1359,"R",8837,"R",459,"R",131,"R",0,"R",0,"R",0
149231,11,"R",47,"R",1,"R",0,"R",46,"R",0,"R",1,"R",0,"R",0,"R",0
149231,12,"R",2448,"R",363,"R",395,"R",1690,"R",274,"R",89,"R",0,"R",0,"R",0
149310, 1,"R",115,"A",,"A",,"R",115,"A",,"A",,"A",,"A",,"A",
149310, 2,"R",115,"A",,"A",,"R",115,"A",,"A",,"A",,"A",,"A",
149310, 3,"R",115,"A",,"A",,"R",115,"A",,"A",,"A",,"A",,"A",
149329, 1,"R",88,"A",,"A",,"R",88,"A",,"A",,"A",,"A",,"A",
149329, 2,"R",77,"A",,"A",,"R",77,"A",,"A",,"A",,"A",,"A",
149329, 3,"R",77,"A",,"A",,"R",77,"A",,"A",,"A",,"A",,"A",
149329,12,"R",11,"A",,"A",,"R",11,"A",,"A",,"A",,"A",,"A",
149365, 1,"R",4232,"R",143,"R",647,"R",3442,"R",130,"R",13,"R",0,"R",0,"R",0
149365, 2,"R",4232,"R",143,"R",647,"R",3442,"R",130,"R",13,"R",0,"R",0,"R",0
149365, 3,"R",2821,"R",110,"R",613,"R",2098,"R",101,"R",9,"R",0,"R",0,"R",0
149365,11,"R",1411,"R",33,"R",34,"R",1344,"R",29,"R",4,"R",0,"R",0,"R",0
149499, 1,"R",16,"A",,"A",,"R",16,"A",,"A",,"A",,"A",,"A",
149499, 2,"R",16,"A",,"A",,"R",16,"A",,"A",,"A",,"A",,"A",
149505, 1,"R",1131,"R",0,"R",172,"R",959,"A",,"A",,"A",,"A",,"A",
149505, 2,"R",1063,"R",0,"R",130,"R",933,"A",,"A",,"A",,"A",,"A",
149505, 3,"R",974,"R",0,"R",116,"R",858,"A",,"A",,"A",,"A",,"A",
149505,11,"R",89,"R",0,"R",14,"R",75,"A",,"A",,"A",,"A",,"A",
149505,12,"R",68,"R",0,"R",42,"R",26,"A",,"A",,"A",,"A",,"A",
149514, 1,"R",1775,"R",153,"R",102,"R",1520,"R",35,"R",65,"R",29,"R",24,"R",0
149514, 2,"R",703,"R",43,"R",38,"R",622,"R",16,"R",23,"R",1,"R",3,"R",0
149514, 3,"R",699,"R",43,"R",38,"R",618,"R",16,"R",23,"R",1,"R",3,"R",0
149514,11,"R",4,"R",0,"R",0,"R",4,"A",,"A",,"A",,"A",,"A",
149514,12,"R",1072,"R",110,"R",64,"R",898,"R",19,"R",42,"R",28,"R",21,"R",0
149532, 1,"R",10529,"R",904,"R",2401,"R",7224,"R",890,"R",12,"R",0,"R",2,"R",0
149532, 2,"R",10529,"R",904,"R",2401,"R",7224,"R",890,"R",12,"R",0,"R",2,"R",0
149532, 3,"R",8029,"R",787,"R",2364,"R",4878,"R",779,"R",7,"R",0,"R",1,"R",0
149532,11,"R",2500,"R",117,"R",37,"R",2346,"R",111,"R",5,"R",0,"R",1,"R",0
149550, 1,"R",150,"A",,"A",,"R",150,"A",,"A",,"A",,"A",,"A",
149550, 2,"R",150,"A",,"A",,"R",150,"A",,"A",,"A",,"A",,"A",
149639, 1,"R",146,"A",,"A",,"R",146,"A",,"A",,"A",,"A",,"A",
149639, 2,"R",107,"A",,"A",,"R",107,"A",,"A",,"A",,"A",,"A",
149639, 3,"R",78,"A",,"A",,"R",78,"A",,"A",,"A",,"A",,"A",
149639,11,"R",29,"A",,"A",,"R",29,"A",,"A",,"A",,"A",,"A",
149639,12,"R",39,"A",,"A",,"R",39,"A",,"A",,"A",,"A",,"A",
149727, 1,"R",9176,"R",965,"R",1676,"R",6535,"R",937,"R",26,"R",0,"R",2,"R",0
149727, 2,"R",9176,"R",965,"R",1676,"R",6535,"R",937,"R",26,"R",0,"R",2,"R",0
149727, 3,"R",6752,"R",813,"R",1613,"R",4326,"R",799,"R",12,"R",0,"R",2,"R",0
149727,11,"R",2424,"R",152,"R",63,"R",2209,"R",138,"R",14,"R",0,"R",0,"R",0
149763, 1,"R",833,"R",51,"R",95,"R",687,"R",48,"R",3,"R",0,"R",0,"R",0
149763, 2,"R",734,"R",35,"R",12,"R",687,"R",35,"R",0,"R",0,"R",0,"R",0
149763, 3,"R",734,"R",35,"R",12,"R",687,"R",35,"R",0,"R",0,"R",0,"R",0
149763,12,"R",99,"R",16,"R",83,"R",0,"R",13,"R",3,"R",0,"R",0,"R",0
149772, 1,"R",8502,"R",959,"R",2495,"R",5048,"R",779,"R",171,"R",0,"R",9,"R",0
149772, 2,"R",6754,"R",542,"R",2234,"R",3978,"R",439,"R",97,"R",0,"R",6,"R",0
149772, 3,"R",6754,"R",542,"R",2234,"R",3978,"R",439,"R",97,"R",0,"R",6,"R",0
149772,12,"R",1748,"R",417,"R",261,"R",1070,"R",340,"R",74,"R",0,"R",3,"R",0
149781, 1,"R",2944,"R",50,"R",5,"R",2889,"R",3,"R",24,"R",0,"R",23,"R",0
149781, 2,"R",2401,"A",,"A",,"R",2401,"A",,"A",,"A",,"A",,"A",
149781, 3,"R",2364,"A",,"A",,"R",2364,"A",,"A",,"A",,"A",,"A",
149781,11,"R",37,"A",,"A",,"R",37,"A",,"A",,"A",,"A",,"A",
149781,12,"R",543,"R",50,"R",5,"R",488,"R",3,"R",24,"R",0,"R",23,"R",0
149842, 1,"R",13530,"R",865,"R",1811,"R",10854,"R",864,"R",1,"R",0,"R",0,"R",0
149842, 2,"R",13530,"R",865,"R",1811,"R",10854,"R",864,"R",1,"R",0,"R",0,"R",0
149842, 3,"R",10791,"R",693,"R",1714,"R",8384,"R",692,"R",1,"R",0,"R",0,"R",0
149842,11,"R",2739,"R",172,"R",97,"R",2470,"R",172,"R",0,"R",0,"R",0,"R",0
150048, 1,"R",415,"R",14,"R",211,"R",190,"R",14,"R",0,"R",0,"R",0,"R",0
150048, 2,"R",415,"R",14,"R",211,"R",190,"R",14,"R",0,"R",0,"R",0,"R",0
150048, 3,"R",369,"R",9,"R",211,"R",149,"R",9,"R",0,"R",0,"R",0,"R",0
150048,11,"R",46,"R",5,"R",0,"R",41,"R",5,"R",0,"R",0,"R",0,"R",0
150066, 1,"R",1722,"R",119,"R",259,"R",1344,"R",65,"R",52,"R",0,"R",1,"R",1
150066, 2,"R",1445,"R",9,"R",225,"R",1211,"R",9,"R",0,"R",0,"R",0,"R",0
150066, 3,"R",1392,"R",9,"R",213,"R",1170,"R",9,"R",0,"R",0,"R",0,"R",0
150066,11,"R",53,"R",0,"R",12,"R",41,"A",,"A",,"A",,"A",,"A",
150066,12,"R",277,"R",110,"R",34,"R",133,"R",56,"R",52,"R",0,"R",1,"R",1
150136, 1,"R",21795,"R",5054,"R",4869,"R",11872,"R",2550,"R",2415,"R",49,"R",40,"R",0
150136, 2,"R",16069,"R",785,"R",4521,"R",10763,"R",696,"R",84,"R",4,"R",1,"R",0
150136, 3,"R",15703,"R",775,"R",4520,"R",10408,"R",689,"R",81,"R",4,"R",1,"R",0
150136,11,"R",366,"R",10,"R",1,"R",355,"R",7,"R",3,"Z",0,"Z",0,"R",0
150136,12,"R",5726,"R",4269,"R",348,"R",1109,"R",1854,"R",2331,"R",45,"R",39,"R",0
150145, 1,"R",1513,"R",233,"R",234,"R",1046,"R",177,"R",56,"Z",0,"Z",0,"R",0
150145, 2,"R",1329,"R",128,"R",208,"R",993,"R",95,"R",33,"Z",0,"Z",0,"R",0
150145, 3,"R",1244,"R",124,"R",208,"R",912,"R",91,"R",33,"Z",0,"Z",0,"R",0
150145,11,"R",85,"R",4,"R",0,"R",81,"R",4,"R",0,"Z",0,"Z",0,"R",0
150145,12,"R",184,"R",105,"R",26,"R",53,"R",82,"R",23,"Z",0,"Z",0,"R",0
150163, 1,"R",5495,"R",0,"R",0,"R",5495,"A",,"A",,"A",,"A",,"A",
150163, 2,"R",4698,"R",0,"R",0,"R",4698,"A",,"A",,"A",,"A",,"A",
150163, 3,"R",4553,"R",0,"R",0,"R",4553,"A",,"A",,"A",,"A",,"A",
150163,11,"R",145,"R",0,"R",0,"R",145,"A",,"A",,"A",,"A",,"A",
150163,12,"R",797,"R",0,"R",0,"R",797,"A",,"A",,"A",,"A",,"A",
150172, 1,"R",773,"A",,"A",,"R",773,"A",,"A",,"A",,"A",,"A",
150172, 2,"R",584,"A",,"A",,"R",584,"A",,"A",,"A",,"A",,"A",
150172, 3,"R",519,"A",,"A",,"R",519,"A",,"A",,"A",,"A",,"A",
150172,11,"R",65,"A",,"A",,"R",65,"A",,"A",,"A",,"A",,"A",
150172,12,"R",189,"A",,"A",,"R",189,"A",,"A",,"A",,"A",,"A",
150215, 1,"R",155,"R",5,"R",19,"R",131,"R",2,"R",3,"R",0,"R",0,"R",0
150215,12,"R",155,"R",5,"R",19,"R",131,"R",2,"R",3,"R",0,"R",0,"R",0
150251, 1,"R",150,"R",150,"A",,"A",,"R",8,"R",142,"R",0,"R",0,"R",0
150251, 2,"R",150,"R",150,"A",,"A",,"R",8,"R",142,"R",0,"R",0,"R",0
150251, 3,"R",142,"R",142,"A",,"A",,"R",7,"R",135,"R",0,"R",0,"R",0
150251,11,"R",8,"R",8,"A",,"A",,"R",1,"R",7,"R",0,"R",0,"R",0
150288, 1,"R",301,"R",3,"R",42,"R",256,"R",1,"R",2,"R",0,"R",0,"R",0
150288,12,"R",301,"R",3,"R",42,"R",256,"R",1,"R",2,"R",0,"R",0,"R",0
150303, 1,"R",203,"A",,"A",,"R",203,"A",,"A",,"A",,"A",,"A",
150303, 2,"R",203,"A",,"A",,"R",203,"A",,"A",,"A",,"A",,"A",
150400, 1,"R",2156,"A",,"A",,"R",2156,"A",,"A",,"A",,"A",,"A",
150400, 2,"R",2156,"A",,"A",,"R",2156,"A",,"A",,"A",,"A",,"A",
150400, 3,"R",2141,"A",,"A",,"R",2141,"A",,"A",,"A",,"A",,"A",
150400,11,"R",15,"A",,"A",,"R",15,"A",,"A",,"A",,"A",,"A",
150428, 1,"R",11,"A",,"A",,"R",11,"A",,"A",,"A",,"A",,"A",
150428, 2,"R",11,"A",,"A",,"R",11,"A",,"A",,"A",,"A",,"A",
150437, 1,"R",17,"A",,"A",,"R",17,"A",,"A",,"A",,"A",,"A",
150437, 2,"R",17,"A",,"A",,"R",17,"A",,"A",,"A",,"A",,"A",
150455, 1,"R",1104,"R",8,"R",15,"R",1081,"R",1,"R",7,"Z",0,"Z",0,"R",0
150455, 2,"R",1050,"A",,"A",,"R",1050,"A",,"A",,"A",,"A",,"A",
150455, 3,"R",1025,"A",,"A",,"R",1025,"A",,"A",,"A",,"A",,"A",
150455,11,"R",25,"A",,"A",,"R",25,"A",,"A",,"A",,"A",,"A",
150455,12,"R",54,"R",8,"R",15,"R",31,"R",1,"R",7,"Z",0,"Z",0,"R",0
150534, 1,"R",2443,"R",10,"R",134,"R",2299,"R",9,"R",1,"Z",0,"Z",0,"R",0
150534, 2,"R",2243,"R",10,"R",128,"R",2105,"R",9,"R",1,"Z",0,"Z",0,"R",0
150534, 3,"R",2018,"R",4,"R",128,"R",1886,"R",4,"Z",0,"Z",0,"Z",0,"R",0
150534,11,"R",225,"R",6,"R",0,"R",219,"R",5,"R",1,"Z",0,"Z",0,"R",0
150534,12,"R",200,"Z",0,"R",6,"R",194,"A",,"A",,"A",,"A",,"A",
150604, 1,"R",982,"A",,"A",,"R",982,"A",,"A",,"A",,"A",,"A",
150604, 2,"R",960,"A",,"A",,"R",960,"A",,"A",,"A",,"A",,"A",
150604, 3,"R",925,"A",,"A",,"R",925,"A",,"A",,"A",,"A",,"A",
150604,11,"R",35,"A",,"A",,"R",35,"A",,"A",,"A",,"A",,"A",
150604,12,"R",22,"A",,"A",,"R",22,"A",,"A",,"A",,"A",,"A",
150668, 1,"R",927,"R",24,"R",71,"R",832,"R",13,"R",11,"Z",0,"Z",0,"R",0
150668, 2,"R",845,"R",18,"R",71,"R",756,"R",7,"R",11,"Z",0,"Z",0,"R",0
150668, 3,"R",825,"R",18,"R",71,"R",736,"R",7,"R",11,"Z",0,"Z",0,"R",0
150668,11,"R",20,"Z",0,"Z",0,"R",20,"A",,"A",,"A",,"A",,"A",
150668,12,"R",82,"R",6,"Z",0,"R",76,"R",6,"Z",0,"Z",0,"Z",0,"R",0
150677, 1,"R",2029,"R",303,"R",476,"R",1250,"R",125,"R",136,"Z",0,"R",22,"R",20
150677, 2,"R",1625,"R",107,"R",360,"R",1158,"R",63,"R",43,"Z",0,"R",1,"R",0
150677, 3,"R",1353,"R",107,"R",348,"R",898,"R",63,"R",43,"Z",0,"R",1,"R",0
150677,11,"R",272,"R",0,"R",12,"R",260,"A",,"A",,"A",,"A",,"A",
150677,12,"R",404,"R",196,"R",116,"R",92,"R",62,"R",93,"Z",0,"R",21,"R",20
150756, 1,"R",1104,"R",0,"R",0,"R",1104,"A",,"A",,"A",,"A",,"A",
150756, 2,"R",1104,"R",0,"R",0,"R",1104,"A",,"A",,"A",,"A",,"A",
150756, 3,"R",1099,"R",0,"R",0,"R",1099,"A",,"A",,"A",,"A",,"A",
150756,11,"R",5,"Z",0,"Z",0,"R",5,"A",,"A",,"A",,"A",,"A",
150765, 1,"R",64,"A",,"A",,"R",64,"A",,"A",,"A",,"A",,"A",
150765, 2,"R",64,"A",,"A",,"R",64,"A",,"A",,"A",,"A",,"A",
150774, 1,"R",475,"A",,"A",,"R",475,"A",,"A",,"A",,"A",,"A",
150774, 2,"R",475,"A",,"A",,"R",475,"A",,"A",,"A",,"A",,"A",
150774, 3,"R",474,"A",,"A",,"R",474,"A",,"A",,"A",,"A",,"A",
150774,11,"R",1,"A",,"A",,"R",1,"A",,"A",,"A",,"A",,"A",
150853, 1,"R",102,"A",,"A",,"R",102,"A",,"A",,"A",,"A",,"A",
150853, 2,"R",102,"A",,"A",,"R",102,"A",,"A",,"A",,"A",,"A",
150941, 1,"R",1302,"R",129,"R",131,"R",1042,"R",83,"R",46,"R",0,"R",0,"R",0
150941, 2,"R",1047,"R",67,"R",97,"R",883,"R",41,"R",26,"R",0,"R",0,"R",0
150941, 3,"R",981,"R",67,"R",97,"R",817,"R",41,"R",26,"R",0,"R",0,"R",0
150941,11,"R",66,"R",0,"R",0,"R",66,"A",,"A",,"A",,"A",,"A",
150941,12,"R",255,"R",62,"R",34,"R",159,"R",42,"R",20,"R",0,"R",0,"R",0
150987, 1,"R",72006,"R",15010,"R",23627,"R",33369,"R",13770,"R",801,"R",87,"R",0,"R",352
150987, 2,"R",72006,"R",15010,"R",23627,"R",33369,"R",13770,"R",801,"R",87,"R",0,"R",352
150987, 3,"R",59821,"R",12108,"R",22715,"R",24998,"R",11149,"R",572,"R",87,"R",0,"R",300
150987,11,"R",12185,"R",2902,"R",912,"R",8371,"R",2621,"R",229,"R",0,"R",0,"R",52
151102, 1,"R",10139,"R",513,"R",3075,"R",6551,"R",482,"R",29,"Z",0,"R",2,"R",0
151102, 2,"R",9664,"R",469,"R",2984,"R",6211,"R",441,"R",26,"Z",0,"R",2,"R",0
151102, 3,"R",7270,"R",444,"R",2973,"R",3853,"R",418,"R",25,"Z",0,"R",1,"R",0
151102,11,"R",2394,"R",25,"R",11,"R",2358,"R",23,"R",1,"Z",0,"R",1,"R",0
151102,12,"R",475,"R",44,"R",91,"R",340,"R",41,"R",3,"Z",0,"Z",0,"R",0
151111, 1,"R",29579,"R",2233,"R",9387,"R",17959,"R",1905,"R",213,"R",20,"R",1,"R",94
151111, 2,"R",21246,"R",1159,"R",8397,"R",11690,"R",1029,"R",39,"R",3,"R",1,"R",87
151111, 3,"R",20651,"R",1049,"R",8351,"R",11251,"R",1014,"R",31,"R",3,"R",1,"R",0
151111,11,"R",595,"R",110,"R",46,"R",439,"R",15,"R",8,"R",0,"R",0,"R",87
151111,12,"R",8333,"R",1074,"R",990,"R",6269,"R",876,"R",174,"R",17,"R",0,"R",7
151263, 1,"R",5935,"R",317,"R",938,"R",4680,"R",225,"R",75,"R",17,"R",0,"R",0
151263, 2,"R",4508,"R",36,"R",744,"R",3728,"R",29,"R",5,"R",2,"R",0,"R",0
151263, 3,"R",4487,"R",31,"R",744,"R",3712,"R",27,"R",3,"R",1,"R",0,"R",0
151263,11,"R",21,"R",5,"R",0,"R",16,"R",2,"R",2,"R",1,"R",0,"R",0
151263,12,"R",1427,"R",281,"R",194,"R",952,"R",196,"R",70,"R",15,"R",0,"R",0
151290, 1,"R",2218,"R",355,"R",426,"R",1437,"R",181,"R",167,"R",0,"R",6,"R",1
151290, 2,"R",1524,"R",0,"R",87,"R",1437,"A",,"A",,"A",,"A",,"A",
151290, 3,"R",1524,"R",0,"R",87,"R",1437,"A",,"A",,"A",,"A",,"A",
151290,12,"R",694,"R",355,"R",339,"R",0,"R",181,"R",167,"R",0,"R",6,"R",1
151306, 1,"R",10986,"R",1803,"R",3732,"R",5451,"R",1357,"R",420,"R",0,"R",26,"R",0
151306, 2,"R",9528,"R",620,"R",3581,"R",5327,"R",501,"R",116,"R",0,"R",3,"R",0
151306, 3,"R",7369,"R",587,"R",3573,"R",3209,"R",472,"R",112,"R",0,"R",3,"R",0
151306,11,"R",2159,"R",33,"R",8,"R",2118,"R",29,"R",4,"R",0,"R",0,"R",0
151306,12,"R",1458,"R",1183,"R",151,"R",124,"R",856,"R",304,"R",0,"R",23,"R",0
151324, 1,"R",13044,"R",2638,"R",2979,"R",7427,"R",1322,"R",1299,"Z",0,"R",2,"R",15
151324, 2,"R",10950,"R",1764,"R",2732,"R",6454,"R",755,"R",997,"Z",0,"R",2,"R",10
151324, 3,"R",10348,"R",1758,"R",2730,"R",5860,"R",751,"R",995,"Z",0,"R",2,"R",10
151324,11,"R",602,"R",6,"R",2,"R",594,"R",4,"R",2,"Z",0,"Z",0,"R",0
151324,12,"R",2094,"R",874,"R",247,"R",973,"R",567,"R",302,"Z",0,"Z",0,"R",5
151333, 1,"R",3123,"R",251,"R",1023,"R",1849,"R",242,"R",5,"R",4,"R",0,"R",0
151333, 2,"R",2912,"R",226,"R",994,"R",1692,"R",221,"R",4,"R",1,"R",0,"R",0
151333, 3,"R",2730,"R",173,"R",991,"R",1566,"R",169,"R",4,"R",0,"R",0,"R",0
151333,11,"R",182,"R",53,"R",3,"R",126,"R",52,"R",0,"R",1,"R",0,"R",0
151333,12,"R",211,"R",25,"R",29,"R",157,"R",21,"R",1,"R",3,"R",0,"R",0
151342, 1,"R",5214,"R",334,"R",2088,"R",2792,"R",314,"R",17,"R",2,"R",1,"R",0
151342, 2,"R",4707,"R",310,"R",1950,"R",2447,"R",292,"R",16,"R",1,"R",1,"R",0
151342, 3,"R",4603,"R",278,"R",1941,"R",2384,"R",263,"R",14,"R",1,"R",0,"R",0
151342,11,"R",104,"R",32,"R",9,"R",63,"R",29,"R",2,"R",0,"R",1,"R",0
151342,12,"R",507,"R",24,"R",138,"R",345,"R",22,"R",1,"R",1,"R",0,"R",0
151351, 1,"R",43503,"R",2788,"R",5026,"R",35689,"R",877,"R",1638,"R",45,"R",228,"R",0
151351, 2,"R",33301,"R",99,"R",4663,"R",28539,"R",80,"R",18,"R",0,"R",1,"R",0
151351, 3,"R",32991,"R",84,"R",4654,"R",28253,"R",69,"R",14,"R",0,"R",1,"R",0
151351,11,"R",310,"R",15,"R",9,"R",286,"R",11,"R",4,"R",0,"R",0,"R",0
151351,12,"R",10202,"R",2689,"R",363,"R",7150,"R",797,"R",1620,"R",45,"R",227,"R",0
151360, 1,"R",3959,"R",461,"R",1747,"R",1751,"R",425,"R",26,"R",8,"R",2,"R",0
151360, 2,"R",3534,"R",386,"R",1655,"R",1493,"R",362,"R",23,"R",0,"R",1,"R",0
151360, 3,"R",3380,"R",334,"R",1642,"R",1404,"R",317,"R",17,"R",0,"R",0,"R",0
151360,11,"R",154,"R",52,"R",13,"R",89,"R",45,"R",6,"R",0,"R",1,"R",0
151360,12,"R",425,"R",75,"R",92,"R",258,"R",63,"R",3,"R",8,"R",1,"R",0
151379, 1,"R",5144,"R",557,"R",1845,"R",2742,"R",331,"R",218,"R",8,"R",0,"R",0
151379, 2,"R",4659,"R",462,"R",1764,"R",2433,"R",275,"R",185,"R",2,"R",0,"R",0
151379, 3,"R",4555,"R",420,"R",1752,"R",2383,"R",243,"R",175,"R",2,"R",0,"R",0
151379,11,"R",104,"R",42,"R",12,"R",50,"R",32,"R",10,"R",0,"R",0,"R",0
151379,12,"R",485,"R",95,"R",81,"R",309,"R",56,"R",33,"R",6,"R",0,"R",0
151388, 1,"R",3722,"R",2136,"R",767,"R",819,"R",1480,"R",593,"R",31,"R",32,"R",0
151388, 2,"R",3379,"R",1901,"R",745,"R",733,"R",1332,"R",535,"R",2,"R",32,"R",0
151388, 3,"R",3028,"R",1561,"R",744,"R",723,"R",1044,"R",486,"R",2,"R",29,"R",0
151388,11,"R",351,"R",340,"R",1,"R",10,"R",288,"R",49,"R",0,"R",3,"R",0
151388,12,"R",343,"R",235,"R",22,"R",86,"R",148,"R",58,"R",29,"R",0,"R",0
151458, 1,"R",186,"A",,"A",,"R",186,"A",,"A",,"A",,"A",,"A",
151458, 2,"R",186,"A",,"A",,"R",186,"A",,"A",,"A",,"A",,"A",
151458, 3,"R",186,"A",,"A",,"R",186,"A",,"A",,"A",,"A",,"A",
151467, 1,"R",286,"A",,"A",,"R",286,"A",,"A",,"A",,"A",,"A",
151467, 2,"R",286,"A",,"A",,"R",286,"A",,"A",,"A",,"A",,"A",
151467, 3,"R",286,"A",,"A",,"R",286,"A",,"A",,"A",,"A",,"A",
151564, 1,"R",38,"A",,"A",,"R",38,"A",,"A",,"A",,"A",,"A",
151564, 2,"R",38,"A",,"A",,"R",38,"A",,"A",,"A",,"A",,"A",
151607, 1,"R",104,"A",,"A",,"R",104,"A",,"A",,"A",,"A",,"A",
151607, 2,"R",104,"A",,"A",,"R",104,"A",,"A",,"A",,"A",,"A",
151652, 1,"R",205,"A",,"A",,"R",205,"A",,"A",,"A",,"A",,"A",
151652, 2,"R",205,"A",,"A",,"R",205,"A",,"A",,"A",,"A",,"A",
151661, 1,"R",961,"A",,"A",,"R",961,"A",,"A",,"A",,"A",,"A",
151661, 2,"R",961,"A",,"A",,"R",961,"A",,"A",,"A",,"A",,"A",
151661, 3,"R",961,"A",,"A",,"R",961,"A",,"A",,"A",,"A",,"A",
151777, 1,"R",1525,"R",38,"R",213,"R",1274,"R",1,"R",35,"R",0,"R",2,"R",0
151777, 2,"R",1186,"R",0,"R",213,"R",973,"A",,"A",,"A",,"A",,"A",
151777, 3,"R",1186,"R",0,"R",213,"R",973,"A",,"A",,"A",,"A",,"A",
151777,12,"R",339,"R",38,"R",0,"R",301,"R",1,"R",35,"R",0,"R",2,"R",0
151786, 1,"R",3592,"R",870,"R",237,"R",2485,"R",475,"R",394,"R",1,"R",0,"R",0
151786, 2,"R",2428,"R",833,"R",159,"R",1436,"R",443,"R",389,"R",1,"R",0,"R",0
151786, 3,"R",2226,"R",743,"R",159,"R",1324,"R",440,"R",303,"R",0,"R",0,"R",0
151786,11,"R",202,"R",90,"R",0,"R",112,"R",3,"R",86,"R",1,"R",0,"R",0
151786,12,"R",1164,"R",37,"R",78,"R",1049,"R",32,"R",5,"R",0,"R",0,"R",0
151801, 1,"R",3188,"R",0,"R",381,"R",2807,"A",,"A",,"A",,"A",,"A",
151801, 2,"R",2853,"R",0,"R",105,"R",2748,"A",,"A",,"A",,"A",,"A",
151801, 3,"R",2647,"R",0,"R",93,"R",2554,"A",,"A",,"A",,"A",,"A",
151801,11,"R",206,"R",0,"R",12,"R",194,"A",,"A",,"A",,"A",,"A",
151801,12,"R",335,"R",0,"R",276,"R",59,"A",,"A",,"A",,"A",,"A",
151810, 1,"R",318,"A",,"A",,"R",318,"A",,"A",,"A",,"A",,"A",
151810, 2,"R",245,"A",,"A",,"R",245,"A",,"A",,"A",,"A",,"A",
151810, 3,"R",244,"A",,"A",,"R",244,"A",,"A",,"A",,"A",,"A",
151810,11,"R",1,"A",,"A",,"R",1,"A",,"A",,"A",,"A",,"A",
151810,12,"R",73,"A",,"A",,"R",73,"A",,"A",,"A",,"A",,"A",
151865, 1,"R",98,"R",27,"R",13,"R",58,"R",1,"R",19,"R",0,"R",7,"R",0
151865,12,"R",98,"R",27,"R",13,"R",58,"R",1,"R",19,"R",0,"R",7,"R",0
151962, 1,"R",122,"R",118,"R",4,"R",0,"R",44,"R",60,"R",14,"R",0,"R",0
151962, 2,"R",122,"R",118,"R",4,"R",0,"R",44,"R",60,"R",14,"R",0,"R",0
151962, 3,"R",122,"R",118,"R",4,"R",0,"R",44,"R",60,"R",14,"R",0,"R",0
152044, 1,"R",43,"A",,"A",,"R",43,"A",,"A",,"A",,"A",,"A",
152044, 2,"R",43,"A",,"A",,"R",43,"A",,"A",,"A",,"A",,"A",
152080, 1,"R",12607,"R",153,"R",170,"R",12284,"R",5,"R",137,"R",0,"R",11,"R",0
152080, 2,"R",8617,"R",0,"R",6,"R",8611,"A",,"A",,"A",,"A",,"A",
152080, 3,"R",8568,"R",0,"R",6,"R",8562,"A",,"A",,"A",,"A",,"A",
152080,11,"R",49,"R",0,"R",0,"R",49,"A",,"A",,"A",,"A",,"A",
152080,12,"R",3990,"R",153,"R",164,"R",3673,"R",5,"R",137,"R",0,"R",11,"R",0
152099, 1,"R",1419,"R",116,"R",45,"R",1258,"R",84,"R",32,"R",0,"R",0,"R",0
152099, 2,"R",1231,"R",83,"R",25,"R",1123,"R",64,"R",19,"R",0,"R",0,"R",0
152099, 3,"R",563,"R",83,"R",25,"R",455,"R",64,"R",19,"R",0,"R",0,"R",0
152099,11,"R",668,"R",0,"R",0,"R",668,"A",,"A",,"A",,"A",,"A",
152099,12,"R",188,"R",33,"R",20,"R",135,"R",20,"R",13,"R",0,"R",0,"R",0
152150, 1,"R",38,"A",,"A",,"R",38,"A",,"A",,"A",,"A",,"A",
152150, 2,"R",38,"A",,"A",,"R",38,"A",,"A",,"A",,"A",,"A",
152275, 1,"R",142,"A",,"A",,"R",142,"A",,"A",,"A",,"A",,"A",
152275, 2,"R",142,"A",,"A",,"R",142,"A",,"A",,"A",,"A",,"A",
152309, 1,"R",82,"A",,"A",,"R",82,"A",,"A",,"A",,"A",,"A",
152309, 2,"R",82,"A",,"A",,"R",82,"A",,"A",,"A",,"A",,"A",
152318, 1,"R",2142,"R",0,"R",46,"R",2096,"A",,"A",,"A",,"A",,"A",
152318, 2,"R",2085,"R",0,"R",26,"R",2059,"A",,"A",,"A",,"A",,"A",
152318, 3,"R",2073,"R",0,"R",26,"R",2047,"A",,"A",,"A",,"A",,"A",
152318,11,"R",12,"Z",0,"R",0,"R",12,"A",,"A",,"A",,"A",,"A",
152318,12,"R",57,"Z",0,"R",20,"R",37,"A",,"A",,"A",,"A",,"A",
152336, 1,"R",2199,"R",268,"R",772,"R",1159,"R",200,"R",65,"R",0,"R",3,"R",0
152336, 2,"R",1778,"R",76,"R",764,"R",938,"R",70,"R",6,"R",0,"R",0,"R",0
152336, 3,"R",1774,"R",76,"R",764,"R",934,"R",70,"R",6,"R",0,"R",0,"R",0
152336,11,"R",4,"R",0,"R",0,"R",4,"A",,"A",,"A",,"A",,"A",
152336,12,"R",421,"R",192,"R",8,"R",221,"R",130,"R",59,"R",0,"R",3,"R",0
152381, 1,"R",1035,"R",248,"R",135,"R",652,"R",196,"R",52,"R",0,"R",0,"R",0
152381, 2,"R",723,"R",241,"R",135,"R",347,"R",190,"R",51,"R",0,"R",0,"R",0
152381, 3,"R",707,"R",226,"R",135,"R",346,"R",182,"R",44,"R",0,"R",0,"R",0
152381,11,"R",16,"R",15,"R",0,"R",1,"R",8,"R",7,"R",0,"R",0,"R",0
152381,12,"R",312,"R",7,"R",0,"R",305,"R",6,"R",1,"R",0,"R",0,"R",0
152390, 1,"R",1611,"R",65,"R",3,"R",1543,"R",21,"R",44,"R",0,"R",0,"R",0
152390, 2,"R",1485,"R",0,"R",3,"R",1482,"A",,"A",,"A",,"A",,"A",
152390, 3,"R",1439,"R",0,"R",3,"R",1436,"A",,"A",,"A",,"A",,"A",
152390,11,"R",46,"R",0,"R",0,"R",46,"A",,"A",,"A",,"A",,"A",
152390,12,"R",126,"R",65,"R",0,"R",61,"R",21,"R",44,"R",0,"R",0,"R",0
152451, 1,"R",162,"R",18,"R",3,"R",141,"R",8,"R",10,"Z",0,"Z",0,"R",0
152451,12,"R",162,"R",18,"R",3,"R",141,"R",8,"R",10,"Z",0,"Z",0,"R",0
152497, 1,"R",126,"R",3,"R",86,"R",37,"R",3,"R",0,"R",0,"R",0,"R",0
152497, 2,"R",126,"R",3,"R",86,"R",37,"R",3,"R",0,"R",0,"R",0,"R",0
152530, 1,"R",2195,"R",266,"R",18,"R",1911,"R",40,"R",216,"Z",0,"R",10,"R",0
152530, 2,"R",2167,"R",266,"R",18,"R",1883,"R",40,"R",216,"Z",0,"R",10,"R",0
152530, 3,"R",1888,"R",5,"Z",0,"R",1883,"R",2,"R",3,"Z",0,"Z",0,"R",0
152530,11,"R",279,"R",261,"R",18,"R",0,"R",38,"R",213,"Z",0,"R",10,"R",0
152530,12,"R",28,"A",,"A",,"R",28,"A",,"A",,"A",,"A",,"A",
152567, 1,"R",4320,"R",36,"R",747,"R",3537,"R",26,"R",10,"Z",0,"Z",0,"R",0
152567, 2,"R",4190,"R",36,"R",747,"R",3407,"R",26,"R",10,"Z",0,"Z",0,"R",0
152567, 3,"R",2059,"R",5,"R",720,"R",1334,"R",2,"R",3,"Z",0,"Z",0,"R",0
152567,11,"R",2131,"R",31,"R",27,"R",2073,"R",24,"R",7,"Z",0,"Z",0,"R",0
152567,12,"R",130,"R",0,"R",0,"R",130,"A",,"A",,"A",,"A",,"A",
152600, 1,"R",3786,"R",104,"R",335,"R",3347,"R",40,"R",64,"R",0,"R",0,"R",0
152600, 2,"R",3199,"R",1,"R",266,"R",2932,"R",1,"R",0,"R",0,"R",0,"R",0
152600, 3,"R",3170,"R",1,"R",266,"R",2903,"R",1,"R",0,"R",0,"R",0,"R",0
152600,11,"R",29,"R",0,"R",0,"R",29,"A",,"A",,"A",,"A",,"A",
152600,12,"R",587,"R",103,"R",69,"R",415,"R",39,"R",64,"R",0,"R",0,"R",0
152628, 1,"R",27,"A",,"A",,"R",27,"A",,"A",,"A",,"A",,"A",
152628, 2,"R",27,"A",,"A",,"R",27,"A",,"A",,"A",,"A",,"A",
152637, 1,"R",17481,"R",939,"R",1435,"R",15107,"R",773,"R",162,"R",4,"Z",0,"R",0
152637, 2,"R",17481,"R",939,"R",1435,"R",15107,"R",773,"R",162,"R",4,"Z",0,"R",0
152637, 3,"R",6282,"R",911,"R",1405,"R",3966,"R",748,"R",160,"R",3,"Z",0,"R",0
152637,11,"R",11199,"R",28,"R",30,"R",11141,"R",25,"R",2,"R",1,"Z",0,"R",0
152673, 1,"R",882,"A",,"A",,"R",882,"A",,"A",,"A",,"A",,"A",
152673, 2,"R",882,"A",,"A",,"R",882,"A",,"A",,"A",,"A",,"A",
152673, 3,"R",881,"A",,"A",,"R",881,"A",,"A",,"A",,"A",,"A",
152673,11,"R",1,"A",,"A",,"R",1,"A",,"A",,"A",,"A",,"A",
152798, 1,"R",662,"R",66,"R",489,"R",107,"R",64,"R",2,"R",0,"R",0,"R",0
152798, 2,"R",342,"R",31,"R",268,"R",43,"R",30,"R",1,"R",0,"R",0,"R",0
152798, 3,"R",342,"R",31,"R",268,"R",43,"R",30,"R",1,"R",0,"R",0,"R",0
152798,12,"R",320,"R",35,"R",221,"R",64,"R",34,"R",1,"R",0,"R",0,"R",0
152992, 1,"R",1229,"R",366,"R",91,"R",772,"R",194,"R",172,"R",0,"R",0,"R",0
152992, 2,"R",976,"R",214,"R",91,"R",671,"R",112,"R",102,"R",0,"R",0,"R",0
152992, 3,"R",910,"R",212,"R",91,"R",607,"R",111,"R",101,"R",0,"R",0,"R",0
152992,11,"R",66,"R",2,"R",0,"R",64,"R",1,"R",1,"R",0,"R",0,"R",0
152992,12,"R",253,"R",152,"R",0,"R",101,"R",82,"R",70,"R",0,"R",0,"R",0
153001, 1,"R",1846,"R",902,"R",85,"R",859,"R",855,"R",47,"Z",0,"Z",0,"R",0
153001, 2,"R",1619,"R",750,"R",85,"R",784,"R",710,"R",40,"Z",0,"Z",0,"R",0
153001, 3,"R",1546,"R",713,"R",81,"R",752,"R",675,"R",38,"Z",0,"Z",0,"R",0
153001,11,"R",73,"R",37,"R",4,"R",32,"R",35,"R",2,"Z",0,"Z",0,"R",0
153001,12,"R",227,"R",152,"R",0,"R",75,"R",145,"R",7,"Z",0,"Z",0,"R",0
153074, 1,"R",142,"A",,"A",,"R",142,"A",,"A",,"A",,"A",,"A",
153074, 2,"R",142,"A",,"A",,"R",142,"A",,"A",,"A",,"A",,"A",
153083, 1,"R",167,"A",,"A",,"R",167,"A",,"A",,"A",,"A",,"A",
153083, 2,"R",167,"A",,"A",,"R",167,"A",,"A",,"A",,"A",,"A",
153108, 1,"R",1117,"R",0,"R",56,"R",1061,"A",,"A",,"A",,"A",,"A",
153108, 2,"R",1117,"R",0,"R",56,"R",1061,"A",,"A",,"A",,"A",,"A",
153108, 3,"R",1076,"R",0,"R",56,"R",1020,"A",,"A",,"A",,"A",,"A",
153108,11,"R",41,"R",0,"R",0,"R",41,"A",,"A",,"A",,"A",,"A",
153126, 1,"R",1004,"R",75,"R",63,"R",866,"R",72,"R",3,"R",0,"R",0,"R",0
153126, 2,"R",744,"R",5,"R",4,"R",735,"R",4,"R",1,"R",0,"R",0,"R",0
153126, 3,"R",731,"R",5,"R",4,"R",722,"R",4,"R",1,"R",0,"R",0,"R",0
153126,11,"R",13,"R",0,"R",0,"R",13,"A",,"A",,"A",,"A",,"A",
153126,12,"R",260,"R",70,"R",59,"R",131,"R",68,"R",2,"R",0,"R",0,"R",0
153144, 1,"R",1422,"A",,"A",,"R",1422,"A",,"A",,"A",,"A",,"A",
153144, 2,"R",1422,"A",,"A",,"R",1422,"A",,"A",,"A",,"A",,"A",
153144, 3,"R",1369,"A",,"A",,"R",1369,"A",,"A",,"A",,"A",,"A",
153144,11,"R",53,"A",,"A",,"R",53,"A",,"A",,"A",,"A",,"A",
153162, 1,"R",1028,"A",,"A",,"R",1028,"A",,"A",,"A",,"A",,"A",
153162, 2,"R",1028,"A",,"A",,"R",1028,"A",,"A",,"A",,"A",,"A",
153162, 3,"R",1022,"A",,"A",,"R",1022,"A",,"A",,"A",,"A",,"A",
153162,11,"R",6,"A",,"A",,"R",6,"A",,"A",,"A",,"A",,"A",
153171, 1,"R",4,"A",,"A",,"R",4,"A",,"A",,"A",,"A",,"A",
153171, 2,"R",4,"A",,"A",,"R",4,"A",,"A",,"A",,"A",,"A",
153214, 1,"R",23474,"R",3589,"R",3552,"R",16333,"R",2931,"R",652,"R",0,"R",1,"R",5
153214, 2,"R",23474,"R",3589,"R",3552,"R",16333,"R",2931,"R",652,"R",0,"R",1,"R",5
153214, 3,"R",11901,"R",1738,"R",2918,"R",7245,"R",1450,"R",286,"R",0,"R",1,"R",1
153214,11,"R",11573,"R",1851,"R",634,"R",9088,"R",1481,"R",366,"R",0,"R",0,"R",4
153241, 1,"R",57,"A",,"A",,"R",57,"A",,"A",,"A",,"A",,"A",
153241, 2,"R",57,"A",,"A",,"R",57,"A",,"A",,"A",,"A",,"A",
153241, 3,"R",56,"A",,"A",,"R",56,"A",,"A",,"A",,"A",,"A",
153241,11,"R",1,"A",,"A",,"R",1,"A",,"A",,"A",,"A",,"A",
153250, 1,"R",1564,"R",138,"R",36,"R",1390,"R",84,"R",28,"R",0,"R",26,"R",0
153250, 2,"R",1424,"R",3,"R",35,"R",1386,"R",2,"R",1,"R",0,"R",0,"R",0
153250, 3,"R",1346,"R",0,"R",30,"R",1316,"A",,"A",,"A",,"A",,"A",
153250,11,"R",78,"R",3,"R",5,"R",70,"R",2,"R",1,"R",0,"R",0,"R",0
153250,12,"R",140,"R",135,"R",1,"R",4,"R",82,"R",27,"R",0,"R",26,"R",0
153269, 1,"R",4869,"R",192,"R",235,"R",4442,"R",147,"R",45,"Z",0,"Z",0,"R",0
153269, 2,"R",3015,"R",0,"R",193,"R",2822,"A",,"A",,"A",,"A",,"A",
153269, 3,"R",2952,"R",0,"R",189,"R",2763,"A",,"A",,"A",,"A",,"A",
153269,11,"R",63,"R",0,"R",4,"R",59,"A",,"A",,"A",,"A",,"A",
153269,12,"R",1854,"R",192,"R",42,"R",1620,"R",147,"R",45,"Z",0,"Z",0,"R",0
153278, 1,"R",2385,"R",36,"R",253,"R",2096,"R",2,"R",34,"Z",0,"Z",0,"R",0
153278, 2,"R",1969,"R",0,"R",196,"R",1773,"A",,"A",,"A",,"A",,"A",
153278, 3,"R",1965,"R",0,"R",196,"R",1769,"A",,"A",,"A",,"A",,"A",
153278,11,"R",4,"R",0,"R",0,"R",4,"A",,"A",,"A",,"A",,"A",
153278,12,"R",416,"R",36,"R",57,"R",323,"R",2,"R",34,"Z",0,"Z",0,"R",0
153296, 1,"R",796,"R",66,"R",348,"R",382,"R",60,"R",5,"Z",0,"R",1,"R",0
153296, 2,"R",796,"R",66,"R",348,"R",382,"R",60,"R",5,"Z",0,"R",1,"R",0
153296, 3,"R",645,"R",36,"R",267,"R",342,"R",31,"R",4,"Z",0,"R",1,"R",0
153296,11,"R",151,"R",30,"R",81,"R",40,"R",29,"R",1,"Z",0,"Z",0,"R",0
153302, 1,"R",238,"R",7,"R",21,"R",210,"R",3,"R",3,"R",0,"R",1,"R",0
153302, 2,"R",238,"R",7,"R",21,"R",210,"R",3,"R",3,"R",0,"R",1,"R",0
153302, 3,"R",233,"R",2,"R",21,"R",210,"R",1,"R",1,"R",0,"R",0,"R",0
153302,11,"R",5,"R",5,"R",0,"R",0,"R",2,"R",2,"R",0,"R",1,"R",0
153311, 1,"R",7771,"R",1486,"R",1276,"R",5009,"R",1069,"R",409,"R",0,"R",2,"R",6
153311, 2,"R",7771,"R",1486,"R",1276,"R",5009,"R",1069,"R",409,"R",0,"R",2,"R",6
153311, 3,"R",2960,"R",766,"R",729,"R",1465,"R",529,"R",233,"R",0,"R",1,"R",3
153311,11,"R",4811,"R",720,"R",547,"R",3544,"R",540,"R",176,"R",0,"R",1,"R",3
153320, 1,"R",353,"R",33,"R",22,"R",298,"R",12,"R",21,"R",0,"R",0,"R",0
153320, 2,"R",293,"R",25,"R",0,"R",268,"R",6,"R",19,"R",0,"R",0,"R",0
153320, 3,"R",261,"R",0,"R",0,"R",261,"A",,"A",,"A",,"A",,"A",
153320,11,"R",32,"R",25,"R",0,"R",7,"R",6,"R",19,"R",0,"R",0,"R",0
153320,12,"R",60,"R",8,"R",22,"R",30,"R",6,"R",2,"R",0,"R",0,"R",0
153339, 1,"R",21,"A",,"A",,"R",21,"A",,"A",,"A",,"A",,"A",
153339, 2,"R",21,"A",,"A",,"R",21,"A",,"A",,"A",,"A",,"A",
153366, 1,"R",1993,"R",820,"R",202,"R",971,"R",176,"R",614,"R",13,"R",17,"R",0
153366, 2,"R",1181,"R",96,"R",114,"R",971,"R",23,"R",69,"R",2,"R",2,"R",0
153366, 3,"R",1125,"R",96,"R",114,"R",915,"R",23,"R",69,"R",2,"R",2,"R",0
153366,11,"R",56,"R",0,"R",0,"R",56,"A",,"A",,"A",,"A",,"A",
153366,12,"R",812,"R",724,"R",88,"R",0,"R",153,"R",545,"R",11,"R",15,"R",0
153375, 1,"R",1886,"R",110,"R",289,"R",1487,"R",108,"R",2,"Z",0,"Z",0,"R",0
153375, 2,"R",1761,"R",61,"R",259,"R",1441,"R",59,"R",2,"Z",0,"Z",0,"R",0
153375, 3,"R",1731,"R",58,"R",257,"R",1416,"R",56,"R",2,"Z",0,"Z",0,"R",0
153375,11,"R",30,"R",3,"R",2,"R",25,"R",3,"Z",0,"Z",0,"Z",0,"R",0
153375,12,"R",125,"R",49,"R",30,"R",46,"R",49,"Z",0,"Z",0,"Z",0,"R",0
153384, 1,"R",1716,"A",,"A",,"R",1716,"A",,"A",,"A",,"A",,"A",
153384, 2,"R",1716,"A",,"A",,"R",1716,"A",,"A",,"A",,"A",,"A",
153384, 3,"R",1683,"A",,"A",,"R",1683,"A",,"A",,"A",,"A",,"A",
153384,11,"R",33,"A",,"A",,"R",33,"A",,"A",,"A",,"A",,"A",
153409, 1,"R",142,"R",142,"Z",0,"R",0,"R",78,"R",64,"Z",0,"Z",0,"R",0
153409, 2,"R",107,"R",107,"Z",0,"R",0,"R",60,"R",47,"Z",0,"Z",0,"R",0
153409, 3,"R",107,"R",107,"Z",0,"R",0,"R",60,"R",47,"Z",0,"Z",0,"R",0
153409,12,"R",35,"R",35,"Z",0,"R",0,"R",18,"R",17,"Z",0,"Z",0,"R",0
153418, 1,"R",411,"R",314,"R",37,"R",60,"R",301,"R",13,"Z",0,"Z",0,"R",0
153418, 2,"R",360,"R",263,"R",37,"R",60,"R",253,"R",10,"Z",0,"Z",0,"R",0
153418, 3,"R",360,"R",263,"R",37,"R",60,"R",253,"R",10,"Z",0,"Z",0,"R",0
153418,12,"R",51,"R",51,"Z",0,"R",0,"R",48,"R",3,"Z",0,"Z",0,"R",0
153427, 1,"R",134,"A",,"A",,"R",134,"A",,"A",,"A",,"A",,"A",
153427, 2,"R",134,"A",,"A",,"R",134,"A",,"A",,"A",,"A",,"A",
153427, 3,"R",134,"A",,"A",,"R",134,"A",,"A",,"A",,"A",,"A",
153445, 1,"R",5263,"R",613,"R",1042,"R",3608,"R",599,"R",10,"R",0,"R",0,"R",4
153445, 2,"R",5263,"R",613,"R",1042,"R",3608,"R",599,"R",10,"R",0,"R",0,"R",4
153445, 3,"R",3217,"R",244,"R",894,"R",2079,"R",236,"R",8,"R",0,"R",0,"R",0
153445,11,"R",2046,"R",369,"R",148,"R",1529,"R",363,"R",2,"R",0,"R",0,"R",4
153463, 1,"R",23,"A",,"A",,"R",23,"A",,"A",,"A",,"A",,"A",
153463, 2,"R",23,"A",,"A",,"R",23,"A",,"A",,"A",,"A",,"A",
153472, 1,"R",3918,"R",456,"R",914,"R",2548,"R",414,"R",39,"R",0,"R",3,"R",0
153472, 2,"R",3918,"R",456,"R",914,"R",2548,"R",414,"R",39,"R",0,"R",3,"R",0
153472, 3,"R",2094,"R",285,"R",666,"R",1143,"R",252,"R",31,"R",0,"R",2,"R",0
153472,11,"R",1824,"R",171,"R",248,"R",1405,"R",162,"R",8,"R",0,"R",1,"R",0
153524, 1,"R",5390,"R",825,"R",712,"R",3853,"R",547,"R",266,"R",2,"R",10,"R",0
153524, 2,"R",5390,"R",825,"R",712,"R",3853,"R",547,"R",266,"R",2,"R",10,"R",0
153524, 3,"R",3270,"R",516,"R",428,"R",2326,"R",283,"R",226,"R",1,"R",6,"R",0
153524,11,"R",2120,"R",309,"R",284,"R",1527,"R",264,"R",40,"R",1,"R",4,"R",0
153533, 1,"R",2051,"R",247,"R",476,"R",1328,"R",191,"R",54,"R",0,"R",2,"R",0
153533, 2,"R",2051,"R",247,"R",476,"R",1328,"R",191,"R",54,"R",0,"R",2,"R",0
153533, 3,"R",1121,"R",100,"R",338,"R",683,"R",74,"R",24,"R",0,"R",2,"R",0
153533,11,"R",930,"R",147,"R",138,"R",645,"R",117,"R",30,"R",0,"R",0,"R",0
153542, 1,"R",16,"Z",0,"R",16,"R",0,"A",,"A",,"A",,"A",,"A",
153542, 2,"R",16,"Z",0,"R",16,"R",0,"A",,"A",,"A",,"A",,"A",
153588, 1,"R",22,"A",,"A",,"R",22,"A",,"A",,"A",,"A",,"A",
153588, 2,"R",22,"A",,"A",,"R",22,"A",,"A",,"A",,"A",,"A",
153597, 1,"R",47,"A",,"A",,"R",47,"A",,"A",,"A",,"A",,"A",
153597, 2,"R",47,"A",,"A",,"R",47,"A",,"A",,"A",,"A",,"A",
153603, 1,"R",34992,"R",1374,"R",6215,"R",27403,"R",538,"R",672,"R",136,"R",28,"R",0
153603, 2,"R",29621,"R",323,"R",5999,"R",23299,"R",162,"R",104,"R",51,"R",6,"R",0
153603, 3,"R",29248,"R",178,"R",5981,"R",23089,"R",113,"R",15,"R",50,"R",0,"R",0
153603,11,"R",373,"R",145,"R",18,"R",210,"R",49,"R",89,"R",1,"R",6,"R",0
153603,12,"R",5371,"R",1051,"R",216,"R",4104,"R",376,"R",568,"R",85,"R",22,"R",0
153621, 1,"R",616,"R",42,"R",159,"R",415,"R",38,"R",3,"R",0,"R",1,"R",0
153621, 2,"R",598,"R",32,"R",151,"R",415,"R",28,"R",3,"R",0,"R",1,"R",0
153621, 3,"R",594,"R",32,"R",149,"R",413,"R",28,"R",3,"R",0,"R",1,"R",0
153621,11,"R",4,"R",0,"R",2,"R",2,"A",,"A",,"A",,"A",,"A",
153621,12,"R",18,"R",10,"R",8,"R",0,"R",10,"R",0,"R",0,"R",0,"R",0
153630, 1,"R",5962,"R",1052,"R",1615,"R",3295,"R",794,"R",257,"R",1,"Z",0,"R",0
153630, 2,"R",5962,"R",1052,"R",1615,"R",3295,"R",794,"R",257,"R",1,"Z",0,"R",0
153630, 3,"R",3799,"R",523,"R",1394,"R",1882,"R",350,"R",172,"R",1,"Z",0,"R",0
153630,11,"R",2163,"R",529,"R",221,"R",1413,"R",444,"R",85,"Z",0,"Z",0,"R",0
153658, 1,"R",31656,"R",3022,"R",12073,"R",16561,"R",2430,"R",509,"R",0,"R",83,"R",0
153658, 2,"R",23989,"R",1119,"R",11792,"R",11078,"R",862,"R",241,"R",0,"R",16,"R",0
153658, 3,"R",23410,"R",907,"R",11753,"R",10750,"R",722,"R",171,"R",0,"R",14,"R",0
153658,11,"R",579,"R",212,"R",39,"R",328,"R",140,"R",70,"R",0,"R",2,"R",0
153658,12,"R",7667,"R",1903,"R",281,"R",5483,"R",1568,"R",268,"R",0,"R",67,"R",0
153737, 1,"R",13906,"R",1819,"R",2958,"R",9129,"R",1732,"R",82,"R",1,"R",4,"R",0
153737, 2,"R",13906,"R",1819,"R",2958,"R",9129,"R",1732,"R",82,"R",1,"R",4,"R",0
153737, 3,"R",8772,"R",1013,"R",2524,"R",5235,"R",978,"R",33,"R",1,"R",1,"R",0
153737,11,"R",5134,"R",806,"R",434,"R",3894,"R",754,"R",49,"R",0,"R",3,"R",0
153746, 1,"R",17,"R",0,"R",4,"R",13,"A",,"A",,"A",,"A",,"A",
153746, 2,"R",17,"R",0,"R",4,"R",13,"A",,"A",,"A",,"A",,"A",
153764, 1,"R",56,"R",0,"R",15,"R",41,"A",,"A",,"A",,"A",,"A",
153764, 2,"R",56,"R",0,"R",15,"R",41,"A",,"A",,"A",,"A",,"A",
153773, 1,"R",49,"A",,"A",,"R",49,"A",,"A",,"A",,"A",,"A",
153773, 2,"R",49,"A",,"A",,"R",49,"A",,"A",,"A",,"A",,"A",
153782, 1,"R",27,"R",0,"R",7,"R",20,"A",,"A",,"A",,"A",,"A",
153782, 2,"R",27,"R",0,"R",7,"R",20,"A",,"A",,"A",,"A",,"A",
153825, 1,"R",1489,"R",20,"R",47,"R",1422,"R",15,"R",5,"R",0,"R",0,"R",0
153825, 2,"R",1412,"R",0,"R",47,"R",1365,"A",,"A",,"A",,"A",,"A",
153825, 3,"R",1361,"R",0,"R",47,"R",1314,"A",,"A",,"A",,"A",,"A",
153825,11,"R",51,"R",0,"R",0,"R",51,"A",,"A",,"A",,"A",,"A",
153825,12,"R",77,"R",20,"R",0,"R",57,"R",15,"R",5,"R",0,"R",0,"R",0
153834, 1,"R",2005,"R",0,"R",0,"R",2005,"A",,"A",,"A",,"A",,"A",
153834, 2,"R",2005,"R",0,"R",0,"R",2005,"A",,"A",,"A",,"A",,"A",
153834, 3,"R",1974,"R",0,"R",0,"R",1974,"A",,"A",,"A",,"A",,"A",
153834,11,"R",31,"R",0,"R",0,"R",31,"A",,"A",,"A",,"A",,"A",
153861, 1,"R",1589,"R",862,"R",170,"R",557,"R",51,"R",644,"R",78,"R",89,"R",0
153861, 2,"R",324,"R",144,"R",1,"R",179,"Z",0,"Z",0,"R",70,"R",74,"R",0
153861, 3,"R",255,"R",77,"R",1,"R",177,"Z",0,"Z",0,"R",70,"R",7,"R",0
153861,11,"R",69,"R",67,"R",0,"R",2,"Z",0,"Z",0,"Z",0,"R",67,"R",0
153861,12,"R",1265,"R",718,"R",169,"R",378,"R",51,"R",644,"R",8,"R",15,"R",0
153922, 1,"R",1931,"R",345,"R",933,"R",653,"R",333,"R",2,"R",2,"R",8,"R",0
153922, 2,"R",1931,"R",345,"R",933,"R",653,"R",333,"R",2,"R",2,"R",8,"R",0
153922, 3,"R",927,"R",117,"R",519,"R",291,"R",106,"R",1,"R",2,"R",8,"R",0
153922,11,"R",1004,"R",228,"R",414,"R",362,"R",227,"R",1,"Z",0,"Z",0,"R",0
153977, 1,"R",727,"R",62,"R",344,"R",321,"R",59,"R",3,"R",0,"R",0,"R",0
153977, 2,"R",727,"R",62,"R",344,"R",321,"R",59,"R",3,"R",0,"R",0,"R",0
153977, 3,"R",724,"R",61,"R",344,"R",319,"R",58,"R",3,"R",0,"R",0,"R",0
153977,11,"R",3,"R",1,"R",0,"R",2,"R",1,"R",0,"R",0,"R",0,"R",0
154004, 1,"R",2698,"R",1443,"Z",0,"R",1255,"R",1260,"R",183,"Z",0,"Z",0,"R",0
154004, 2,"R",1282,"R",27,"Z",0,"R",1255,"R",19,"R",8,"Z",0,"Z",0,"R",0
154004, 3,"R",1240,"R",27,"Z",0,"R",1213,"R",19,"R",8,"Z",0,"Z",0,"R",0
154004,11,"R",42,"Z",0,"Z",0,"R",42,"A",,"A",,"A",,"A",,"A",
154004,12,"R",1416,"R",1416,"Z",0,"R",0,"R",1241,"R",175,"Z",0,"Z",0,"R",0
154013, 1,"R",1835,"R",233,"R",262,"R",1340,"R",202,"R",31,"R",0,"R",0,"R",0
154013, 2,"R",1501,"R",152,"R",233,"R",1116,"R",128,"R",24,"R",0,"R",0,"R",0
154013, 3,"R",1488,"R",152,"R",232,"R",1104,"R",128,"R",24,"R",0,"R",0,"R",0
154013,11,"R",13,"R",0,"R",1,"R",12,"A",,"A",,"A",,"A",,"A",
154013,12,"R",334,"R",81,"R",29,"R",224,"R",74,"R",7,"R",0,"R",0,"R",0
154022, 1,"R",34710,"R",34705,"R",5,"R",0,"R",3794,"R",30881,"R",0,"R",30,"R",0
154022, 2,"R",28701,"R",28701,"A",,"A",,"R",3104,"R",25572,"R",0,"R",25,"R",0
154022, 3,"R",28289,"R",28289,"A",,"A",,"R",3074,"R",25191,"R",0,"R",24,"R",0
154022,11,"R",412,"R",412,"A",,"A",,"R",30,"R",381,"R",0,"R",1,"R",0
154022,12,"R",6009,"R",6004,"R",5,"R",0,"R",690,"R",5309,"R",0,"R",5,"R",0
154059, 1,"R",2995,"R",367,"R",1754,"R",874,"R",340,"R",27,"R",0,"R",0,"R",0
154059, 2,"R",2995,"R",367,"R",1754,"R",874,"R",340,"R",27,"R",0,"R",0,"R",0
154059, 3,"R",1766,"R",144,"R",1312,"R",310,"R",126,"R",18,"R",0,"R",0,"R",0
154059,11,"R",1229,"R",223,"R",442,"R",564,"R",214,"R",9,"R",0,"R",0,"R",0
154095, 1,"R",11187,"R",636,"R",2118,"R",8433,"R",0,"R",0,"R",636,"R",0,"R",0
154095, 2,"R",9536,"R",210,"R",1893,"R",7433,"R",0,"R",0,"R",210,"R",0,"R",0
154095, 3,"R",9391,"R",169,"R",1892,"R",7330,"R",0,"R",0,"R",169,"R",0,"R",0
154095,11,"R",145,"R",41,"R",1,"R",103,"R",0,"R",0,"R",41,"R",0,"R",0
154095,12,"R",1651,"R",426,"R",225,"R",1000,"R",0,"R",0,"R",426,"R",0,"R",0
154101, 1,"R",1299,"R",338,"R",172,"R",789,"R",287,"R",50,"R",0,"R",1,"R",0
154101, 2,"R",1024,"R",63,"R",172,"R",789,"R",59,"R",4,"R",0,"R",0,"R",0
154101, 3,"R",1006,"R",63,"R",172,"R",771,"R",59,"R",4,"R",0,"R",0,"R",0
154101,11,"R",18,"R",0,"R",0,"R",18,"A",,"A",,"A",,"A",,"A",
154101,12,"R",275,"R",275,"R",0,"R",0,"R",228,"R",46,"R",0,"R",1,"R",0
154110, 1,"R",4449,"R",498,"R",1254,"R",2697,"R",450,"R",48,"Z",0,"Z",0,"R",0
154110, 2,"R",4449,"R",498,"R",1254,"R",2697,"R",450,"R",48,"Z",0,"Z",0,"R",0
154110, 3,"R",2086,"R",335,"R",818,"R",933,"R",293,"R",42,"Z",0,"Z",0,"R",0
154110,11,"R",2363,"R",163,"R",436,"R",1764,"R",157,"R",6,"Z",0,"Z",0,"R",0
154129, 1,"R",1747,"R",605,"R",462,"R",680,"R",546,"R",54,"R",5,"R",0,"R",0
154129, 2,"R",1747,"R",605,"R",462,"R",680,"R",546,"R",54,"R",5,"R",0,"R",0
154129, 3,"R",754,"R",86,"R",247,"R",421,"R",67,"R",19,"R",0,"R",0,"R",0
154129,11,"R",993,"R",519,"R",215,"R",259,"R",479,"R",35,"R",5,"R",0,"R",0
154156, 1,"R",1549,"R",93,"R",819,"R",637,"R",51,"R",41,"R",1,"R",0,"R",0
154156,12,"R",1549,"R",93,"R",819,"R",637,"R",51,"R",41,"R",1,"R",0,"R",0
154165, 1,"R",28,"A",,"A",,"R",28,"A",,"A",,"A",,"A",,"A",
154165, 2,"R",28,"A",,"A",,"R",28,"A",,"A",,"A",,"A",,"A",
154174, 1,"R",2179,"A",,"A",,"R",2179,"A",,"A",,"A",,"A",,"A",
154174, 2,"R",24,"A",,"A",,"R",24,"A",,"A",,"A",,"A",,"A",
154174, 3,"R",24,"A",,"A",,"R",24,"A",,"A",,"A",,"A",,"A",
154174,12,"R",2155,"A",,"A",,"R",2155,"A",,"A",,"A",,"A",,"A",
154208, 1,"R",141,"A",,"A",,"R",141,"A",,"A",,"A",,"A",,"A",
154208, 2,"R",141,"A",,"A",,"R",141,"A",,"A",,"A",,"A",,"A",
154235, 1,"R",3045,"R",93,"R",451,"R",2501,"R",64,"R",29,"R",0,"R",0,"R",0
154235, 2,"R",2309,"R",28,"R",369,"R",1912,"R",17,"R",11,"R",0,"R",0,"R",0
154235, 3,"R",2289,"R",28,"R",368,"R",1893,"R",17,"R",11,"R",0,"R",0,"R",0
154235,11,"R",20,"R",0,"R",1,"R",19,"A",,"A",,"A",,"A",,"A",
154235,12,"R",736,"R",65,"R",82,"R",589,"R",47,"R",18,"R",0,"R",0,"R",0
154262, 1,"R",273,"R",105,"R",129,"R",39,"R",73,"R",26,"R",0,"R",0,"R",6
154262, 2,"R",273,"R",105,"R",129,"R",39,"R",73,"R",26,"R",0,"R",0,"R",6
154262, 3,"R",271,"R",105,"R",127,"R",39,"R",73,"R",26,"R",0,"R",0,"R",6
154262,11,"R",2,"R",0,"R",2,"R",0,"A",,"A",,"A",,"A",,"A",
154332, 1,"R",35,"R",0,"R",12,"R",23,"A",,"A",,"A",,"A",,"A",
154332, 2,"R",35,"R",0,"R",12,"R",23,"A",,"A",,"A",,"A",,"A",
154341, 1,"R",38,"R",0,"R",7,"R",31,"A",,"A",,"A",,"A",,"A",
154341, 2,"R",38,"R",0,"R",7,"R",31,"A",,"A",,"A",,"A",,"A",
154350, 1,"R",1444,"R",68,"R",48,"R",1328,"R",62,"R",6,"R",0,"R",0,"R",0
154350, 2,"R",1396,"R",52,"R",48,"R",1296,"R",47,"R",5,"R",0,"R",0,"R",0
154350, 3,"R",1377,"R",52,"R",48,"R",1277,"R",47,"R",5,"R",0,"R",0,"R",0
154350,11,"R",19,"R",0,"R",0,"R",19,"A",,"A",,"A",,"A",,"A",
154350,12,"R",48,"R",16,"R",0,"R",32,"R",15,"R",1,"R",0,"R",0,"R",0
154378, 1,"R",2548,"R",621,"R",510,"R",1417,"R",545,"R",73,"Z",0,"Z",0,"R",3
154378, 2,"R",2548,"R",621,"R",510,"R",1417,"R",545,"R",73,"Z",0,"Z",0,"R",3
154378, 3,"R",1608,"R",286,"R",405,"R",917,"R",225,"R",61,"Z",0,"Z",0,"R",0
154378,11,"R",940,"R",335,"R",105,"R",500,"R",320,"R",12,"Z",0,"Z",0,"R",3
154396, 1,"R",1547,"R",507,"R",488,"R",552,"R",474,"R",32,"R",0,"R",1,"R",0
154396, 2,"R",1547,"R",507,"R",488,"R",552,"R",474,"R",32,"R",0,"R",1,"R",0
154396, 3,"R",828,"R",159,"R",312,"R",357,"R",141,"R",18,"R",0,"R",0,"R",0
154396,11,"R",719,"R",348,"R",176,"R",195,"R",333,"R",14,"R",0,"R",1,"R",0
154448, 1,"R",132,"A",,"A",,"R",132,"A",,"A",,"A",,"A",,"A",
154448, 2,"R",132,"A",,"A",,"R",132,"A",,"A",,"A",,"A",,"A",
154457, 1,"R",44,"A",,"A",,"R",44,"A",,"A",,"A",,"A",,"A",
154457, 2,"R",44,"A",,"A",,"R",44,"A",,"A",,"A",,"A",,"A",
154466, 1,"R",58,"A",,"A",,"R",58,"A",,"A",,"A",,"A",,"A",
154466, 2,"R",58,"A",,"A",,"R",58,"A",,"A",,"A",,"A",,"A",
154493, 1,"R",4392,"R",2056,"R",1178,"R",1158,"R",873,"R",1144,"R",0,"R",31,"R",8
154493, 2,"R",3741,"R",1538,"R",1117,"R",1086,"R",577,"R",934,"R",0,"R",23,"R",4
154493, 3,"R",3524,"R",1395,"R",1052,"R",1077,"R",552,"R",819,"R",0,"R",20,"R",4
154493,11,"R",217,"R",143,"R",65,"R",9,"R",25,"R",115,"R",0,"R",3,"R",0
154493,12,"R",651,"R",518,"R",61,"R",72,"R",296,"R",210,"R",0,"R",8,"R",4
154518, 1,"R",3150,"R",2515,"R",36,"R",599,"R",139,"R",2362,"R",0,"R",14,"R",0
154518, 2,"R",2636,"R",2001,"R",36,"R",599,"R",95,"R",1893,"R",0,"R",13,"R",0
154518, 3,"R",2554,"R",1974,"R",36,"R",544,"R",92,"R",1869,"R",0,"R",13,"R",0
154518,11,"R",82,"R",27,"R",0,"R",55,"R",3,"R",24,"R",0,"R",0,"R",0
154518,12,"R",514,"R",514,"R",0,"R",0,"R",44,"R",469,"R",0,"R",1,"R",0
154527, 1,"R",1498,"R",0,"R",22,"R",1476,"A",,"A",,"A",,"A",,"A",
154527, 2,"R",1498,"R",0,"R",22,"R",1476,"A",,"A",,"A",,"A",,"A",
154527, 3,"R",1468,"R",0,"R",22,"R",1446,"A",,"A",,"A",,"A",,"A",
154527,11,"R",30,"R",0,"R",0,"R",30,"A",,"A",,"A",,"A",,"A",
154536, 1,"R",139,"R",13,"R",65,"R",61,"R",0,"R",13,"R",0,"R",0,"R",0
154536,12,"R",139,"R",13,"R",65,"R",61,"R",0,"R",13,"R",0,"R",0,"R",0
154545, 1,"R",50,"A",,"A",,"R",50,"A",,"A",,"A",,"A",,"A",
154545, 2,"R",50,"A",,"A",,"R",50,"A",,"A",,"A",,"A",,"A",
154572, 1,"R",5674,"R",1509,"R",1020,"R",3145,"R",1269,"R",240,"R",0,"R",0,"R",0
154572, 2,"R",5674,"R",1509,"R",1020,"R",3145,"R",1269,"R",240,"R",0,"R",0,"R",0
154572, 3,"R",3005,"R",746,"R",728,"R",1531,"R",575,"R",171,"R",0,"R",0,"R",0
154572,11,"R",2669,"R",763,"R",292,"R",1614,"R",694,"R",69,"R",0,"R",0,"R",0
154590, 1,"R",1279,"R",167,"R",200,"R",912,"R",120,"R",43,"Z",0,"R",3,"R",1
154590, 2,"R",1214,"R",102,"R",200,"R",912,"R",80,"R",21,"Z",0,"Z",0,"R",1
154590, 3,"R",1127,"R",97,"R",200,"R",830,"R",78,"R",19,"Z",0,"Z",0,"R",0
154590,11,"R",87,"R",5,"R",0,"R",82,"R",2,"R",2,"Z",0,"Z",0,"R",1
154590,12,"R",65,"R",65,"R",0,"R",0,"R",40,"R",22,"Z",0,"R",3,"R",0
154642, 1,"R",2540,"R",1360,"R",523,"R",657,"R",1266,"R",90,"R",0,"R",4,"R",0
154642, 2,"R",2540,"R",1360,"R",523,"R",657,"R",1266,"R",90,"R",0,"R",4,"R",0
154642, 3,"R",1432,"R",722,"R",358,"R",352,"R",643,"R",77,"R",0,"R",2,"R",0
154642,11,"R",1108,"R",638,"R",165,"R",305,"R",623,"R",13,"R",0,"R",2,"R",0
154688, 1,"R",2769,"R",671,"R",331,"R",1767,"R",459,"R",207,"R",3,"R",2,"R",0
154688, 2,"R",1793,"R",213,"R",88,"R",1492,"R",137,"R",76,"Z",0,"Z",0,"R",0
154688, 3,"R",1436,"R",213,"R",87,"R",1136,"R",137,"R",76,"Z",0,"Z",0,"R",0
154688,11,"R",357,"R",0,"R",1,"R",356,"A",,"A",,"A",,"A",,"A",
154688,12,"R",976,"R",458,"R",243,"R",275,"R",322,"R",131,"R",3,"R",2,"R",0
154697, 1,"R",4237,"R",1987,"R",166,"R",2084,"R",1165,"R",753,"Z",0,"R",69,"R",0
154697, 2,"R",4237,"R",1987,"R",166,"R",2084,"R",1165,"R",753,"Z",0,"R",69,"R",0
154697, 3,"R",2178,"R",924,"R",133,"R",1121,"R",620,"R",285,"Z",0,"R",19,"R",0
154697,11,"R",2059,"R",1063,"R",33,"R",963,"R",545,"R",468,"Z",0,"R",50,"R",0
154712, 1,"R",2121,"R",0,"R",0,"R",2121,"A",,"A",,"A",,"A",,"A",
154712, 2,"R",2054,"R",0,"R",0,"R",2054,"A",,"A",,"A",,"A",,"A",
154712, 3,"R",1938,"R",0,"R",0,"R",1938,"A",,"A",,"A",,"A",,"A",
154712,11,"R",116,"R",0,"R",0,"R",116,"A",,"A",,"A",,"A",,"A",
154712,12,"R",67,"R",0,"R",0,"R",67,"A",,"A",,"A",,"A",,"A",
154721, 1,"R",891,"R",0,"R",0,"R",891,"A",,"A",,"A",,"A",,"A",
154721, 2,"R",891,"R",0,"R",0,"R",891,"A",,"A",,"A",,"A",,"A",
154721, 3,"R",781,"R",0,"R",0,"R",781,"A",,"A",,"A",,"A",,"A",
154721,11,"R",110,"R",0,"R",0,"R",110,"A",,"A",,"A",,"A",,"A",
154749, 1,"R",444,"R",9,"R",4,"R",431,"R",8,"R",1,"R",0,"R",0,"R",0
154749, 2,"R",444,"R",9,"R",4,"R",431,"R",8,"R",1,"R",0,"R",0,"R",0
154749, 3,"R",442,"R",9,"R",4,"R",429,"R",8,"R",1,"R",0,"R",0,"R",0
154749,11,"R",2,"Z",0,"Z",0,"R",2,"A",,"A",,"A",,"A",,"A",
154800, 1,"R",8374,"R",1845,"R",2327,"R",4202,"R",1764,"R",80,"Z",0,"R",1,"R",0
154800, 2,"R",8374,"R",1845,"R",2327,"R",4202,"R",1764,"R",80,"Z",0,"R",1,"R",0
154800, 3,"R",6790,"R",1439,"R",2119,"R",3232,"R",1393,"R",46,"Z",0,"R",0,"R",0
154800,11,"R",1584,"R",406,"R",208,"R",970,"R",371,"R",34,"Z",0,"R",1,"R",0
154855, 1,"R",726,"R",376,"R",8,"R",342,"R",75,"R",301,"Z",0,"Z",0,"R",0
154855, 2,"R",726,"R",376,"R",8,"R",342,"R",75,"R",301,"Z",0,"Z",0,"R",0
154855, 3,"R",669,"R",372,"R",8,"R",289,"R",75,"R",297,"Z",0,"Z",0,"R",0
154855,11,"R",57,"R",4,"R",0,"R",53,"R",0,"R",4,"Z",0,"Z",0,"R",0
154907, 1,"R",1839,"R",349,"R",306,"R",1184,"R",333,"R",16,"R",0,"R",0,"R",0
154907, 2,"R",1839,"R",349,"R",306,"R",1184,"R",333,"R",16,"R",0,"R",0,"R",0
154907, 3,"R",1028,"R",151,"R",217,"R",660,"R",141,"R",10,"R",0,"R",0,"R",0
154907,11,"R",811,"R",198,"R",89,"R",524,"R",192,"R",6,"R",0,"R",0,"R",0
154925, 1,"R",1898,"R",107,"R",380,"R",1411,"R",41,"R",66,"Z",0,"Z",0,"R",0
154925, 2,"R",1898,"R",107,"R",380,"R",1411,"R",41,"R",66,"Z",0,"Z",0,"R",0
154925, 3,"R",1200,"R",104,"R",371,"R",725,"R",40,"R",64,"Z",0,"Z",0,"R",0
154925,11,"R",698,"R",3,"R",9,"R",686,"R",1,"R",2,"Z",0,"Z",0,"R",0
154934, 1,"R",1412,"R",435,"R",977,"R",0,"R",316,"Z",0,"Z",0,"R",0,"R",119
154934, 2,"R",1412,"R",435,"R",977,"R",0,"R",316,"Z",0,"Z",0,"R",0,"R",119
154934, 3,"R",886,"R",304,"R",582,"R",0,"R",190,"Z",0,"Z",0,"R",0,"R",114
154934,11,"R",526,"R",131,"R",395,"R",0,"R",126,"Z",0,"Z",0,"R",0,"R",5
154952, 1,"R",2664,"R",873,"R",701,"R",1090,"R",729,"R",142,"R",0,"R",2,"R",0
154952, 2,"R",2664,"R",873,"R",701,"R",1090,"R",729,"R",142,"R",0,"R",2,"R",0
154952, 3,"R",1958,"R",698,"R",615,"R",645,"R",568,"R",128,"R",0,"R",2,"R",0
154952,11,"R",706,"R",175,"R",86,"R",445,"R",161,"R",14,"R",0,"R",0,"R",0
154998, 1,"R",1548,"R",112,"R",244,"R",1192,"R",108,"R",3,"R",1,"R",0,"R",0
154998, 2,"R",1548,"R",112,"R",244,"R",1192,"R",108,"R",3,"R",1,"R",0,"R",0
154998, 3,"R",965,"R",28,"R",162,"R",775,"R",27,"R",1,"R",0,"R",0,"R",0
154998,11,"R",583,"R",84,"R",82,"R",417,"R",81,"R",2,"R",1,"R",0,"R",0
155007, 1,"R",364,"R",1,"R",23,"R",340,"R",1,"R",0,"R",0,"R",0,"R",0
155007, 2,"R",364,"R",1,"R",23,"R",340,"R",1,"R",0,"R",0,"R",0,"R",0
155007, 3,"R",304,"R",1,"R",22,"R",281,"R",1,"R",0,"R",0,"R",0,"R",0
155007,11,"R",60,"R",0,"R",1,"R",59,"A",,"A",,"A",,"A",,"A",
155025, 1,"R",5796,"R",1995,"R",1169,"R",2632,"R",1356,"R",619,"R",8,"R",1,"R",11
155025, 2,"R",3569,"R",180,"R",1006,"R",2383,"R",151,"R",19,"R",0,"R",1,"R",9
155025, 3,"R",3447,"R",179,"R",1003,"R",2265,"R",150,"R",19,"R",0,"R",1,"R",9
155025,11,"R",122,"R",1,"R",3,"R",118,"R",1,"R",0,"R",0,"R",0,"R",0
155025,12,"R",2227,"R",1815,"R",163,"R",249,"R",1205,"R",600,"R",8,"R",0,"R",2
155052, 1,"R",1425,"R",119,"R",143,"R",1163,"R",109,"R",10,"R",0,"R",0,"R",0
155052, 2,"R",1425,"R",119,"R",143,"R",1163,"R",109,"R",10,"R",0,"R",0,"R",0
155052, 3,"R",395,"R",41,"R",112,"R",242,"R",33,"R",8,"R",0,"R",0,"R",0
155052,11,"R",1030,"R",78,"R",31,"R",921,"R",76,"R",2,"R",0,"R",0,"R",0
155061, 1,"R",15523,"R",11012,"R",1864,"R",2647,"R",4254,"R",2722,"Z",0,"R",4035,"R",1
155061, 2,"R",12780,"R",8608,"R",1751,"R",2421,"R",2625,"R",1962,"Z",0,"R",4020,"R",1
155061, 3,"R",12456,"R",8412,"R",1714,"R",2330,"R",2467,"R",1926,"Z",0,"R",4018,"R",1
155061,11,"R",324,"R",196,"R",37,"R",91,"R",158,"R",36,"Z",0,"R",2,"R",0
155061,12,"R",2743,"R",2404,"R",113,"R",226,"R",1629,"R",760,"Z",0,"R",15,"R",0
155070, 1,"R",243,"R",76,"R",4,"R",163,"R",17,"R",56,"Z",0,"R",3,"R",0
155070, 2,"R",213,"R",47,"R",3,"R",163,"R",12,"R",35,"Z",0,"Z",0,"R",0
155070, 3,"R",213,"R",47,"R",3,"R",163,"R",12,"R",35,"Z",0,"Z",0,"R",0
155070,12,"R",30,"R",29,"R",1,"R",0,"R",5,"R",21,"Z",0,"R",3,"R",0
155089, 1,"R",1926,"R",343,"R",398,"R",1185,"R",287,"R",53,"R",0,"R",3,"R",0
155089, 2,"R",1356,"R",186,"R",265,"R",905,"R",166,"R",19,"R",0,"R",1,"R",0
155089, 3,"R",1071,"R",186,"R",264,"R",621,"R",166,"R",19,"R",0,"R",1,"R",0
155089,11,"R",285,"R",0,"R",1,"R",284,"A",,"A",,"A",,"A",,"A",
155089,12,"R",570,"R",157,"R",133,"R",280,"R",121,"R",34,"R",0,"R",2,"R",0
155098, 1,"R",1868,"R",165,"R",343,"R",1360,"R",137,"R",28,"R",0,"R",0,"R",0
155098, 2,"R",1868,"R",165,"R",343,"R",1360,"R",137,"R",28,"R",0,"R",0,"R",0
155098, 3,"R",1152,"R",140,"R",335,"R",677,"R",112,"R",28,"R",0,"R",0,"R",0
155098,11,"R",716,"R",25,"R",8,"R",683,"R",25,"R",0,"R",0,"R",0,"R",0
155104, 1,"R",1917,"R",188,"R",473,"R",1256,"R",130,"R",56,"R",0,"R",2,"R",0
155104, 2,"R",1917,"R",188,"R",473,"R",1256,"R",130,"R",56,"R",0,"R",2,"R",0
155104, 3,"R",1485,"R",161,"R",468,"R",856,"R",115,"R",44,"R",0,"R",2,"R",0
155104,11,"R",432,"R",27,"R",5,"R",400,"R",15,"R",12,"R",0,"R",0,"R",0
155140, 1,"R",733,"A",,"A",,"R",733,"A",,"A",,"A",,"A",,"A",
155140, 2,"R",733,"A",,"A",,"R",733,"A",,"A",,"A",,"A",,"A",
155140, 3,"R",730,"A",,"A",,"R",730,"A",,"A",,"A",,"A",,"A",
155140,11,"R",3,"A",,"A",,"R",3,"A",,"A",,"A",,"A",,"A",
155159, 1,"R",67,"A",,"A",,"R",67,"A",,"A",,"A",,"A",,"A",
155159, 2,"R",67,"A",,"A",,"R",67,"A",,"A",,"A",,"A",,"A",
155177, 1,"R",419,"A",,"A",,"R",419,"A",,"A",,"A",,"A",,"A",
155177, 2,"R",419,"A",,"A",,"R",419,"A",,"A",,"A",,"A",,"A",
155177, 3,"R",419,"A",,"A",,"R",419,"A",,"A",,"A",,"A",,"A",
155186, 1,"R",3109,"R",848,"R",505,"R",1756,"R",691,"R",157,"R",0,"R",0,"R",0
155186, 2,"R",3109,"R",848,"R",505,"R",1756,"R",691,"R",157,"R",0,"R",0,"R",0
155186, 3,"R",1730,"R",371,"R",365,"R",994,"R",290,"R",81,"R",0,"R",0,"R",0
155186,11,"R",1379,"R",477,"R",140,"R",762,"R",401,"R",76,"R",0,"R",0,"R",0
155195, 1,"R",5574,"R",1150,"R",972,"R",3452,"R",953,"R",194,"R",0,"R",3,"R",0
155195, 2,"R",5574,"R",1150,"R",972,"R",3452,"R",953,"R",194,"R",0,"R",3,"R",0
155195, 3,"R",3442,"R",1016,"R",952,"R",1474,"R",840,"R",175,"R",0,"R",1,"R",0
155195,11,"R",2132,"R",134,"R",20,"R",1978,"R",113,"R",19,"R",0,"R",2,"R",0
155201, 1,"R",910,"R",99,"R",176,"R",635,"R",89,"R",10,"R",0,"R",0,"R",0
155201, 2,"R",910,"R",99,"R",176,"R",635,"R",89,"R",10,"R",0,"R",0,"R",0
155201, 3,"R",565,"R",64,"R",156,"R",345,"R",56,"R",8,"R",0,"R",0,"R",0
155201,11,"R",345,"R",35,"R",20,"R",290,"R",33,"R",2,"R",0,"R",0,"R",0
155210, 1,"R",18373,"R",2481,"R",3195,"R",12697,"R",2063,"R",242,"Z",0,"Z",0,"R",176
155210, 2,"R",18373,"R",2481,"R",3195,"R",12697,"R",2063,"R",242,"Z",0,"Z",0,"R",176
155210, 3,"R",11007,"R",1639,"R",2682,"R",6686,"R",1363,"R",163,"Z",0,"Z",0,"R",113
155210,11,"R",7366,"R",842,"R",513,"R",6011,"R",700,"R",79,"Z",0,"Z",0,"R",63
155283, 1,"R",606,"R",43,"Z",0,"R",563,"R",3,"R",40,"Z",0,"Z",0,"R",0
155283, 2,"R",606,"R",43,"Z",0,"R",563,"R",3,"R",40,"Z",0,"Z",0,"R",0
155283, 3,"R",606,"R",43,"Z",0,"R",563,"R",3,"R",40,"Z",0,"Z",0,"R",0
155292, 1,"R",5885,"R",753,"R",1124,"R",4008,"R",631,"R",122,"R",0,"Z",0,"R",0
155292, 2,"R",5885,"R",753,"R",1124,"R",4008,"R",631,"R",122,"R",0,"Z",0,"R",0
155292, 3,"R",4027,"R",608,"R",1048,"R",2371,"R",520,"R",88,"R",0,"Z",0,"R",0
155292,11,"R",1858,"R",145,"R",76,"R",1637,"R",111,"R",34,"R",0,"Z",0,"R",0
155308, 1,"R",151,"R",54,"R",4,"R",93,"R",8,"R",46,"Z",0,"Z",0,"R",0
155308, 2,"R",151,"R",54,"R",4,"R",93,"R",8,"R",46,"Z",0,"Z",0,"R",0
155308, 3,"R",151,"R",54,"R",4,"R",93,"R",8,"R",46,"Z",0,"Z",0,"R",0
155317, 1,"R",27690,"R",2041,"R",5228,"R",20421,"R",1075,"R",944,"R",0,"R",22,"R",0
155317, 2,"R",19596,"R",580,"R",4615,"R",14401,"R",441,"R",138,"R",0,"R",1,"R",0
155317, 3,"R",19135,"R",563,"R",4609,"R",13963,"R",428,"R",134,"R",0,"R",1,"R",0
155317,11,"R",461,"R",17,"R",6,"R",438,"R",13,"R",4,"R",0,"R",0,"R",0
155317,12,"R",8094,"R",1461,"R",613,"R",6020,"R",634,"R",806,"R",0,"R",21,"R",0
155335, 1,"R",3373,"R",290,"R",523,"R",2560,"R",260,"R",30,"Z",0,"Z",0,"R",0
155335, 2,"R",2766,"R",26,"R",493,"R",2247,"R",23,"R",3,"Z",0,"Z",0,"R",0
155335, 3,"R",1073,"R",26,"R",491,"R",556,"R",23,"R",3,"Z",0,"Z",0,"R",0
155335,11,"R",1693,"R",0,"R",2,"R",1691,"A",,"A",,"A",,"A",,"A",
155335,12,"R",607,"R",264,"R",30,"R",313,"R",237,"R",27,"Z",0,"Z",0,"R",0
155353, 1,"R",35,"A",,"A",,"R",35,"A",,"A",,"A",,"A",,"A",
155353, 2,"R",35,"A",,"A",,"R",35,"A",,"A",,"A",,"A",,"A",
155399, 1,"R",22221,"R",2070,"R",3564,"R",16587,"R",972,"R",1058,"R",0,"R",37,"R",3
155399, 2,"R",17869,"R",798,"R",3242,"R",13829,"R",392,"R",391,"R",0,"R",12,"R",3
155399, 3,"R",17611,"R",694,"R",3238,"R",13679,"R",360,"R",323,"R",0,"R",11,"R",0
155399,11,"R",258,"R",104,"R",4,"R",150,"R",32,"R",68,"R",0,"R",1,"R",3
155399,12,"R",4352,"R",1272,"R",322,"R",2758,"R",580,"R",667,"R",0,"R",25,"R",0
155414, 1,"R",742,"R",81,"R",167,"R",494,"R",34,"Z",0,"R",1,"Z",0,"R",46
155414, 2,"R",668,"R",17,"R",165,"R",486,"R",6,"Z",0,"Z",0,"Z",0,"R",11
155414, 3,"R",651,"R",16,"R",165,"R",470,"R",5,"Z",0,"Z",0,"Z",0,"R",11
155414,11,"R",17,"R",1,"Z",0,"R",16,"R",1,"Z",0,"Z",0,"Z",0,"R",0
155414,12,"R",74,"R",64,"R",2,"R",8,"R",28,"Z",0,"R",1,"Z",0,"R",35
155423, 1,"R",1417,"R",33,"R",9,"R",1375,"R",33,"Z",0,"Z",0,"Z",0,"R",0
155423, 2,"R",1417,"R",33,"R",9,"R",1375,"R",33,"Z",0,"Z",0,"Z",0,"R",0
155423, 3,"R",1398,"R",14,"R",9,"R",1375,"R",14,"Z",0,"Z",0,"Z",0,"R",0
155423,11,"R",19,"R",19,"Z",0,"R",0,"R",19,"Z",0,"Z",0,"Z",0,"R",0
155450, 1,"R",2178,"R",37,"R",326,"R",1815,"R",36,"R",0,"R",0,"R",1,"R",0
155450, 2,"R",2178,"R",37,"R",326,"R",1815,"R",36,"R",0,"R",0,"R",1,"R",0
155450, 3,"R",1620,"R",28,"R",314,"R",1278,"R",28,"R",0,"R",0,"R",0,"R",0
155450,11,"R",558,"R",9,"R",12,"R",537,"R",8,"R",0,"R",0,"R",1,"R",0
155487, 1,"R",777,"R",22,"R",148,"R",607,"R",22,"R",0,"R",0,"R",0,"R",0
155487, 2,"R",777,"R",22,"R",148,"R",607,"R",22,"R",0,"R",0,"R",0,"R",0
155487, 3,"R",435,"R",19,"R",139,"R",277,"R",19,"R",0,"R",0,"R",0,"R",0
155487,11,"R",342,"R",3,"R",9,"R",330,"R",3,"R",0,"R",0,"R",0,"R",0
155496, 1,"R",232,"R",12,"R",0,"R",220,"R",5,"R",7,"R",0,"R",0,"R",0
155496, 2,"R",232,"R",12,"R",0,"R",220,"R",5,"R",7,"R",0,"R",0,"R",0
155496, 3,"R",225,"R",12,"R",0,"R",213,"R",5,"R",7,"R",0,"R",0,"R",0
155496,11,"R",7,"R",0,"R",0,"R",7,"A",,"A",,"A",,"A",,"A",
155511, 1,"R",819,"R",0,"R",34,"R",785,"A",,"A",,"A",,"A",,"A",
155511, 2,"R",772,"R",0,"R",34,"R",738,"A",,"A",,"A",,"A",,"A",
155511, 3,"R",716,"R",0,"R",34,"R",682,"A",,"A",,"A",,"A",,"A",
155511,11,"R",56,"R",0,"R",0,"R",56,"A",,"A",,"A",,"A",,"A",
155511,12,"R",47,"A",,"A",,"R",47,"A",,"A",,"A",,"A",,"A",
155520, 1,"R",1875,"R",350,"R",258,"R",1267,"R",229,"R",121,"Z",0,"Z",0,"R",0
155520, 2,"R",1306,"R",107,"R",202,"R",997,"R",70,"R",37,"Z",0,"Z",0,"R",0
155520, 3,"R",1160,"R",107,"R",202,"R",851,"R",70,"R",37,"Z",0,"Z",0,"R",0
155520,11,"R",146,"Z",0,"Z",0,"R",146,"A",,"A",,"A",,"A",,"A",
155520,12,"R",569,"R",243,"R",56,"R",270,"R",159,"R",84,"Z",0,"Z",0,"R",0
155566, 1,"R",1968,"R",210,"R",635,"R",1123,"R",201,"R",9,"R",0,"R",0,"R",0
155566, 2,"R",1968,"R",210,"R",635,"R",1123,"R",201,"R",9,"R",0,"R",0,"R",0
155566, 3,"R",1137,"R",134,"R",549,"R",454,"R",125,"R",9,"R",0,"R",0,"R",0
155566,11,"R",831,"R",76,"R",86,"R",669,"R",76,"R",0,"R",0,"R",0,"R",0
155593, 1,"R",790,"R",70,"R",38,"R",682,"R",68,"R",2,"R",0,"R",0,"R",0
155593, 2,"R",790,"R",70,"R",38,"R",682,"R",68,"R",2,"R",0,"R",0,"R",0
155593, 3,"R",477,"R",17,"R",27,"R",433,"R",17,"R",0,"R",0,"R",0,"R",0
155593,11,"R",313,"R",53,"R",11,"R",249,"R",51,"R",2,"R",0,"R",0,"R",0
155618, 1,"R",821,"R",14,"R",53,"R",754,"R",12,"R",2,"Z",0,"Z",0,"R",0
155618, 2,"R",821,"R",14,"R",53,"R",754,"R",12,"R",2,"Z",0,"Z",0,"R",0
155618, 3,"R",400,"R",3,"R",45,"R",352,"R",1,"R",2,"Z",0,"Z",0,"R",0
155618,11,"R",421,"R",11,"R",8,"R",402,"R",11,"Z",0,"Z",0,"Z",0,"R",0
155627, 1,"R",754,"R",17,"R",737,"R",0,"R",10,"R",7,"R",0,"R",0,"R",0
155627, 2,"R",706,"R",2,"R",704,"R",0,"R",1,"R",1,"R",0,"R",0,"R",0
155627, 3,"R",706,"R",2,"R",704,"R",0,"R",1,"R",1,"R",0,"R",0,"R",0
155627,12,"R",48,"R",15,"R",33,"R",0,"R",9,"R",6,"R",0,"R",0,"R",0
155636, 1,"R",493,"R",379,"R",114,"R",0,"R",289,"R",86,"R",3,"R",1,"R",0
155636, 2,"R",328,"R",293,"R",35,"R",0,"R",234,"R",56,"R",2,"R",1,"R",0
155636, 3,"R",316,"R",285,"R",31,"R",0,"R",228,"R",54,"R",2,"R",1,"R",0
155636,11,"R",12,"R",8,"R",4,"R",0,"R",6,"R",2,"R",0,"R",0,"R",0
155636,12,"R",165,"R",86,"R",79,"R",0,"R",55,"R",30,"R",1,"R",0,"R",0
155681, 1,"R",6625,"R",742,"R",1922,"R",3961,"R",535,"R",199,"Z",0,"Z",0,"R",8
155681, 2,"R",5402,"R",126,"R",1620,"R",3656,"R",98,"R",28,"Z",0,"Z",0,"R",0
155681, 3,"R",5067,"R",122,"R",1602,"R",3343,"R",94,"R",28,"Z",0,"Z",0,"R",0
155681,11,"R",335,"R",4,"R",18,"R",313,"R",4,"Z",0,"Z",0,"Z",0,"R",0
155681,12,"R",1223,"R",616,"R",302,"R",305,"R",437,"R",171,"Z",0,"Z",0,"R",8
155715, 1,"R",1234,"R",316,"R",109,"R",809,"R",158,"R",158,"R",0,"R",0,"R",0
155715, 2,"R",1234,"R",316,"R",109,"R",809,"R",158,"R",158,"R",0,"R",0,"R",0
155715, 3,"R",633,"R",66,"R",50,"R",517,"R",43,"R",23,"R",0,"R",0,"R",0
155715,11,"R",601,"R",250,"R",59,"R",292,"R",115,"R",135,"R",0,"R",0,"R",0
155812, 1,"R",1254,"R",268,"R",23,"R",963,"R",51,"R",209,"R",0,"R",8,"R",0
155812, 2,"R",732,"R",34,"R",13,"R",685,"R",7,"R",26,"R",0,"R",1,"R",0
155812, 3,"R",732,"R",34,"R",13,"R",685,"R",7,"R",26,"R",0,"R",1,"R",0
155812,12,"R",522,"R",234,"R",10,"R",278,"R",44,"R",183,"R",0,"R",7,"R",0
155830, 1,"R",856,"R",35,"R",139,"R",682,"R",34,"R",1,"R",0,"R",0,"R",0
155830, 2,"R",856,"R",35,"R",139,"R",682,"R",34,"R",1,"R",0,"R",0,"R",0
155830, 3,"R",299,"R",18,"R",78,"R",203,"R",18,"R",0,"R",0,"R",0,"R",0
155830,11,"R",557,"R",17,"R",61,"R",479,"R",16,"R",1,"R",0,"R",0,"R",0
155858, 1,"R",1870,"R",155,"R",127,"R",1588,"R",97,"R",58,"Z",0,"Z",0,"R",0
155858, 2,"R",1870,"R",155,"R",127,"R",1588,"R",97,"R",58,"Z",0,"Z",0,"R",0
155858, 3,"R",1095,"R",123,"R",87,"R",885,"R",68,"R",55,"Z",0,"Z",0,"R",0
155858,11,"R",775,"R",32,"R",40,"R",703,"R",29,"R",3,"Z",0,"Z",0,"R",0
155900, 1,"R",1514,"R",866,"R",13,"R",635,"R",312,"R",508,"R",1,"R",45,"R",0
155900, 2,"R",1346,"R",723,"R",9,"R",614,"R",231,"R",450,"R",0,"R",42,"R",0
155900, 3,"R",1314,"R",695,"R",9,"R",610,"R",216,"R",437,"R",0,"R",42,"R",0
155900,11,"R",32,"R",28,"R",0,"R",4,"R",15,"R",13,"R",0,"R",0,"R",0
155900,12,"R",168,"R",143,"R",4,"R",21,"R",81,"R",58,"R",1,"R",3,"R",0
155937, 1,"R",651,"R",24,"Z",0,"R",627,"R",18,"R",6,"R",0,"R",0,"R",0
155937, 2,"R",648,"R",24,"Z",0,"R",624,"R",18,"R",6,"R",0,"R",0,"R",0
155937, 3,"R",568,"R",24,"Z",0,"R",544,"R",18,"R",6,"R",0,"R",0,"R",0
155937,11,"R",80,"Z",0,"Z",0,"R",80,"A",,"A",,"A",,"A",,"A",
155937,12,"R",3,"R",0,"Z",0,"R",3,"A",,"A",,"A",,"A",,"A",
155973, 1,"R",713,"R",138,"Z",0,"R",575,"R",117,"R",21,"Z",0,"Z",0,"R",0
155973, 2,"R",656,"R",82,"Z",0,"R",574,"R",76,"R",6,"Z",0,"Z",0,"R",0
155973, 3,"R",600,"R",46,"Z",0,"R",554,"R",44,"R",2,"Z",0,"Z",0,"R",0
155973,11,"R",56,"R",36,"Z",0,"R",20,"R",32,"R",4,"Z",0,"Z",0,"R",0
155973,12,"R",57,"R",56,"Z",0,"R",1,"R",41,"R",15,"Z",0,"Z",0,"R",0
156082, 1,"R",6571,"R",756,"R",1671,"R",4144,"R",568,"R",182,"R",0,"R",6,"R",0
156082, 2,"R",5719,"R",507,"R",1540,"R",3672,"R",402,"R",102,"R",0,"R",3,"R",0
156082, 3,"R",4767,"R",489,"R",1518,"R",2760,"R",385,"R",101,"R",0,"R",3,"R",0
156082,11,"R",952,"R",18,"R",22,"R",912,"R",17,"R",1,"R",0,"R",0,"R",0
156082,12,"R",852,"R",249,"R",131,"R",472,"R",166,"R",80,"R",0,"R",3,"R",0
156107, 1,"R",4596,"R",589,"R",1207,"R",2800,"R",580,"R",9,"Z",0,"Z",0,"R",0
156107, 2,"R",4596,"R",589,"R",1207,"R",2800,"R",580,"R",9,"Z",0,"Z",0,"R",0
156107, 3,"R",2632,"R",364,"R",967,"R",1301,"R",361,"R",3,"Z",0,"Z",0,"R",0
156107,11,"R",1964,"R",225,"R",240,"R",1499,"R",219,"R",6,"Z",0,"Z",0,"R",0
156125, 1,"R",15778,"R",2588,"R",7117,"R",6073,"R",0,"R",0,"R",0,"R",0,"R",2588
156125, 2,"R",13006,"R",2016,"R",5855,"R",5135,"R",0,"R",0,"R",0,"R",0,"R",2016
156125, 3,"R",11148,"R",1234,"R",5819,"R",4095,"R",0,"R",0,"R",0,"R",0,"R",1234
156125,11,"R",1858,"R",782,"R",36,"R",1040,"R",0,"R",0,"R",0,"R",0,"R",782
156125,12,"R",2772,"R",572,"R",1262,"R",938,"R",0,"R",0,"R",0,"R",0,"R",572
156134, 1,"R",778,"A",,"A",,"R",778,"A",,"A",,"A",,"A",,"A",
156134, 2,"R",778,"A",,"A",,"R",778,"A",,"A",,"A",,"A",,"A",
156134, 3,"R",778,"A",,"A",,"R",778,"A",,"A",,"A",,"A",,"A",
156189, 1,"R",644,"A",,"A",,"R",644,"A",,"A",,"A",,"A",,"A",
156189, 2,"R",644,"A",,"A",,"R",644,"A",,"A",,"A",,"A",,"A",
156189, 3,"R",644,"A",,"A",,"R",644,"A",,"A",,"A",,"A",,"A",
156213, 1,"R",1940,"R",683,"R",141,"R",1116,"R",372,"R",308,"Z",0,"R",3,"R",0
156213, 2,"R",1697,"R",451,"R",141,"R",1105,"R",203,"R",247,"Z",0,"R",1,"R",0
156213, 3,"R",1596,"R",443,"R",113,"R",1040,"R",196,"R",246,"Z",0,"R",1,"R",0
156213,11,"R",101,"R",8,"R",28,"R",65,"R",7,"R",1,"Z",0,"R",0,"R",0
156213,12,"R",243,"R",232,"R",0,"R",11,"R",169,"R",61,"Z",0,"R",2,"R",0
156222, 1,"R",1690,"R",416,"R",470,"R",804,"R",39,"R",314,"R",0,"R",63,"R",0
156222,12,"R",1690,"R",416,"R",470,"R",804,"R",39,"R",314,"R",0,"R",63,"R",0
156231, 1,"R",2542,"R",615,"R",850,"R",1077,"R",529,"R",86,"R",0,"R",0,"R",0
156231, 2,"R",2542,"R",615,"R",850,"R",1077,"R",529,"R",86,"R",0,"R",0,"R",0
156231, 3,"R",2007,"R",493,"R",813,"R",701,"R",425,"R",68,"R",0,"R",0,"R",0
156231,11,"R",535,"R",122,"R",37,"R",376,"R",104,"R",18,"R",0,"R",0,"R",0
156277, 1,"R",51,"A",,"A",,"R",51,"A",,"A",,"A",,"A",,"A",
156277, 2,"R",51,"A",,"A",,"R",51,"A",,"A",,"A",,"A",,"A",
156286, 1,"R",3369,"R",116,"R",171,"R",3082,"R",103,"R",12,"Z",0,"R",1,"R",0
156286, 2,"R",2552,"R",4,"R",148,"R",2400,"R",3,"R",1,"Z",0,"Z",0,"R",0
156286, 3,"R",2488,"R",3,"R",147,"R",2338,"R",2,"R",1,"Z",0,"Z",0,"R",0
156286,11,"R",64,"R",1,"R",1,"R",62,"R",1,"Z",0,"Z",0,"Z",0,"R",0
156286,12,"R",817,"R",112,"R",23,"R",682,"R",100,"R",11,"Z",0,"R",1,"R",0
156295, 1,"R",1673,"A",,"A",,"R",1673,"A",,"A",,"A",,"A",,"A",
156295, 2,"R",1673,"A",,"A",,"R",1673,"A",,"A",,"A",,"A",,"A",
156295, 3,"R",1630,"A",,"A",,"R",1630,"A",,"A",,"A",,"A",,"A",
156295,11,"R",43,"A",,"A",,"R",43,"A",,"A",,"A",,"A",,"A",
156310, 1,"R",217,"A",,"A",,"R",217,"A",,"A",,"A",,"A",,"A",
156310, 2,"R",217,"A",,"A",,"R",217,"A",,"A",,"A",,"A",,"A",
156338, 1,"R",4482,"R",564,"R",1114,"R",2804,"R",554,"R",9,"R",0,"R",1,"R",0
156338, 2,"R",4482,"R",564,"R",1114,"R",2804,"R",554,"R",9,"R",0,"R",1,"R",0
156338, 3,"R",3129,"R",506,"R",1103,"R",1520,"R",498,"R",7,"R",0,"R",1,"R",0
156338,11,"R",1353,"R",58,"R",11,"R",1284,"R",56,"R",2,"R",0,"R",0,"R",0
156356, 1,"R",1015,"R",443,"Z",0,"R",572,"R",118,"R",321,"R",2,"R",2,"R",0
156356, 2,"R",952,"R",396,"Z",0,"R",556,"R",101,"R",291,"R",2,"R",2,"R",0
156356, 3,"R",918,"R",386,"Z",0,"R",532,"R",92,"R",291,"R",1,"R",2,"R",0
156356,11,"R",34,"R",10,"Z",0,"R",24,"R",9,"Z",0,"R",1,"Z",0,"R",0
156356,12,"R",63,"R",47,"Z",0,"R",16,"R",17,"R",30,"Z",0,"Z",0,"R",0
156365, 1,"R",11470,"R",1361,"R",7332,"R",2777,"R",1092,"R",258,"R",0,"R",11,"R",0
156365, 2,"R",4020,"R",529,"R",943,"R",2548,"R",451,"R",74,"R",0,"R",4,"R",0
156365, 3,"R",2522,"R",432,"R",881,"R",1209,"R",356,"R",72,"R",0,"R",4,"R",0
156365,11,"R",1498,"R",97,"R",62,"R",1339,"R",95,"R",2,"R",0,"R",0,"R",0
156365,12,"R",7450,"R",832,"R",6389,"R",229,"R",641,"R",184,"R",0,"R",7,"R",0
156392, 1,"R",9525,"R",2360,"R",2612,"R",4553,"R",2308,"R",48,"R",0,"R",4,"R",0
156392, 2,"R",9525,"R",2360,"R",2612,"R",4553,"R",2308,"R",48,"R",0,"R",4,"R",0
156392, 3,"R",7999,"R",2029,"R",2551,"R",3419,"R",1992,"R",33,"R",0,"R",4,"R",0
156392,11,"R",1526,"R",331,"R",61,"R",1134,"R",316,"R",15,"R",0,"R",0,"R",0
156408, 1,"R",1434,"A",,"A",,"R",1434,"A",,"A",,"A",,"A",,"A",
156408, 2,"R",1434,"A",,"A",,"R",1434,"A",,"A",,"A",,"A",,"A",
156408, 3,"R",1425,"A",,"A",,"R",1425,"A",,"A",,"A",,"A",,"A",
156408,11,"R",9,"A",,"A",,"R",9,"A",,"A",,"A",,"A",,"A",
156417, 1,"R",131,"R",84,"R",22,"R",25,"R",44,"R",40,"R",0,"R",0,"R",0
156417, 2,"R",131,"R",84,"R",22,"R",25,"R",44,"R",40,"R",0,"R",0,"R",0
156417, 3,"R",110,"R",66,"R",21,"R",23,"R",33,"R",33,"R",0,"R",0,"R",0
156417,11,"R",21,"R",18,"R",1,"R",2,"R",11,"R",7,"R",0,"R",0,"R",0
156426, 1,"R",193,"A",,"A",,"R",193,"A",,"A",,"A",,"A",,"A",
156426, 2,"R",193,"A",,"A",,"R",193,"A",,"A",,"A",,"A",,"A",
156471, 1,"R",1954,"R",659,"R",682,"R",613,"R",176,"R",483,"R",0,"R",0,"R",0
156471, 2,"R",1954,"R",659,"R",682,"R",613,"R",176,"R",483,"R",0,"R",0,"R",0
156471, 3,"R",1954,"R",659,"R",682,"R",613,"R",176,"R",483,"R",0,"R",0,"R",0
156541, 1,"R",13472,"R",6473,"R",5046,"R",1953,"R",3785,"R",2675,"R",6,"R",7,"R",0
156541, 2,"R",3262,"R",1072,"R",237,"R",1953,"R",878,"R",187,"R",0,"R",7,"R",0
156541, 3,"R",2408,"R",1057,"R",236,"R",1115,"R",863,"R",187,"R",0,"R",7,"R",0
156541,11,"R",854,"R",15,"R",1,"R",838,"R",15,"R",0,"R",0,"R",0,"R",0
156541,12,"R",10210,"R",5401,"R",4809,"R",0,"R",2907,"R",2488,"R",6,"Z",0,"R",0
156620, 1,"R",15815,"R",3578,"R",3554,"R",8683,"R",2488,"R",1074,"R",0,"R",16,"R",0
156620, 2,"R",13398,"R",2175,"R",3138,"R",8085,"R",1557,"R",611,"R",0,"R",7,"R",0
156620, 3,"R",12246,"R",1891,"R",3010,"R",7345,"R",1278,"R",606,"R",0,"R",7,"R",0
156620,11,"R",1152,"R",284,"R",128,"R",740,"R",279,"R",5,"R",0,"R",0,"R",0
156620,12,"R",2417,"R",1403,"R",416,"R",598,"R",931,"R",463,"R",0,"R",9,"R",0
156648, 1,"R",6399,"R",1461,"R",1813,"R",3125,"R",1423,"R",37,"R",0,"R",1,"R",0
156648, 2,"R",6399,"R",1461,"R",1813,"R",3125,"R",1423,"R",37,"R",0,"R",1,"R",0
156648, 3,"R",4128,"R",1183,"R",1578,"R",1367,"R",1153,"R",29,"R",0,"R",1,"R",0
156648,11,"R",2271,"R",278,"R",235,"R",1758,"R",270,"R",8,"R",0,"R",0,"R",0
156727, 1,"R",2140,"R",2140,"A",,"A",,"R",116,"R",2020,"Z",0,"R",4,"R",0
156727,12,"R",2140,"R",2140,"A",,"A",,"R",116,"R",2020,"Z",0,"R",4,"R",0
156745, 1,"R",1608,"R",648,"R",45,"R",915,"R",621,"R",27,"Z",0,"Z",0,"R",0
156745, 2,"R",961,"R",1,"R",45,"R",915,"R",1,"Z",0,"Z",0,"Z",0,"R",0
156745, 3,"R",961,"R",1,"R",45,"R",915,"R",1,"Z",0,"Z",0,"Z",0,"R",0
156745,12,"R",647,"R",647,"Z",0,"R",0,"R",620,"R",27,"Z",0,"Z",0,"R",0
156754, 1,"R",32,"A",,"A",,"R",32,"A",,"A",,"A",,"A",,"A",
156754, 2,"R",32,"A",,"A",,"R",32,"A",,"A",,"A",,"A",,"A",
156790, 1,"R",3185,"R",851,"R",668,"R",1666,"R",841,"R",9,"R",0,"R",1,"R",0
156790, 2,"R",3185,"R",851,"R",668,"R",1666,"R",841,"R",9,"R",0,"R",1,"R",0
156790, 3,"R",1613,"R",634,"R",539,"R",440,"R",629,"R",5,"R",0,"R",0,"R",0
156790,11,"R",1572,"R",217,"R",129,"R",1226,"R",212,"R",4,"R",0,"R",1,"R",0
156842, 1,"R",154,"A",,"A",,"R",154,"A",,"A",,"A",,"A",,"A",
156842, 2,"R",154,"A",,"A",,"R",154,"A",,"A",,"A",,"A",,"A",
156851, 1,"R",1586,"R",336,"R",427,"R",823,"R",306,"R",30,"R",0,"R",0,"R",0
156851, 2,"R",1586,"R",336,"R",427,"R",823,"R",306,"R",30,"R",0,"R",0,"R",0
156851, 3,"R",1004,"R",269,"R",390,"R",345,"R",240,"R",29,"R",0,"R",0,"R",0
156851,11,"R",582,"R",67,"R",37,"R",478,"R",66,"R",1,"R",0,"R",0,"R",0
156860, 1,"R",2748,"R",850,"R",885,"R",1013,"R",599,"R",248,"R",3,"R",0,"R",0
156860, 2,"R",2748,"R",850,"R",885,"R",1013,"R",599,"R",248,"R",3,"R",0,"R",0
156860, 3,"R",2131,"R",707,"R",780,"R",644,"R",460,"R",244,"R",3,"R",0,"R",0
156860,11,"R",617,"R",143,"R",105,"R",369,"R",139,"R",4,"R",0,"R",0,"R",0
156921, 1,"R",11699,"R",2600,"R",2423,"R",6676,"R",2481,"R",111,"R",0,"R",8,"R",0
156921, 2,"R",11699,"R",2600,"R",2423,"R",6676,"R",2481,"R",111,"R",0,"R",8,"R",0
156921, 3,"R",8932,"R",2251,"R",2260,"R",4421,"R",2147,"R",97,"R",0,"R",7,"R",0
156921,11,"R",2767,"R",349,"R",163,"R",2255,"R",334,"R",14,"R",0,"R",1,"R",0
156967, 1,"R",37,"A",,"A",,"R",37,"A",,"A",,"A",,"A",,"A",
156967, 2,"R",37,"A",,"A",,"R",37,"A",,"A",,"A",,"A",,"A",
157021, 1,"R",299,"R",0,"R",127,"R",172,"A",,"A",,"A",,"A",,"A",
157021, 2,"R",299,"R",0,"R",127,"R",172,"A",,"A",,"A",,"A",,"A",
157021, 3,"R",298,"R",0,"R",127,"R",171,"A",,"A",,"A",,"A",,"A",
157021,11,"R",1,"R",0,"R",0,"R",1,"A",,"A",,"A",,"A",,"A",
157030, 1,"R",71,"R",11,"R",6,"R",54,"R",4,"R",7,"R",0,"R",0,"R",0
157030, 2,"R",71,"R",11,"R",6,"R",54,"R",4,"R",7,"R",0,"R",0,"R",0
157030, 3,"R",65,"R",7,"R",6,"R",52,"R",1,"R",6,"R",0,"R",0,"R",0
157030,11,"R",6,"R",4,"R",0,"R",2,"R",3,"R",1,"Z",0,"Z",0,"R",0
157058, 1,"R",1769,"R",94,"R",606,"R",1069,"R",81,"R",12,"Z",0,"R",1,"R",0
157058, 2,"R",1654,"R",76,"R",591,"R",987,"R",67,"R",8,"Z",0,"R",1,"R",0
157058, 3,"R",1226,"R",72,"R",587,"R",567,"R",64,"R",8,"Z",0,"Z",0,"R",0
157058,11,"R",428,"R",4,"R",4,"R",420,"R",3,"Z",0,"Z",0,"R",1,"R",0
157058,12,"R",115,"R",18,"R",15,"R",82,"R",14,"R",4,"Z",0,"Z",0,"R",0
157076, 1,"R",830,"R",31,"R",135,"R",664,"R",26,"R",5,"R",0,"R",0,"R",0
157076, 2,"R",830,"R",31,"R",135,"R",664,"R",26,"R",5,"R",0,"R",0,"R",0
157076, 3,"R",783,"R",31,"R",135,"R",617,"R",26,"R",5,"R",0,"R",0,"R",0
157076,11,"R",47,"R",0,"R",0,"R",47,"A",,"A",,"A",,"A",,"A",
157085, 1,"R",29182,"R",1622,"R",5416,"R",22144,"R",1181,"R",426,"R",0,"R",15,"R",0
157085, 2,"R",22136,"R",309,"R",4831,"R",16996,"R",225,"R",84,"R",0,"R",0,"R",0
157085, 3,"R",21746,"R",295,"R",4819,"R",16632,"R",212,"R",83,"R",0,"R",0,"R",0
157085,11,"R",390,"R",14,"R",12,"R",364,"R",13,"R",1,"R",0,"R",0,"R",0
157085,12,"R",7046,"R",1313,"R",585,"R",5148,"R",956,"R",342,"R",0,"R",15,"R",0
157100, 1,"R",681,"R",146,"Z",0,"R",535,"R",93,"R",53,"Z",0,"Z",0,"R",0
157100, 2,"R",577,"R",42,"Z",0,"R",535,"R",31,"R",11,"Z",0,"Z",0,"R",0
157100, 3,"R",502,"R",42,"Z",0,"R",460,"R",31,"R",11,"Z",0,"Z",0,"R",0
157100,11,"R",75,"Z",0,"Z",0,"R",75,"A",,"A",,"A",,"A",,"A",
157100,12,"R",104,"R",104,"Z",0,"R",0,"R",62,"R",42,"Z",0,"Z",0,"R",0
157207, 1,"R",78,"R",11,"R",67,"R",0,"R",3,"R",8,"Z",0,"Z",0,"R",0
157207,12,"R",78,"R",11,"R",67,"R",0,"R",3,"R",8,"Z",0,"Z",0,"R",0
157216, 1,"R",2589,"R",396,"R",688,"R",1505,"R",291,"R",104,"R",0,"R",0,"R",1
157216, 2,"R",2040,"R",224,"R",580,"R",1236,"R",180,"R",43,"R",0,"R",0,"R",1
157216, 3,"R",1925,"R",215,"R",565,"R",1145,"R",172,"R",43,"R",0,"R",0,"R",0
157216,11,"R",115,"R",9,"R",15,"R",91,"R",8,"R",0,"R",0,"R",0,"R",1
157216,12,"R",549,"R",172,"R",108,"R",269,"R",111,"R",61,"R",0,"R",0,"R",0
157289, 1,"R",21430,"R",1907,"R",3004,"R",16519,"R",1183,"R",701,"R",3,"R",20,"R",0
157289, 2,"R",15641,"R",1005,"R",2656,"R",11980,"R",745,"R",252,"R",3,"R",5,"R",0
157289, 3,"R",14488,"R",946,"R",2639,"R",10903,"R",700,"R",238,"R",3,"R",5,"R",0
157289,11,"R",1153,"R",59,"R",17,"R",1077,"R",45,"R",14,"R",0,"R",0,"R",0
157289,12,"R",5789,"R",902,"R",348,"R",4539,"R",438,"R",449,"R",0,"R",15,"R",0
157298, 1,"R",143,"A",,"A",,"R",143,"A",,"A",,"A",,"A",,"A",
157298,12,"R",143,"A",,"A",,"R",143,"A",,"A",,"A",,"A",,"A",
157304, 1,"R",3546,"R",784,"R",665,"R",2097,"R",642,"R",142,"R",0,"R",0,"R",0
157304, 2,"R",3546,"R",784,"R",665,"R",2097,"R",642,"R",142,"R",0,"R",0,"R",0
157304, 3,"R",1888,"R",716,"R",585,"R",587,"R",574,"R",142,"R",0,"R",0,"R",0
157304,11,"R",1658,"R",68,"R",80,"R",1510,"R",68,"R",0,"R",0,"R",0,"R",0
157331, 1,"R",4189,"R",1026,"R",1057,"R",2106,"R",1004,"R",22,"R",0,"R",0,"R",0
157331, 2,"R",4189,"R",1026,"R",1057,"R",2106,"R",1004,"R",22,"R",0,"R",0,"R",0
157331, 3,"R",2338,"R",712,"R",933,"R",693,"R",694,"R",18,"R",0,"R",0,"R",0
157331,11,"R",1851,"R",314,"R",124,"R",1413,"R",310,"R",4,"R",0,"R",0,"R",0
157377, 1,"R",1260,"R",555,"R",450,"R",255,"R",512,"R",43,"R",0,"R",0,"R",0
157377, 2,"R",1048,"R",343,"R",450,"R",255,"R",325,"R",18,"R",0,"R",0,"R",0
157377, 3,"R",1036,"R",332,"R",450,"R",254,"R",315,"R",17,"R",0,"R",0,"R",0
157377,11,"R",12,"R",11,"R",0,"R",1,"R",10,"R",1,"R",0,"R",0,"R",0
157377,12,"R",212,"R",212,"R",0,"R",0,"R",187,"R",25,"R",0,"R",0,"R",0
157386, 1,"R",10195,"R",1489,"R",2999,"R",5707,"R",1349,"R",137,"Z",0,"R",3,"R",0
157386, 2,"R",9395,"R",842,"R",2898,"R",5655,"R",798,"R",43,"Z",0,"R",1,"R",0
157386, 3,"R",6253,"R",796,"R",2847,"R",2610,"R",754,"R",41,"Z",0,"R",1,"R",0
157386,11,"R",3142,"R",46,"R",51,"R",3045,"R",44,"R",2,"Z",0,"Z",0,"R",0
157386,12,"R",800,"R",647,"R",101,"R",52,"R",551,"R",94,"Z",0,"R",2,"R",0
157401, 1,"R",9454,"R",1184,"R",2557,"R",5713,"R",886,"R",286,"R",0,"R",12,"R",0
157401, 2,"R",8056,"R",622,"R",2303,"R",5131,"R",543,"R",77,"R",0,"R",2,"R",0
157401, 3,"R",6830,"R",562,"R",2205,"R",4063,"R",495,"R",67,"R",0,"R",0,"R",0
157401,11,"R",1226,"R",60,"R",98,"R",1068,"R",48,"R",10,"R",0,"R",2,"R",0
157401,12,"R",1398,"R",562,"R",254,"R",582,"R",343,"R",209,"R",0,"R",10,"R",0
157438, 1,"R",4093,"R",801,"R",954,"R",2338,"R",768,"R",33,"R",0,"R",0,"R",0
157438, 2,"R",4093,"R",801,"R",954,"R",2338,"R",768,"R",33,"R",0,"R",0,"R",0
157438, 3,"R",2885,"R",665,"R",854,"R",1366,"R",637,"R",28,"R",0,"R",0,"R",0
157438,11,"R",1208,"R",136,"R",100,"R",972,"R",131,"R",5,"R",0,"R",0,"R",0
157447, 1,"R",14764,"R",2740,"R",4827,"R",7197,"R",1859,"R",875,"R",0,"R",6,"R",0
157447, 2,"R",11914,"R",1364,"R",4462,"R",6088,"R",1003,"R",357,"R",0,"R",4,"R",0
157447, 3,"R",10201,"R",1118,"R",4362,"R",4721,"R",776,"R",339,"R",0,"R",3,"R",0
157447,11,"R",1713,"R",246,"R",100,"R",1367,"R",227,"R",18,"R",0,"R",1,"R",0
157447,12,"R",2850,"R",1376,"R",365,"R",1109,"R",856,"R",518,"R",0,"R",2,"R",0
157483, 1,"R",6193,"R",1152,"R",1314,"R",3727,"R",1043,"R",106,"R",0,"R",3,"R",0
157483, 2,"R",6193,"R",1152,"R",1314,"R",3727,"R",1043,"R",106,"R",0,"R",3,"R",0
157483, 3,"R",3577,"R",886,"R",1196,"R",1495,"R",804,"R",80,"R",0,"R",2,"R",0
157483,11,"R",2616,"R",266,"R",118,"R",2232,"R",239,"R",26,"R",0,"R",1,"R",0
157535, 1,"R",2317,"R",93,"R",356,"R",1868,"R",79,"R",14,"R",0,"R",0,"R",0
157535, 2,"R",1499,"R",29,"R",324,"R",1146,"R",27,"R",2,"R",0,"R",0,"R",0
157535, 3,"R",1082,"R",29,"R",324,"R",729,"R",27,"R",2,"R",0,"R",0,"R",0
157535,11,"R",417,"R",0,"R",0,"R",417,"A",,"A",,"A",,"A",,"A",
157535,12,"R",818,"R",64,"R",32,"R",722,"R",52,"R",12,"R",0,"R",0,"R",0
157553, 1,"R",4375,"R",1014,"R",1220,"R",2141,"R",1001,"R",13,"R",0,"R",0,"R",0
157553, 2,"R",4375,"R",1014,"R",1220,"R",2141,"R",1001,"R",13,"R",0,"R",0,"R",0
157553, 3,"R",2429,"R",751,"R",1162,"R",516,"R",743,"R",8,"R",0,"R",0,"R",0
157553,11,"R",1946,"R",263,"R",58,"R",1625,"R",258,"R",5,"R",0,"R",0,"R",0
157614, 1,"R",78,"A",,"A",,"R",78,"A",,"A",,"A",,"A",,"A",
157614, 2,"R",78,"A",,"A",,"R",78,"A",,"A",,"A",,"A",,"A",
157650, 1,"R",99,"A",,"A",,"R",99,"A",,"A",,"A",,"A",,"A",
157650, 2,"R",99,"A",,"A",,"R",99,"A",,"A",,"A",,"A",,"A",
157669, 1,"R",90,"A",,"A",,"R",90,"A",,"A",,"A",,"A",,"A",
157669, 2,"R",90,"A",,"A",,"R",90,"A",,"A",,"A",,"A",,"A",
157678, 1,"R",99,"A",,"A",,"R",99,"A",,"A",,"A",,"A",,"A",
157678, 2,"R",99,"A",,"A",,"R",99,"A",,"A",,"A",,"A",,"A",
157711, 1,"R",5857,"R",2355,"R",1534,"R",1968,"R",2335,"R",20,"R",0,"R",0,"R",0
157711, 2,"R",5857,"R",2355,"R",1534,"R",1968,"R",2335,"R",20,"R",0,"R",0,"R",0
157711, 3,"R",4355,"R",2094,"R",1325,"R",936,"R",2076,"R",18,"R",0,"R",0,"R",0
157711,11,"R",1502,"R",261,"R",209,"R",1032,"R",259,"R",2,"R",0,"R",0,"R",0
157739, 1,"R",3315,"R",549,"R",861,"R",1905,"R",490,"R",59,"R",0,"R",0,"R",0
157739, 2,"R",3315,"R",549,"R",861,"R",1905,"R",490,"R",59,"R",0,"R",0,"R",0
157739, 3,"R",1869,"R",485,"R",840,"R",544,"R",433,"R",52,"R",0,"R",0,"R",0
157739,11,"R",1446,"R",64,"R",21,"R",1361,"R",57,"R",7,"R",0,"R",0,"R",0
157748, 1,"R",4121,"R",647,"R",936,"R",2538,"R",83,"R",519,"R",29,"R",14,"R",2
157748, 2,"R",983,"R",103,"R",176,"R",704,"R",31,"R",71,"R",0,"R",0,"R",1
157748, 3,"R",874,"R",62,"R",137,"R",675,"R",13,"R",48,"R",0,"R",0,"R",1
157748,11,"R",109,"R",41,"R",39,"R",29,"R",18,"R",23,"R",0,"R",0,"R",0
157748,12,"R",3138,"R",544,"R",760,"R",1834,"R",52,"R",448,"R",29,"R",14,"R",1
157757, 1,"R",1758,"R",392,"R",561,"R",805,"R",376,"R",15,"R",0,"R",1,"R",0
157757, 2,"R",1028,"R",43,"R",338,"R",647,"R",39,"R",4,"R",0,"R",0,"R",0
157757, 3,"R",955,"R",38,"R",335,"R",582,"R",37,"R",1,"R",0,"R",0,"R",0
157757,11,"R",73,"R",5,"R",3,"R",65,"R",2,"R",3,"R",0,"R",0,"R",0
157757,12,"R",730,"R",349,"R",223,"R",158,"R",337,"R",11,"R",0,"R",1,"R",0
157793, 1,"R",3575,"R",1402,"R",754,"R",1419,"R",1084,"R",316,"Z",0,"R",2,"R",0
157793, 2,"R",2684,"R",1018,"R",569,"R",1097,"R",838,"R",179,"Z",0,"R",1,"R",0
157793, 3,"R",2618,"R",982,"R",569,"R",1067,"R",810,"R",171,"Z",0,"R",1,"R",0
157793,11,"R",66,"R",36,"R",0,"R",30,"R",28,"R",8,"Z",0,"Z",0,"R",0
157793,12,"R",891,"R",384,"R",185,"R",322,"R",246,"R",137,"Z",0,"R",1,"R",0
157809, 1,"R",2253,"R",243,"R",331,"R",1679,"R",127,"R",116,"R",0,"R",0,"R",0
157809, 2,"R",2047,"R",140,"R",328,"R",1579,"R",56,"R",84,"R",0,"R",0,"R",0
157809, 3,"R",1579,"R",139,"R",327,"R",1113,"R",55,"R",84,"R",0,"R",0,"R",0
157809,11,"R",468,"R",1,"R",1,"R",466,"R",1,"R",0,"R",0,"R",0,"R",0
157809,12,"R",206,"R",103,"R",3,"R",100,"R",71,"R",32,"R",0,"R",0,"R",0
157818, 1,"R",987,"A",,"A",,"R",987,"A",,"A",,"A",,"A",,"A",
157818, 2,"R",987,"A",,"A",,"R",987,"A",,"A",,"A",,"A",,"A",
157818, 3,"R",987,"A",,"A",,"R",987,"A",,"A",,"A",,"A",,"A",
157827, 1,"R",36,"A",,"A",,"R",36,"A",,"A",,"A",,"A",,"A",
157827, 2,"R",36,"A",,"A",,"R",36,"A",,"A",,"A",,"A",,"A",
157863, 1,"R",1333,"R",332,"R",485,"R",516,"R",279,"R",53,"R",0,"R",0,"R",0
157863, 2,"R",1119,"R",199,"R",420,"R",500,"R",174,"R",25,"R",0,"R",0,"R",0
157863, 3,"R",1003,"R",145,"R",409,"R",449,"R",122,"R",23,"R",0,"R",0,"R",0
157863,11,"R",116,"R",54,"R",11,"R",51,"R",52,"R",2,"R",0,"R",0,"R",0
157863,12,"R",214,"R",133,"R",65,"R",16,"R",105,"R",28,"R",0,"R",0,"R",0
157951, 1,"R",19456,"R",3575,"R",4906,"R",10975,"R",2772,"R",778,"Z",0,"R",25,"R",0
157951, 2,"R",17030,"R",2383,"R",4499,"R",10148,"R",1998,"R",381,"Z",0,"R",4,"R",0
157951, 3,"R",13959,"R",1504,"R",4321,"R",8134,"R",1138,"R",362,"Z",0,"R",4,"R",0
157951,11,"R",3071,"R",879,"R",178,"R",2014,"R",860,"R",19,"Z",0,"Z",0,"R",0
157951,12,"R",2426,"R",1192,"R",407,"R",827,"R",774,"R",397,"Z",0,"R",21,"R",0
158088, 1,"R",2688,"R",41,"R",234,"R",2413,"R",39,"R",2,"R",0,"R",0,"R",0
158088, 2,"R",2688,"R",41,"R",234,"R",2413,"R",39,"R",2,"R",0,"R",0,"R",0
158088, 3,"R",1481,"R",22,"R",171,"R",1288,"R",21,"R",1,"R",0,"R",0,"R",0
158088,11,"R",1207,"R",19,"R",63,"R",1125,"R",18,"R",1,"R",0,"R",0,"R",0
158246, 1,"R",145,"A",,"A",,"R",145,"A",,"A",,"A",,"A",,"A",
158246, 2,"R",145,"A",,"A",,"R",145,"A",,"A",,"A",,"A",,"A",
158325, 1,"R",98,"A",,"A",,"R",98,"A",,"A",,"A",,"A",,"A",
158325, 2,"R",98,"A",,"A",,"R",98,"A",,"A",,"A",,"A",,"A",
158343, 1,"R",58,"A",,"A",,"R",58,"A",,"A",,"A",,"A",,"A",
158343, 2,"R",58,"A",,"A",,"R",58,"A",,"A",,"A",,"A",,"A",
158343, 3,"R",58,"A",,"A",,"R",58,"A",,"A",,"A",,"A",,"A",
158431, 1,"R",6596,"R",1633,"R",1703,"R",3260,"R",1538,"R",95,"R",0,"R",0,"R",0
158431, 2,"R",6596,"R",1633,"R",1703,"R",3260,"R",1538,"R",95,"R",0,"R",0,"R",0
158431, 3,"R",5986,"R",1399,"R",1655,"R",2932,"R",1309,"R",90,"R",0,"R",0,"R",0
158431,11,"R",610,"R",234,"R",48,"R",328,"R",229,"R",5,"R",0,"R",0,"R",0
158477, 1,"R",585,"R",0,"R",15,"R",570,"A",,"A",,"A",,"A",,"A",
158477, 2,"R",552,"A",,"A",,"R",552,"A",,"A",,"A",,"A",,"A",
158477, 3,"R",544,"A",,"A",,"R",544,"A",,"A",,"A",,"A",,"A",
158477,11,"R",8,"A",,"A",,"R",8,"A",,"A",,"A",,"A",,"A",
158477,12,"R",33,"Z",0,"R",15,"R",18,"A",,"A",,"A",,"A",,"A",
158538, 1,"R",31,"A",,"A",,"R",31,"A",,"A",,"A",,"A",,"A",
158538, 2,"R",31,"A",,"A",,"R",31,"A",,"A",,"A",,"A",,"A",
158617, 1,"R",320,"A",,"A",,"R",320,"A",,"A",,"A",,"A",,"A",
158617, 2,"R",320,"A",,"A",,"R",320,"A",,"A",,"A",,"A",,"A",
158644, 1,"R",75,"A",,"A",,"R",75,"A",,"A",,"A",,"A",,"A",
158644, 2,"R",75,"A",,"A",,"R",75,"A",,"A",,"A",,"A",,"A",
158662, 1,"R",14258,"R",1901,"R",5106,"R",7251,"R",1807,"R",87,"Z",0,"R",6,"R",1
158662, 2,"R",14258,"R",1901,"R",5106,"R",7251,"R",1807,"R",87,"Z",0,"R",6,"R",1
158662, 3,"R",12978,"R",1783,"R",4901,"R",6294,"R",1695,"R",82,"Z",0,"R",6,"R",0
158662,11,"R",1280,"R",118,"R",205,"R",957,"R",112,"R",5,"Z",0,"Z",0,"R",1
158778, 1,"R",37,"A",,"A",,"R",37,"A",,"A",,"A",,"A",,"A",
158778, 2,"R",37,"A",,"A",,"R",37,"A",,"A",,"A",,"A",,"A",
158787, 1,"R",77,"A",,"A",,"R",77,"A",,"A",,"A",,"A",,"A",
158787, 2,"R",77,"A",,"A",,"R",77,"A",,"A",,"A",,"A",,"A",
158802, 1,"R",1309,"A",,"A",,"R",1309,"A",,"A",,"A",,"A",,"A",
158802, 2,"R",1309,"A",,"A",,"R",1309,"A",,"A",,"A",,"A",,"A",
158802, 3,"R",1309,"A",,"A",,"R",1309,"A",,"A",,"A",,"A",,"A",
158884, 1,"R",2371,"R",320,"R",673,"R",1378,"R",316,"R",4,"R",0,"R",0,"R",0
158884, 2,"R",2371,"R",320,"R",673,"R",1378,"R",316,"R",4,"R",0,"R",0,"R",0
158884, 3,"R",1638,"R",297,"R",652,"R",689,"R",293,"R",4,"R",0,"R",0,"R",0
158884,11,"R",733,"R",23,"R",21,"R",689,"R",23,"R",0,"R",0,"R",0,"R",0
159009, 1,"R",5205,"R",741,"R",2176,"R",2288,"R",655,"R",83,"R",0,"R",3,"R",0
159009, 2,"R",4110,"R",82,"R",1999,"R",2029,"R",69,"R",12,"R",0,"R",1,"R",0
159009, 3,"R",4110,"R",82,"R",1999,"R",2029,"R",69,"R",12,"R",0,"R",1,"R",0
159009,12,"R",1095,"R",659,"R",177,"R",259,"R",586,"R",71,"R",0,"R",2,"R",0
159027, 1,"R",73,"A",,"A",,"R",73,"A",,"A",,"A",,"A",,"A",
159027, 2,"R",73,"A",,"A",,"R",73,"A",,"A",,"A",,"A",,"A",
159197, 1,"R",663,"A",,"A",,"R",663,"A",,"A",,"A",,"A",,"A",
159197, 2,"R",663,"A",,"A",,"R",663,"A",,"A",,"A",,"A",,"A",
159197, 3,"R",663,"A",,"A",,"R",663,"A",,"A",,"A",,"A",,"A",
159328, 1,"R",71,"A",,"A",,"R",71,"A",,"A",,"A",,"A",,"A",
159328, 2,"R",71,"A",,"A",,"R",71,"A",,"A",,"A",,"A",,"A",
159373, 1,"R",2809,"A",,"A",,"R",2809,"A",,"A",,"A",,"A",,"A",
159373, 2,"R",915,"A",,"A",,"R",915,"A",,"A",,"A",,"A",,"A",
159373, 3,"R",915,"A",,"A",,"R",915,"A",,"A",,"A",,"A",,"A",
159373,12,"R",1894,"A",,"A",,"R",1894,"A",,"A",,"A",,"A",,"A",
159382, 1,"R",3164,"R",931,"R",1126,"R",1107,"R",829,"R",85,"R",4,"R",0,"R",13
159382, 2,"R",3164,"R",931,"R",1126,"R",1107,"R",829,"R",85,"R",4,"R",0,"R",13
159382, 3,"R",2673,"R",743,"R",1026,"R",904,"R",643,"R",85,"R",2,"R",0,"R",13
159382,11,"R",491,"R",188,"R",100,"R",203,"R",186,"R",0,"R",2,"R",0,"R",0
159391, 1,"R",30983,"R",1014,"R",6275,"R",23694,"R",515,"R",489,"R",0,"R",10,"R",0
159391, 2,"R",25233,"R",53,"R",5994,"R",19186,"R",47,"R",5,"R",0,"R",1,"R",0
159391, 3,"R",23468,"R",39,"R",5976,"R",17453,"R",34,"R",5,"R",0,"R",0,"R",0
159391,11,"R",1765,"R",14,"R",18,"R",1733,"R",13,"R",0,"R",0,"R",1,"R",0
159391,12,"R",5750,"R",961,"R",281,"R",4508,"R",468,"R",484,"R",0,"R",9,"R",0
159407, 1,"R",3232,"R",392,"R",1075,"R",1765,"R",386,"R",6,"R",0,"R",0,"R",0
159407, 2,"R",3232,"R",392,"R",1075,"R",1765,"R",386,"R",6,"R",0,"R",0,"R",0
159407, 3,"R",2731,"R",373,"R",1071,"R",1287,"R",367,"R",6,"R",0,"R",0,"R",0
159407,11,"R",501,"R",19,"R",4,"R",478,"R",19,"R",0,"R",0,"R",0,"R",0
159416, 1,"R",7036,"R",4668,"R",1091,"R",1277,"R",1691,"R",2951,"Z",0,"R",26,"R",0
159416, 2,"R",2511,"R",387,"R",1053,"R",1071,"R",327,"R",60,"Z",0,"Z",0,"R",0
159416, 3,"R",2175,"R",385,"R",1051,"R",739,"R",326,"R",59,"Z",0,"Z",0,"R",0
159416,11,"R",336,"R",2,"R",2,"R",332,"R",1,"R",1,"Z",0,"Z",0,"R",0
159416,12,"R",4525,"R",4281,"R",38,"R",206,"R",1364,"R",2891,"Z",0,"R",26,"R",0
159513, 1,"R",131,"A",,"A",,"R",131,"A",,"A",,"A",,"A",,"A",
159513, 2,"R",131,"A",,"A",,"R",131,"A",,"A",,"A",,"A",,"A",
159522, 1,"R",160,"A",,"A",,"R",160,"A",,"A",,"A",,"A",,"A",
159522, 2,"R",160,"A",,"A",,"R",160,"A",,"A",,"A",,"A",,"A",
159531, 1,"R",36,"A",,"A",,"R",36,"A",,"A",,"A",,"A",,"A",
159531, 2,"R",36,"A",,"A",,"R",36,"A",,"A",,"A",,"A",,"A",
159568, 1,"R",1245,"R",51,"R",230,"R",964,"R",48,"R",3,"Z",0,"Z",0,"R",0
159568, 2,"R",1004,"R",51,"R",230,"R",723,"R",48,"R",3,"Z",0,"Z",0,"R",0
159568, 3,"R",934,"R",25,"R",229,"R",680,"R",24,"R",1,"Z",0,"Z",0,"R",0
159568,11,"R",70,"R",26,"R",1,"R",43,"R",24,"R",2,"Z",0,"Z",0,"R",0
159568,12,"R",241,"R",0,"R",0,"R",241,"A",,"A",,"A",,"A",,"A",
159601, 1,"R",8,"A",,"A",,"R",8,"A",,"A",,"A",,"A",,"A",
159601, 2,"R",8,"A",,"A",,"R",8,"A",,"A",,"A",,"A",,"A",
159647, 1,"R",11909,"R",475,"R",1448,"R",9986,"R",378,"R",97,"R",0,"R",0,"R",0
159647, 2,"R",10632,"R",170,"R",1292,"R",9170,"R",154,"R",16,"R",0,"R",0,"R",0
159647, 3,"R",8198,"R",110,"R",1051,"R",7037,"R",95,"R",15,"R",0,"R",0,"R",0
159647,11,"R",2434,"R",60,"R",241,"R",2133,"R",59,"R",1,"R",0,"R",0,"R",0
159647,12,"R",1277,"R",305,"R",156,"R",816,"R",224,"R",81,"R",0,"R",0,"R",0
159656, 1,"R",4261,"R",673,"R",708,"R",2880,"R",295,"R",378,"R",0,"R",0,"R",0
159656, 2,"R",2982,"R",162,"R",615,"R",2205,"R",102,"R",60,"R",0,"R",0,"R",0
159656, 3,"R",2868,"R",162,"R",593,"R",2113,"R",102,"R",60,"R",0,"R",0,"R",0
159656,11,"R",114,"R",0,"R",22,"R",92,"A",,"A",,"A",,"A",,"A",
159656,12,"R",1279,"R",511,"R",93,"R",675,"R",193,"R",318,"R",0,"R",0,"R",0
159717, 1,"R",7647,"R",951,"R",3476,"R",3220,"R",856,"R",84,"R",0,"R",11,"R",0
159717, 2,"R",6998,"R",664,"R",3243,"R",3091,"R",617,"R",41,"R",0,"R",6,"R",0
159717, 3,"R",6022,"R",585,"R",3069,"R",2368,"R",539,"R",40,"R",0,"R",6,"R",0
159717,11,"R",976,"R",79,"R",174,"R",723,"R",78,"R",1,"R",0,"R",0,"R",0
159717,12,"R",649,"R",287,"R",233,"R",129,"R",239,"R",43,"R",0,"R",5,"R",0
159939, 1,"R",8151,"R",587,"R",2823,"R",4741,"R",443,"R",138,"Z",0,"R",6,"R",0
159939, 2,"R",6588,"R",312,"R",2504,"R",3772,"R",281,"R",28,"Z",0,"R",3,"R",0
159939, 3,"R",5909,"R",210,"R",2466,"R",3233,"R",180,"R",27,"Z",0,"R",3,"R",0
159939,11,"R",679,"R",102,"R",38,"R",539,"R",101,"R",1,"Z",0,"Z",0,"R",0
159939,12,"R",1563,"R",275,"R",319,"R",969,"R",162,"R",110,"Z",0,"R",3,"R",0
159948, 1,"R",2112,"R",497,"R",340,"R",1275,"R",95,"R",378,"R",0,"R",8,"R",16
159948, 2,"R",736,"R",114,"R",78,"R",544,"R",42,"R",72,"R",0,"R",0,"R",0
159948, 3,"R",736,"R",114,"R",78,"R",544,"R",42,"R",72,"R",0,"R",0,"R",0
159948,12,"R",1376,"R",383,"R",262,"R",731,"R",53,"R",306,"R",0,"R",8,"R",16
159966, 1,"R",6453,"R",769,"R",2400,"R",3284,"R",695,"R",69,"R",0,"R",5,"R",0
159966, 2,"R",5864,"R",544,"R",2283,"R",3037,"R",496,"R",45,"R",0,"R",3,"R",0
159966, 3,"R",5543,"R",480,"R",2257,"R",2806,"R",433,"R",44,"R",0,"R",3,"R",0
159966,11,"R",321,"R",64,"R",26,"R",231,"R",63,"R",1,"R",0,"R",0,"R",0
159966,12,"R",589,"R",225,"R",117,"R",247,"R",199,"R",24,"R",0,"R",2,"R",0
159993, 1,"R",9291,"R",1426,"R",1793,"R",6072,"R",1200,"R",219,"R",0,"R",7,"R",0
159993, 2,"R",7788,"R",777,"R",1643,"R",5368,"R",686,"R",91,"R",0,"R",0,"R",0
159993, 3,"R",6293,"R",775,"R",1639,"R",3879,"R",684,"R",91,"R",0,"R",0,"R",0
159993,11,"R",1495,"R",2,"R",4,"R",1489,"R",2,"R",0,"R",0,"R",0,"R",0
159993,12,"R",1503,"R",649,"R",150,"R",704,"R",514,"R",128,"R",0,"R",7,"R",0
160010, 1,"R",1030,"A",,"A",,"R",1030,"A",,"A",,"A",,"A",,"A",
160010, 2,"R",1030,"A",,"A",,"R",1030,"A",,"A",,"A",,"A",,"A",
160010, 3,"R",856,"A",,"A",,"R",856,"A",,"A",,"A",,"A",,"A",
160010,11,"R",174,"A",,"A",,"R",174,"A",,"A",,"A",,"A",,"A",
160038, 1,"R",11081,"R",4667,"R",4352,"R",2062,"R",4240,"R",418,"R",4,"R",4,"R",1
160038, 2,"R",9994,"R",3776,"R",4207,"R",2011,"R",3425,"R",343,"R",4,"R",3,"R",1
160038, 3,"R",8265,"R",2735,"R",3936,"R",1594,"R",2440,"R",289,"R",4,"R",1,"R",1
160038,11,"R",1729,"R",1041,"R",271,"R",417,"R",985,"R",54,"Z",0,"R",2,"R",0
160038,12,"R",1087,"R",891,"R",145,"R",51,"R",815,"R",75,"Z",0,"R",1,"R",0
160065, 1,"R",1255,"R",84,"R",513,"R",658,"R",83,"R",1,"R",0,"R",0,"R",0
160065, 2,"R",923,"R",66,"R",441,"R",416,"R",65,"R",1,"R",0,"R",0,"R",0
160065, 3,"R",863,"R",35,"R",439,"R",389,"R",35,"R",0,"R",0,"R",0,"R",0
160065,11,"R",60,"R",31,"R",2,"R",27,"R",30,"R",1,"R",0,"R",0,"R",0
160065,12,"R",332,"R",18,"R",72,"R",242,"R",18,"R",0,"R",0,"R",0,"R",0
160074, 1,"R",1368,"R",128,"R",187,"R",1053,"R",47,"R",81,"R",0,"R",0,"R",0
160074, 2,"R",1120,"R",126,"R",187,"R",807,"R",45,"R",81,"R",0,"R",0,"R",0
160074, 3,"R",1049,"R",126,"R",187,"R",736,"R",45,"R",81,"R",0,"R",0,"R",0
160074,11,"R",71,"R",0,"R",0,"R",71,"A",,"A",,"A",,"A",,"A",
160074,12,"R",248,"R",2,"R",0,"R",246,"R",2,"R",0,"R",0,"R",0,"R",0
160117, 1,"R",85,"A",,"A",,"R",85,"A",,"A",,"A",,"A",,"A",
160117, 2,"R",85,"A",,"A",,"R",85,"A",,"A",,"A",,"A",,"A",
160126, 1,"R",37,"A",,"A",,"R",37,"A",,"A",,"A",,"A",,"A",
160126, 2,"R",37,"A",,"A",,"R",37,"A",,"A",,"A",,"A",,"A",
160199, 1,"R",67,"A",,"A",,"R",67,"A",,"A",,"A",,"A",,"A",
160199, 2,"R",67,"A",,"A",,"R",67,"A",,"A",,"A",,"A",,"A",
160320, 1,"R",2357,"A",,"A",,"R",2357,"A",,"A",,"A",,"A",,"A",
160320, 2,"R",2357,"A",,"A",,"R",2357,"A",,"A",,"A",,"A",,"A",
160409, 1,"R",143,"A",,"A",,"R",143,"A",,"A",,"A",,"A",,"A",
160409, 2,"R",143,"A",,"A",,"R",143,"A",,"A",,"A",,"A",,"A",
160409, 3,"R",141,"A",,"A",,"R",141,"A",,"A",,"A",,"A",,"A",
160409,11,"R",2,"A",,"A",,"R",2,"A",,"A",,"A",,"A",,"A",
160445, 1,"R",116,"A",,"A",,"R",116,"A",,"A",,"A",,"A",,"A",
160445, 2,"R",116,"A",,"A",,"R",116,"A",,"A",,"A",,"A",,"A",
160472, 1,"R",50,"A",,"A",,"R",50,"A",,"A",,"A",,"A",,"A",
160472, 2,"R",50,"A",,"A",,"R",50,"A",,"A",,"A",,"A",,"A",
160481, 1,"R",2161,"R",416,"R",781,"R",964,"R",412,"R",0,"R",2,"R",2,"R",0
160481, 2,"R",2161,"R",416,"R",781,"R",964,"R",412,"R",0,"R",2,"R",2,"R",0
160481, 3,"R",1825,"R",334,"R",739,"R",752,"R",331,"R",0,"R",2,"R",1,"R",0
160481,11,"R",336,"R",82,"R",42,"R",212,"R",81,"R",0,"R",0,"R",1,"R",0
160524, 1,"R",368,"Z",0,"R",367,"R",1,"A",,"A",,"A",,"A",,"A",
160524, 2,"R",368,"Z",0,"R",367,"R",1,"A",,"A",,"A",,"A",,"A",
160524, 3,"R",368,"Z",0,"R",367,"R",1,"A",,"A",,"A",,"A",,"A",
160579, 1,"R",3459,"R",189,"R",879,"R",2391,"R",183,"R",6,"R",0,"R",0,"R",0
160579, 2,"R",3459,"R",189,"R",879,"R",2391,"R",183,"R",6,"R",0,"R",0,"R",0
160579, 3,"R",2813,"R",162,"R",837,"R",1814,"R",156,"R",6,"R",0,"R",0,"R",0
160579,11,"R",646,"R",27,"R",42,"R",577,"R",27,"R",0,"R",0,"R",0,"R",0
160597, 1,"R",20,"A",,"A",,"R",20,"A",,"A",,"A",,"A",,"A",
160597, 2,"R",20,"A",,"A",,"R",20,"A",,"A",,"A",,"A",,"A",
160612, 1,"R",14298,"R",506,"R",4239,"R",9553,"R",491,"R",12,"R",0,"R",2,"R",1
160612, 2,"R",13331,"R",306,"R",4163,"R",8862,"R",296,"R",9,"R",0,"R",0,"R",1
160612, 3,"R",10994,"R",302,"R",4150,"R",6542,"R",292,"R",9,"R",0,"R",0,"R",1
160612,11,"R",2337,"R",4,"R",13,"R",2320,"R",4,"R",0,"R",0,"R",0,"R",0
160612,12,"R",967,"R",200,"R",76,"R",691,"R",195,"R",3,"R",0,"R",2,"R",0
160621, 1,"R",6693,"R",275,"R",1257,"R",5161,"R",204,"R",43,"R",0,"R",0,"R",28
160621, 2,"R",5838,"R",163,"R",1184,"R",4491,"R",120,"R",41,"R",0,"R",0,"R",2
160621, 3,"R",5612,"R",133,"R",1178,"R",4301,"R",120,"R",13,"R",0,"R",0,"R",0
160621,11,"R",226,"R",30,"R",6,"R",190,"R",0,"R",28,"R",0,"R",0,"R",2
160621,12,"R",855,"R",112,"R",73,"R",670,"R",84,"R",2,"R",0,"R",0,"R",26
160630, 1,"R",2356,"R",102,"R",785,"R",1469,"R",94,"R",7,"Z",0,"R",1,"R",0
160630, 2,"R",1928,"R",86,"R",671,"R",1171,"R",80,"R",6,"Z",0,"Z",0,"R",0
160630, 3,"R",1726,"R",85,"R",669,"R",972,"R",79,"R",6,"Z",0,"Z",0,"R",0
160630,11,"R",202,"R",1,"R",2,"R",199,"R",1,"Z",0,"Z",0,"Z",0,"R",0
160630,12,"R",428,"R",16,"R",114,"R",298,"R",14,"R",1,"Z",0,"R",1,"R",0
160649, 1,"R",2651,"R",239,"R",725,"R",1687,"R",234,"R",5,"Z",0,"Z",0,"R",0
160649, 2,"R",2651,"R",239,"R",725,"R",1687,"R",234,"R",5,"Z",0,"Z",0,"R",0
160649, 3,"R",2099,"R",232,"R",708,"R",1159,"R",228,"R",4,"Z",0,"Z",0,"R",0
160649,11,"R",552,"R",7,"R",17,"R",528,"R",6,"R",1,"Z",0,"Z",0,"R",0
160658, 1,"R",17123,"R",1929,"R",4128,"R",11066,"R",1457,"R",435,"R",0,"R",37,"R",0
160658, 2,"R",15073,"R",1200,"R",3941,"R",9932,"R",879,"R",307,"R",0,"R",14,"R",0
160658, 3,"R",14245,"R",1193,"R",3933,"R",9119,"R",873,"R",306,"R",0,"R",14,"R",0
160658,11,"R",828,"R",7,"R",8,"R",813,"R",6,"R",1,"R",0,"R",0,"R",0
160658,12,"R",2050,"R",729,"R",187,"R",1134,"R",578,"R",128,"R",0,"R",23,"R",0
160667, 1,"R",4737,"R",177,"R",634,"R",3926,"R",168,"R",9,"R",0,"R",0,"R",0
160667, 2,"R",4737,"R",177,"R",634,"R",3926,"R",168,"R",9,"R",0,"R",0,"R",0
160667, 3,"R",2345,"R",167,"R",632,"R",1546,"R",158,"R",9,"R",0,"R",0,"R",0
160667,11,"R",2392,"R",10,"R",2,"R",2380,"R",10,"R",0,"R",0,"R",0,"R",0
160755, 1,"R",12646,"R",674,"R",801,"R",11171,"R",266,"R",403,"Z",0,"R",0,"R",5
160755, 2,"R",7920,"R",173,"R",695,"R",7052,"R",138,"R",35,"Z",0,"R",0,"R",0
160755, 3,"R",7920,"R",173,"R",695,"R",7052,"R",138,"R",35,"Z",0,"R",0,"R",0
160755,12,"R",4726,"R",501,"R",106,"R",4119,"R",128,"R",368,"Z",0,"Z",0,"R",5
160904, 1,"R",3231,"R",31,"R",219,"R",2981,"R",24,"R",5,"R",2,"Z",0,"R",0
160904, 2,"R",2478,"Z",0,"R",219,"R",2259,"A",,"A",,"A",,"A",,"A",
160904, 3,"R",2437,"Z",0,"R",219,"R",2218,"A",,"A",,"A",,"A",,"A",
160904,11,"R",41,"Z",0,"Z",0,"R",41,"A",,"A",,"A",,"A",,"A",
160904,12,"R",753,"R",31,"Z",0,"R",722,"R",24,"R",5,"R",2,"Z",0,"R",0
160940, 1,"R",503,"R",503,"Z",0,"R",0,"R",451,"R",52,"Z",0,"Z",0,"R",0
160940, 2,"R",390,"R",390,"Z",0,"R",0,"R",352,"R",38,"Z",0,"Z",0,"R",0
160940, 3,"R",373,"R",373,"Z",0,"R",0,"R",338,"R",35,"Z",0,"Z",0,"R",0
160940,11,"R",17,"R",17,"Z",0,"R",0,"R",14,"R",3,"Z",0,"Z",0,"R",0
160940,12,"R",113,"R",113,"Z",0,"R",0,"R",99,"R",14,"Z",0,"Z",0,"R",0
160959, 1,"R",337,"A",,"A",,"R",337,"A",,"A",,"A",,"A",,"A",
160959, 2,"R",332,"A",,"A",,"R",332,"A",,"A",,"A",,"A",,"A",
160959, 3,"R",327,"A",,"A",,"R",327,"A",,"A",,"A",,"A",,"A",
160959,11,"R",5,"A",,"A",,"R",5,"A",,"A",,"A",,"A",,"A",
160959,12,"R",5,"A",,"A",,"R",5,"A",,"A",,"A",,"A",,"A",
160977, 1,"R",1832,"A",,"A",,"R",1832,"A",,"A",,"A",,"A",,"A",
160977, 2,"R",1832,"A",,"A",,"R",1832,"A",,"A",,"A",,"A",,"A",
160977, 3,"R",1832,"A",,"A",,"R",1832,"A",,"A",,"A",,"A",,"A",
160995, 1,"R",207,"R",0,"R",0,"R",207,"A",,"A",,"A",,"A",,"A",
160995, 2,"R",207,"R",0,"R",0,"R",207,"A",,"A",,"A",,"A",,"A",
160995, 3,"R",206,"R",0,"R",0,"R",206,"A",,"A",,"A",,"A",,"A",
160995,11,"R",1,"R",0,"R",0,"R",1,"A",,"A",,"A",,"A",,"A",
161004, 1,"R",1828,"A",,"A",,"R",1828,"A",,"A",,"A",,"A",,"A",
161004, 2,"R",1828,"A",,"A",,"R",1828,"A",,"A",,"A",,"A",,"A",
161004, 3,"R",1825,"A",,"A",,"R",1825,"A",,"A",,"A",,"A",,"A",
161004,11,"R",3,"A",,"A",,"R",3,"A",,"A",,"A",,"A",,"A",
161022, 1,"R",177,"Z",0,"R",58,"R",119,"A",,"A",,"A",,"A",,"A",
161022, 2,"R",177,"Z",0,"R",58,"R",119,"A",,"A",,"A",,"A",,"A",
161022, 3,"R",177,"Z",0,"R",58,"R",119,"A",,"A",,"A",,"A",,"A",
161077, 1,"R",3068,"R",339,"R",582,"R",2147,"R",328,"R",11,"Z",0,"Z",0,"R",0
161077, 2,"R",3068,"R",339,"R",582,"R",2147,"R",328,"R",11,"Z",0,"Z",0,"R",0
161077, 3,"R",2178,"R",292,"R",574,"R",1312,"R",282,"R",10,"Z",0,"Z",0,"R",0
161077,11,"R",890,"R",47,"R",8,"R",835,"R",46,"R",1,"Z",0,"Z",0,"R",0
161086, 1,"R",2000,"A",,"A",,"R",2000,"A",,"A",,"A",,"A",,"A",
161086, 2,"R",2000,"A",,"A",,"R",2000,"A",,"A",,"A",,"A",,"A",
161086, 3,"R",2000,"A",,"A",,"R",2000,"A",,"A",,"A",,"A",,"A",
161138, 1,"R",2396,"R",164,"R",509,"R",1723,"R",160,"R",4,"R",0,"R",0,"R",0
161138, 2,"R",2396,"R",164,"R",509,"R",1723,"R",160,"R",4,"R",0,"R",0,"R",0
161138, 3,"R",1647,"R",96,"R",493,"R",1058,"R",94,"R",2,"R",0,"R",0,"R",0
161138,11,"R",749,"R",68,"R",16,"R",665,"R",66,"R",2,"R",0,"R",0,"R",0
161192, 1,"R",2473,"R",428,"R",560,"R",1485,"R",420,"R",8,"R",0,"R",0,"R",0
161192, 2,"R",2473,"R",428,"R",560,"R",1485,"R",420,"R",8,"R",0,"R",0,"R",0
161192, 3,"R",1551,"R",320,"R",523,"R",708,"R",314,"R",6,"R",0,"R",0,"R",0
161192,11,"R",922,"R",108,"R",37,"R",777,"R",106,"R",2,"R",0,"R",0,"R",0
161208, 1,"R",61,"A",,"A",,"R",61,"A",,"A",,"A",,"A",,"A",
161208, 2,"R",61,"A",,"A",,"R",61,"A",,"A",,"A",,"A",,"A",
161208, 3,"R",61,"A",,"A",,"R",61,"A",,"A",,"A",,"A",,"A",
161217, 1,"R",4128,"R",2103,"R",989,"R",1036,"R",1947,"R",145,"R",1,"R",10,"R",0
161217, 2,"R",4128,"R",2103,"R",989,"R",1036,"R",1947,"R",145,"R",1,"R",10,"R",0
161217, 3,"R",3230,"R",1757,"R",951,"R",522,"R",1614,"R",135,"R",1,"R",7,"R",0
161217,11,"R",898,"R",346,"R",38,"R",514,"R",333,"R",10,"R",0,"R",3,"R",0
161226, 1,"R",2040,"R",87,"R",15,"R",1938,"R",87,"R",0,"R",0,"R",0,"R",0
161226, 2,"R",1736,"R",2,"R",13,"R",1721,"R",2,"R",0,"R",0,"R",0,"R",0
161226, 3,"R",1637,"R",0,"R",12,"R",1625,"A",,"A",,"A",,"A",,"A",
161226,11,"R",99,"R",2,"R",1,"R",96,"R",2,"R",0,"R",0,"R",0,"R",0
161226,12,"R",304,"R",85,"R",2,"R",217,"R",85,"R",0,"R",0,"R",0,"R",0
161235, 1,"R",1791,"R",226,"R",488,"R",1077,"R",203,"R",23,"Z",0,"Z",0,"R",0
161235, 2,"R",1791,"R",226,"R",488,"R",1077,"R",203,"R",23,"Z",0,"Z",0,"R",0
161235, 3,"R",1033,"R",108,"R",431,"R",494,"R",90,"R",18,"Z",0,"Z",0,"R",0
161235,11,"R",758,"R",118,"R",57,"R",583,"R",113,"R",5,"Z",0,"Z",0,"R",0
161244, 1,"R",675,"R",258,"R",206,"R",211,"R",256,"R",1,"R",0,"R",1,"R",0
161244, 2,"R",675,"R",258,"R",206,"R",211,"R",256,"R",1,"R",0,"R",1,"R",0
161244, 3,"R",480,"R",99,"R",200,"R",181,"R",98,"R",1,"R",0,"R",0,"R",0
161244,11,"R",195,"R",159,"R",6,"R",30,"R",158,"R",0,"R",0,"R",1,"R",0
161253, 1,"R",11404,"R",903,"R",2773,"R",7728,"R",800,"R",101,"R",0,"R",2,"R",0
161253, 2,"R",9365,"R",436,"R",2619,"R",6310,"R",385,"R",51,"R",0,"R",0,"R",0
161253, 3,"R",8861,"R",194,"R",2603,"R",6064,"R",145,"R",49,"R",0,"R",0,"R",0
161253,11,"R",504,"R",242,"R",16,"R",246,"R",240,"R",2,"R",0,"R",0,"R",0
161253,12,"R",2039,"R",467,"R",154,"R",1418,"R",415,"R",50,"R",0,"R",2,"R",0
161299, 1,"R",997,"R",13,"R",0,"R",984,"R",8,"R",5,"Z",0,"Z",0,"R",0
161299, 2,"R",979,"A",,"A",,"R",979,"A",,"A",,"A",,"A",,"A",
161299, 3,"R",979,"A",,"A",,"R",979,"A",,"A",,"A",,"A",,"A",
161299,12,"R",18,"R",13,"Z",0,"R",5,"R",8,"R",5,"Z",0,"Z",0,"R",0
161341, 1,"R",1553,"R",303,"R",389,"R",861,"R",278,"R",19,"R",0,"R",6,"R",0
161341, 2,"R",1553,"R",303,"R",389,"R",861,"R",278,"R",19,"R",0,"R",6,"R",0
161341, 3,"R",791,"R",191,"R",362,"R",238,"R",168,"R",18,"R",0,"R",5,"R",0
161341,11,"R",762,"R",112,"R",27,"R",623,"R",110,"R",1,"R",0,"R",1,"R",0
161457, 1,"R",8010,"R",3836,"R",131,"R",4043,"R",341,"R",3400,"Z",0,"R",71,"R",24
161457, 2,"R",4449,"R",2033,"R",64,"R",2352,"R",43,"R",1958,"Z",0,"R",28,"R",4
161457, 3,"R",2379,"R",3,"R",64,"R",2312,"R",2,"R",1,"Z",0,"Z",0,"R",0
161457,11,"R",2070,"R",2030,"R",0,"R",40,"R",41,"R",1957,"Z",0,"R",28,"R",4
161457,12,"R",3561,"R",1803,"R",67,"R",1691,"R",298,"R",1442,"Z",0,"R",43,"R",20
161484, 1,"R",811,"R",14,"R",250,"R",547,"R",14,"R",0,"R",0,"R",0,"R",0
161484, 2,"R",811,"R",14,"R",250,"R",547,"R",14,"R",0,"R",0,"R",0,"R",0
161484, 3,"R",585,"R",6,"R",239,"R",340,"R",6,"R",0,"R",0,"R",0,"R",0
161484,11,"R",226,"R",8,"R",11,"R",207,"R",8,"R",0,"R",0,"R",0,"R",0
161493, 1,"R",172,"A",,"A",,"R",172,"A",,"A",,"A",,"A",,"A",
161493, 2,"R",172,"A",,"A",,"R",172,"A",,"A",,"A",,"A",,"A",
161509, 1,"R",462,"R",0,"R",0,"R",462,"A",,"A",,"A",,"A",,"A",
161509, 2,"R",395,"A",,"A",,"R",395,"A",,"A",,"A",,"A",,"A",
161509, 3,"R",391,"A",,"A",,"R",391,"A",,"A",,"A",,"A",,"A",
161509,11,"R",4,"A",,"A",,"R",4,"A",,"A",,"A",,"A",,"A",
161509,12,"R",67,"R",0,"R",0,"R",67,"A",,"A",,"A",,"A",,"A",
161518, 1,"R",2106,"R",1050,"R",0,"R",1056,"R",313,"R",724,"R",1,"R",12,"R",0
161518, 2,"R",1440,"R",384,"Z",0,"R",1056,"R",87,"R",292,"R",1,"R",4,"R",0
161518, 3,"R",1412,"R",356,"Z",0,"R",1056,"R",78,"R",274,"R",1,"R",3,"R",0
161518,11,"R",28,"R",28,"Z",0,"R",0,"R",9,"R",18,"Z",0,"R",1,"R",0
161518,12,"R",666,"R",666,"R",0,"R",0,"R",226,"R",432,"Z",0,"R",8,"R",0
161527, 1,"R",209,"A",,"A",,"R",209,"A",,"A",,"A",,"A",,"A",
161527, 2,"R",209,"A",,"A",,"R",209,"A",,"A",,"A",,"A",,"A",
161545, 1,"R",5852,"R",700,"R",1149,"R",4003,"R",661,"R",38,"Z",0,"R",1,"R",0
161545, 2,"R",5852,"R",700,"R",1149,"R",4003,"R",661,"R",38,"Z",0,"R",1,"R",0
161545, 3,"R",4733,"R",543,"R",1113,"R",3077,"R",514,"R",28,"Z",0,"R",1,"R",0
161545,11,"R",1119,"R",157,"R",36,"R",926,"R",147,"R",10,"Z",0,"R",0,"R",0
161554, 1,"R",8140,"R",959,"R",2393,"R",4788,"R",866,"R",89,"R",4,"R",0,"R",0
161554, 2,"R",6390,"R",551,"R",2108,"R",3731,"R",510,"R",39,"R",2,"R",0,"R",0
161554, 3,"R",5281,"R",439,"R",2070,"R",2772,"R",408,"R",30,"R",1,"R",0,"R",0
161554,11,"R",1109,"R",112,"R",38,"R",959,"R",102,"R",9,"R",1,"R",0,"R",0
161554,12,"R",1750,"R",408,"R",285,"R",1057,"R",356,"R",50,"R",2,"R",0,"R",0
161563, 1,"R",1767,"A",,"A",,"R",1767,"A",,"A",,"A",,"A",,"A",
161563, 2,"R",1645,"A",,"A",,"R",1645,"A",,"A",,"A",,"A",,"A",
161563, 3,"R",810,"A",,"A",,"R",810,"A",,"A",,"A",,"A",,"A",
161563,11,"R",835,"A",,"A",,"R",835,"A",,"A",,"A",,"A",,"A",
161563,12,"R",122,"A",,"A",,"R",122,"A",,"A",,"A",,"A",,"A",
161572, 1,"R",814,"R",96,"R",0,"R",718,"R",18,"R",78,"R",0,"R",0,"R",0
161572, 2,"R",735,"R",17,"R",0,"R",718,"R",3,"R",14,"R",0,"R",0,"R",0
161572, 3,"R",734,"R",16,"R",0,"R",718,"R",3,"R",13,"R",0,"R",0,"R",0
161572,11,"R",1,"R",1,"R",0,"R",0,"R",0,"R",1,"R",0,"R",0,"R",0
161572,12,"R",79,"R",79,"R",0,"R",0,"R",15,"R",64,"R",0,"R",0,"R",0
161581, 1,"R",380,"R",9,"R",52,"R",319,"R",9,"Z",0,"Z",0,"Z",0,"R",0
161581, 2,"R",380,"R",9,"R",52,"R",319,"R",9,"Z",0,"Z",0,"Z",0,"R",0
161581, 3,"R",278,"R",6,"R",52,"R",220,"R",6,"Z",0,"Z",0,"Z",0,"R",0
161581,11,"R",102,"R",3,"R",0,"R",99,"R",3,"Z",0,"Z",0,"Z",0,"R",0
161688, 1,"R",2585,"R",455,"R",637,"R",1493,"R",243,"R",212,"R",0,"R",0,"R",0
161688, 2,"R",2585,"R",455,"R",637,"R",1493,"R",243,"R",212,"R",0,"R",0,"R",0
161688, 3,"R",1833,"R",354,"R",612,"R",867,"R",206,"R",148,"R",0,"R",0,"R",0
161688,11,"R",752,"R",101,"R",25,"R",626,"R",37,"R",64,"R",0,"R",0,"R",0
161767, 1,"R",12886,"R",2458,"R",3228,"R",7200,"R",2396,"R",34,"R",0,"R",20,"R",8
161767, 2,"R",12886,"R",2458,"R",3228,"R",7200,"R",2396,"R",34,"R",0,"R",20,"R",8
161767, 3,"R",10720,"R",1930,"R",3071,"R",5719,"R",1875,"R",29,"R",0,"R",20,"R",6
161767,11,"R",2166,"R",528,"R",157,"R",1481,"R",521,"R",5,"R",0,"R",0,"R",2
161800, 1,"R",130,"A",,"A",,"R",130,"A",,"A",,"A",,"A",,"A",
161800, 2,"R",130,"A",,"A",,"R",130,"A",,"A",,"A",,"A",,"A",
161855, 1,"R",35,"A",,"A",,"R",35,"A",,"A",,"A",,"A",,"A",
161855, 2,"R",35,"A",,"A",,"R",35,"A",,"A",,"A",,"A",,"A",
161864, 1,"R",4523,"R",468,"R",1297,"R",2758,"R",298,"R",0,"R",0,"R",0,"R",170
161864, 2,"R",4523,"R",468,"R",1297,"R",2758,"R",298,"R",0,"R",0,"R",0,"R",170
161864, 3,"R",4093,"R",388,"R",1254,"R",2451,"R",271,"R",0,"R",0,"R",0,"R",117
161864,11,"R",430,"R",80,"R",43,"R",307,"R",27,"R",0,"R",0,"R",0,"R",53
161873, 1,"R",5041,"R",817,"R",1602,"R",2622,"R",747,"R",57,"R",0,"R",0,"R",13
161873, 2,"R",2569,"R",340,"R",1074,"R",1155,"R",319,"R",8,"R",0,"R",0,"R",13
161873, 3,"R",2486,"R",277,"R",1073,"R",1136,"R",270,"R",7,"R",0,"R",0,"R",0
161873,11,"R",83,"R",63,"R",1,"R",19,"R",49,"R",1,"R",0,"R",0,"R",13
161873,12,"R",2472,"R",477,"R",528,"R",1467,"R",428,"R",49,"R",0,"R",0,"R",0
162007, 1,"R",6320,"R",56,"R",1915,"R",4349,"R",51,"R",5,"R",0,"R",0,"R",0
162007, 2,"R",5308,"R",45,"R",1787,"R",3476,"R",43,"R",2,"R",0,"R",0,"R",0
162007, 3,"R",5197,"R",40,"R",1786,"R",3371,"R",38,"R",2,"R",0,"R",0,"R",0
162007,11,"R",111,"R",5,"R",1,"R",105,"R",5,"R",0,"R",0,"R",0,"R",0
162007,12,"R",1012,"R",11,"R",128,"R",873,"R",8,"R",3,"R",0,"R",0,"R",0
162061, 1,"R",743,"R",391,"R",284,"R",68,"R",197,"R",191,"R",0,"R",3,"R",0
162061, 2,"R",434,"R",100,"R",268,"R",66,"R",66,"R",34,"R",0,"R",0,"R",0
162061, 3,"R",427,"R",98,"R",268,"R",61,"R",64,"R",34,"R",0,"R",0,"R",0
162061,11,"R",7,"R",2,"R",0,"R",5,"R",2,"R",0,"R",0,"R",0,"R",0
162061,12,"R",309,"R",291,"R",16,"R",2,"R",131,"R",157,"R",0,"R",3,"R",0
162104, 1,"R",2387,"R",172,"R",783,"R",1432,"R",153,"R",17,"R",0,"R",0,"R",2
162104, 2,"R",2387,"R",172,"R",783,"R",1432,"R",153,"R",17,"R",0,"R",0,"R",2
162104, 3,"R",1953,"R",160,"R",777,"R",1016,"R",142,"R",16,"R",0,"R",0,"R",2
162104,11,"R",434,"R",12,"R",6,"R",416,"R",11,"R",1,"R",0,"R",0,"R",0
162122, 1,"R",6882,"R",979,"R",2133,"R",3770,"R",969,"R",0,"R",10,"R",0,"R",0
162122, 2,"R",6882,"R",979,"R",2133,"R",3770,"R",969,"R",0,"R",10,"R",0,"R",0
162122, 3,"R",6399,"R",952,"R",2091,"R",3356,"R",942,"R",0,"R",10,"R",0,"R",0
162122,11,"R",483,"R",27,"R",42,"R",414,"R",27,"R",0,"R",0,"R",0,"R",0
162168, 1,"R",2081,"R",325,"R",756,"R",1000,"R",323,"R",2,"R",0,"R",0,"R",0
162168, 2,"R",2081,"R",325,"R",756,"R",1000,"R",323,"R",2,"R",0,"R",0,"R",0
162168, 3,"R",1621,"R",252,"R",712,"R",657,"R",250,"R",2,"R",0,"R",0,"R",0
162168,11,"R",460,"R",73,"R",44,"R",343,"R",73,"R",0,"R",0,"R",0,"R",0
162210, 1,"R",1131,"R",23,"R",139,"R",969,"R",16,"R",7,"R",0,"R",0,"R",0
162210, 2,"R",960,"R",14,"R",117,"R",829,"R",8,"R",6,"R",0,"R",0,"R",0
162210, 3,"R",836,"R",14,"R",116,"R",706,"R",8,"R",6,"R",0,"R",0,"R",0
162210,11,"R",124,"R",0,"R",1,"R",123,"A",,"A",,"A",,"A",,"A",
162210,12,"R",171,"R",9,"R",22,"R",140,"R",8,"R",1,"R",0,"R",0,"R",0
162283, 1,"R",2738,"R",123,"R",1055,"R",1560,"R",119,"R",4,"R",0,"R",0,"R",0
162283, 2,"R",2362,"R",108,"R",973,"R",1281,"R",104,"R",4,"R",0,"R",0,"R",0
162283, 3,"R",2326,"R",106,"R",969,"R",1251,"R",103,"R",3,"R",0,"R",0,"R",0
162283,11,"R",36,"R",2,"R",4,"R",30,"R",1,"R",1,"R",0,"R",0,"R",0
162283,12,"R",376,"R",15,"R",82,"R",279,"R",15,"R",0,"R",0,"R",0,"R",0
162335, 1,"R",52,"A",,"A",,"R",52,"A",,"A",,"A",,"A",,"A",
162335, 2,"R",52,"A",,"A",,"R",52,"A",,"A",,"A",,"A",,"A",
162371, 1,"R",453,"A",,"A",,"R",453,"A",,"A",,"A",,"A",,"A",
162371, 2,"R",453,"A",,"A",,"R",453,"A",,"A",,"A",,"A",,"A",
162557, 1,"R",6000,"R",857,"R",1442,"R",3701,"R",839,"R",18,"R",0,"R",0,"R",0
162557, 2,"R",6000,"R",857,"R",1442,"R",3701,"R",839,"R",18,"R",0,"R",0,"R",0
162557, 3,"R",4462,"R",732,"R",1347,"R",2383,"R",716,"R",16,"R",0,"R",0,"R",0
162557,11,"R",1538,"R",125,"R",95,"R",1318,"R",123,"R",2,"R",0,"R",0,"R",0
162584, 1,"R",5295,"R",864,"R",925,"R",3506,"R",776,"R",86,"R",0,"R",2,"R",0
162584, 2,"R",4639,"R",506,"R",839,"R",3294,"R",491,"R",15,"R",0,"R",0,"R",0
162584, 3,"R",4359,"R",506,"R",830,"R",3023,"R",491,"R",15,"R",0,"R",0,"R",0
162584,11,"R",280,"R",0,"R",9,"R",271,"A",,"A",,"A",,"A",,"A",
162584,12,"R",656,"R",358,"R",86,"R",212,"R",285,"R",71,"R",0,"R",2,"R",0
162609, 1,"R",658,"R",34,"R",280,"R",344,"R",33,"R",1,"Z",0,"Z",0,"R",0
162609, 2,"R",658,"R",34,"R",280,"R",344,"R",33,"R",1,"Z",0,"Z",0,"R",0
162609, 3,"R",525,"R",15,"R",268,"R",242,"R",14,"R",1,"Z",0,"Z",0,"R",0
162609,11,"R",133,"R",19,"R",12,"R",102,"R",19,"Z",0,"Z",0,"Z",0,"R",0
162654, 1,"R",2267,"R",216,"R",146,"R",1905,"R",192,"R",23,"R",0,"R",1,"R",0
162654, 2,"R",1525,"R",0,"R",2,"R",1523,"A",,"A",,"A",,"A",,"A",
162654, 3,"R",1523,"R",0,"R",2,"R",1521,"A",,"A",,"A",,"A",,"A",
162654,11,"R",2,"R",0,"R",0,"R",2,"A",,"A",,"A",,"A",,"A",
162654,12,"R",742,"R",216,"R",144,"R",382,"R",192,"R",23,"R",0,"R",1,"R",0
162681, 1,"R",494,"R",494,"Z",0,"R",0,"R",192,"R",301,"Z",0,"R",1,"R",0
162681, 2,"R",411,"R",411,"Z",0,"R",0,"R",146,"R",264,"Z",0,"R",1,"R",0
162681, 3,"R",409,"R",409,"Z",0,"R",0,"R",144,"R",264,"Z",0,"R",1,"R",0
162681,11,"R",2,"R",2,"Z",0,"R",0,"R",2,"Z",0,"Z",0,"Z",0,"R",0
162681,12,"R",83,"R",83,"Z",0,"R",0,"R",46,"R",37,"Z",0,"Z",0,"R",0
162690, 1,"R",4156,"R",487,"R",1113,"R",2556,"R",336,"R",151,"R",0,"R",0,"R",0
162690, 2,"R",4156,"R",487,"R",1113,"R",2556,"R",336,"R",151,"R",0,"R",0,"R",0
162690, 3,"R",3241,"R",438,"R",1047,"R",1756,"R",296,"R",142,"R",0,"R",0,"R",0
162690,11,"R",915,"R",49,"R",66,"R",800,"R",40,"R",9,"R",0,"R",0,"R",0
162706, 1,"R",5865,"R",770,"R",1522,"R",3573,"R",754,"R",14,"R",0,"R",0,"R",2
162706, 2,"R",5865,"R",770,"R",1522,"R",3573,"R",754,"R",14,"R",0,"R",0,"R",2
162706, 3,"R",4711,"R",552,"R",1422,"R",2737,"R",540,"R",11,"R",0,"R",0,"R",1
162706,11,"R",1154,"R",218,"R",100,"R",836,"R",214,"R",3,"R",0,"R",0,"R",1
162760, 1,"R",2005,"R",3,"R",3,"R",1999,"R",3,"Z",0,"Z",0,"Z",0,"R",0
162760, 2,"R",1092,"R",0,"R",0,"R",1092,"A",,"A",,"A",,"A",,"A",
162760, 3,"R",1063,"R",0,"R",0,"R",1063,"A",,"A",,"A",,"A",,"A",
162760,11,"R",29,"R",0,"R",0,"R",29,"A",,"A",,"A",,"A",,"A",
162760,12,"R",913,"R",3,"R",3,"R",907,"R",3,"Z",0,"Z",0,"Z",0,"R",0
162779, 1,"R",9211,"R",638,"R",1627,"R",6946,"R",625,"R",11,"R",1,"R",1,"R",0
162779, 2,"R",9211,"R",638,"R",1627,"R",6946,"R",625,"R",11,"R",1,"R",1,"R",0
162779, 3,"R",8598,"R",585,"R",1588,"R",6425,"R",572,"R",11,"R",1,"R",1,"R",0
162779,11,"R",613,"R",53,"R",39,"R",521,"R",53,"R",0,"R",0,"R",0,"R",0
162830, 1,"R",32,"A",,"A",,"R",32,"A",,"A",,"A",,"A",,"A",
162830, 2,"R",32,"A",,"A",,"R",32,"A",,"A",,"A",,"A",,"A",
162928, 1,"R",26152,"R",8722,"R",2521,"R",14909,"R",2060,"R",6346,"R",316,"R",0,"R",0
162928, 2,"R",6064,"R",425,"R",55,"R",5584,"R",67,"R",346,"R",12,"R",0,"R",0
162928, 3,"R",5567,"R",1,"R",55,"R",5511,"R",0,"R",1,"R",0,"R",0,"R",0
162928,11,"R",497,"R",424,"R",0,"R",73,"R",67,"R",345,"R",12,"R",0,"R",0
162928,12,"R",20088,"R",8297,"R",2466,"R",9325,"R",1993,"R",6000,"R",304,"R",0,"R",0
163028, 1,"R",749,"A",,"A",,"R",749,"A",,"A",,"A",,"A",,"A",
163028, 2,"R",749,"A",,"A",,"R",749,"A",,"A",,"A",,"A",,"A",
163028, 3,"R",749,"A",,"A",,"R",749,"A",,"A",,"A",,"A",,"A",
163046, 1,"R",5645,"R",179,"R",149,"R",5317,"R",150,"R",29,"R",0,"R",0,"R",0
163046, 2,"R",3879,"R",0,"R",42,"R",3837,"A",,"A",,"A",,"A",,"A",
163046, 3,"R",3860,"R",0,"R",42,"R",3818,"A",,"A",,"A",,"A",,"A",
163046,11,"R",19,"R",0,"R",0,"R",19,"A",,"A",,"A",,"A",,"A",
163046,12,"R",1766,"R",179,"R",107,"R",1480,"R",150,"R",29,"R",0,"R",0,"R",0
163204, 1,"R",60603,"R",48432,"R",5996,"R",6175,"R",40476,"R",7729,"R",26,"R",194,"R",7
163204, 2,"R",47253,"R",36550,"R",5742,"R",4961,"R",32058,"R",4342,"R",24,"R",119,"R",7
163204, 3,"R",44071,"R",35222,"R",5618,"R",3231,"R",30931,"R",4148,"R",24,"R",113,"R",6
163204,11,"R",3182,"R",1328,"R",124,"R",1730,"R",1127,"R",194,"R",0,"R",6,"R",1
163204,12,"R",13350,"R",11882,"R",254,"R",1214,"R",8418,"R",3387,"R",2,"R",75,"R",0
163259, 1,"R",6777,"R",1070,"R",1061,"R",4646,"R",818,"R",212,"R",2,"R",38,"R",0
163259, 2,"R",909,"R",173,"R",359,"R",377,"R",170,"R",3,"R",0,"R",0,"R",0
163259, 3,"R",892,"R",160,"R",358,"R",374,"R",157,"R",3,"R",0,"R",0,"R",0
163259,11,"R",17,"R",13,"R",1,"R",3,"R",13,"R",0,"R",0,"R",0,"R",0
163259,12,"R",5868,"R",897,"R",702,"R",4269,"R",648,"R",209,"R",2,"R",38,"R",0
163268, 1,"R",13767,"R",412,"R",822,"R",12533,"R",351,"R",57,"R",0,"R",4,"R",0
163268, 2,"R",11260,"R",20,"R",698,"R",10542,"R",19,"R",1,"R",0,"R",0,"R",0
163268, 3,"R",11156,"R",20,"R",698,"R",10438,"R",19,"R",1,"R",0,"R",0,"R",0
163268,11,"R",104,"R",0,"R",0,"R",104,"A",,"A",,"A",,"A",,"A",
163268,12,"R",2507,"R",392,"R",124,"R",1991,"R",332,"R",56,"R",0,"R",4,"R",0
163286, 1,"R",41200,"R",949,"R",4138,"R",36113,"R",535,"R",378,"R",0,"R",36,"R",0
163286, 2,"R",30762,"R",21,"R",3282,"R",27459,"R",20,"R",1,"R",0,"R",0,"R",0
163286, 3,"R",30184,"R",21,"R",3271,"R",26892,"R",20,"R",1,"R",0,"R",0,"R",0
163286,11,"R",578,"R",0,"R",11,"R",567,"A",,"A",,"A",,"A",,"A",
163286,12,"R",10438,"R",928,"R",856,"R",8654,"R",515,"R",377,"R",0,"R",36,"R",0
163295, 1,"R",2178,"R",53,"R",0,"R",2125,"R",21,"R",30,"R",0,"R",2,"R",0
163295, 2,"R",1782,"A",,"A",,"R",1782,"A",,"A",,"A",,"A",,"A",
163295, 3,"R",1774,"A",,"A",,"R",1774,"A",,"A",,"A",,"A",,"A",
163295,11,"R",8,"A",,"A",,"R",8,"A",,"A",,"A",,"A",,"A",
163295,12,"R",396,"R",53,"R",0,"R",343,"R",21,"R",30,"R",0,"R",2,"R",0
163338, 1,"R",3193,"R",93,"R",1127,"R",1973,"R",77,"R",16,"R",0,"R",0,"R",0
163338, 2,"R",2597,"R",66,"R",1089,"R",1442,"R",61,"R",5,"R",0,"R",0,"R",0
163338, 3,"R",2538,"R",45,"R",1081,"R",1412,"R",40,"R",5,"R",0,"R",0,"R",0
163338,11,"R",59,"R",21,"R",8,"R",30,"R",21,"R",0,"R",0,"R",0,"R",0
163338,12,"R",596,"R",27,"R",38,"R",531,"R",16,"R",11,"R",0,"R",0,"R",0
163347, 1,"R",359,"A",,"A",,"R",359,"A",,"A",,"A",,"A",,"A",
163347, 2,"R",359,"A",,"A",,"R",359,"A",,"A",,"A",,"A",,"A",
163408, 1,"R",133,"A",,"A",,"R",133,"A",,"A",,"A",,"A",,"A",
163408, 2,"R",133,"A",,"A",,"R",133,"A",,"A",,"A",,"A",,"A",
163426, 1,"R",21720,"R",1662,"R",4322,"R",15736,"R",1597,"R",65,"R",0,"R",0,"R",0
163426, 2,"R",21720,"R",1662,"R",4322,"R",15736,"R",1597,"R",65,"R",0,"R",0,"R",0
163426, 3,"R",18175,"R",1378,"R",3851,"R",12946,"R",1325,"R",53,"R",0,"R",0,"R",0
163426,11,"R",3545,"R",284,"R",471,"R",2790,"R",272,"R",12,"R",0,"R",0,"R",0
163453, 1,"R",7712,"R",211,"R",1360,"R",6141,"R",159,"R",52,"R",0,"R",0,"R",0
163453, 2,"R",6419,"R",42,"R",1167,"R",5210,"R",33,"R",9,"R",0,"R",0,"R",0
163453, 3,"R",6404,"R",41,"R",1167,"R",5196,"R",32,"R",9,"R",0,"R",0,"R",0
163453,11,"R",15,"R",1,"R",0,"R",14,"R",1,"R",0,"R",0,"R",0,"R",0
163453,12,"R",1293,"R",169,"R",193,"R",931,"R",126,"R",43,"R",0,"R",0,"R",0
163462, 1,"R",2406,"R",31,"R",195,"R",2180,"R",20,"R",0,"R",11,"R",0,"R",0
163462, 2,"R",1888,"R",22,"R",141,"R",1725,"R",11,"R",0,"R",11,"R",0,"R",0
163462, 3,"R",1822,"R",22,"R",141,"R",1659,"R",11,"R",0,"R",11,"R",0,"R",0
163462,11,"R",66,"R",0,"R",0,"R",66,"A",,"A",,"A",,"A",,"A",
163462,12,"R",518,"R",9,"R",54,"R",455,"R",9,"R",0,"R",0,"R",0,"R",0
163532, 1,"R",419,"A",,"A",,"R",419,"A",,"A",,"A",,"A",,"A",
163532, 2,"R",249,"A",,"A",,"R",249,"A",,"A",,"A",,"A",,"A",
163532, 3,"R",249,"A",,"A",,"R",249,"A",,"A",,"A",,"A",,"A",
163532,12,"R",170,"A",,"A",,"R",170,"A",,"A",,"A",,"A",,"A",
163541, 1,"R",379,"A",,"A",,"R",379,"A",,"A",,"A",,"A",,"A",
163541, 2,"R",379,"A",,"A",,"R",379,"A",,"A",,"A",,"A",,"A",
163578, 1,"R",2371,"R",317,"R",381,"R",1673,"R",235,"R",80,"R",0,"R",2,"R",0
163578, 2,"R",836,"R",62,"R",246,"R",528,"R",57,"R",5,"R",0,"R",0,"R",0
163578, 3,"R",835,"R",62,"R",246,"R",527,"R",57,"R",5,"R",0,"R",0,"R",0
163578,11,"R",1,"R",0,"R",0,"R",1,"A",,"A",,"A",,"A",,"A",
163578,12,"R",1535,"R",255,"R",135,"R",1145,"R",178,"R",75,"R",0,"R",2,"R",0
163657, 1,"R",11887,"R",1009,"R",2478,"R",8400,"R",969,"R",39,"R",1,"R",0,"R",0
163657, 2,"R",11887,"R",1009,"R",2478,"R",8400,"R",969,"R",39,"R",1,"R",0,"R",0
163657, 3,"R",10175,"R",924,"R",2354,"R",6897,"R",887,"R",36,"R",1,"R",0,"R",0
163657,11,"R",1712,"R",85,"R",124,"R",1503,"R",82,"R",3,"R",0,"R",0,"R",0
163754, 1,"R",34,"A",,"A",,"R",34,"A",,"A",,"A",,"A",,"A",
163754, 2,"R",34,"A",,"A",,"R",34,"A",,"A",,"A",,"A",,"A",
163815, 1,"R",67,"A",,"A",,"R",67,"A",,"A",,"A",,"A",,"A",
163815, 2,"R",67,"A",,"A",,"R",67,"A",,"A",,"A",,"A",,"A",
163851, 1,"R",8567,"R",256,"R",1259,"R",7052,"R",159,"R",93,"R",0,"R",1,"R",3
163851, 2,"R",7650,"R",37,"R",1149,"R",6464,"R",6,"R",27,"R",0,"R",1,"R",3
163851, 3,"R",7444,"R",24,"R",1138,"R",6282,"R",6,"R",15,"R",0,"R",0,"R",3
163851,11,"R",206,"R",13,"R",11,"R",182,"R",0,"R",12,"R",0,"R",1,"R",0
163851,12,"R",917,"R",219,"R",110,"R",588,"R",153,"R",66,"R",0,"R",0,"R",0
163912, 1,"R",1582,"A",,"A",,"R",1582,"A",,"A",,"A",,"A",,"A",
163912, 2,"R",1552,"A",,"A",,"R",1552,"A",,"A",,"A",,"A",,"A",
163912, 3,"R",1538,"A",,"A",,"R",1538,"A",,"A",,"A",,"A",,"A",
163912,11,"R",14,"A",,"A",,"R",14,"A",,"A",,"A",,"A",,"A",
163912,12,"R",30,"A",,"A",,"R",30,"A",,"A",,"A",,"A",,"A",
163976, 1,"R",527,"A",,"A",,"R",527,"A",,"A",,"A",,"A",,"A",
163976, 2,"R",474,"A",,"A",,"R",474,"A",,"A",,"A",,"A",,"A",
163976, 3,"R",474,"A",,"A",,"R",474,"A",,"A",,"A",,"A",,"A",
163976,12,"R",53,"A",,"A",,"R",53,"A",,"A",,"A",,"A",,"A",
164076, 1,"R",22923,"R",484,"R",3895,"R",18544,"R",468,"R",16,"R",0,"R",0,"R",0
164076, 2,"R",19818,"R",169,"R",3627,"R",16022,"R",167,"R",2,"R",0,"R",0,"R",0
164076, 3,"R",19623,"R",167,"R",3622,"R",15834,"R",165,"R",2,"R",0,"R",0,"R",0
164076,11,"R",195,"R",2,"R",5,"R",188,"R",2,"R",0,"R",0,"R",0,"R",0
164076,12,"R",3105,"R",315,"R",268,"R",2522,"R",301,"R",14,"R",0,"R",0,"R",0
164085, 1,"R",1065,"R",732,"R",0,"R",333,"R",151,"R",534,"R",5,"R",30,"R",12
164085,12,"R",1065,"R",732,"R",0,"R",333,"R",151,"R",534,"R",5,"R",30,"R",12
164155, 1,"R",4512,"A",,"A",,"R",4512,"A",,"A",,"A",,"A",,"A",
164155, 2,"R",4512,"A",,"A",,"R",4512,"A",,"A",,"A",,"A",,"A",
164155, 3,"R",4512,"A",,"A",,"R",4512,"A",,"A",,"A",,"A",,"A",
164173, 1,"R",3615,"R",733,"R",1233,"R",1649,"R",592,"R",141,"R",0,"R",0,"R",0
164173, 2,"R",3113,"R",253,"R",1211,"R",1649,"R",234,"R",19,"R",0,"R",0,"R",0
164173, 3,"R",3087,"R",253,"R",1211,"R",1623,"R",234,"R",19,"R",0,"R",0,"R",0
164173,11,"R",26,"R",0,"R",0,"R",26,"A",,"A",,"A",,"A",,"A",
164173,12,"R",502,"R",480,"R",22,"R",0,"R",358,"R",122,"R",0,"R",0,"R",0
164216, 1,"R",1367,"A",,"A",,"R",1367,"A",,"A",,"A",,"A",,"A",
164216, 2,"R",1367,"A",,"A",,"R",1367,"A",,"A",,"A",,"A",,"A",
164216, 3,"R",1342,"A",,"A",,"R",1342,"A",,"A",,"A",,"A",,"A",
164216,11,"R",25,"A",,"A",,"R",25,"A",,"A",,"A",,"A",,"A",
164270, 1,"R",2780,"R",352,"R",178,"R",2250,"R",292,"R",60,"R",0,"R",0,"R",0
164270, 2,"R",1603,"R",1,"R",62,"R",1540,"R",1,"R",0,"R",0,"R",0,"R",0
164270, 3,"R",1542,"R",1,"R",62,"R",1479,"R",1,"R",0,"R",0,"R",0,"R",0
164270,11,"R",61,"R",0,"R",0,"R",61,"A",,"A",,"A",,"A",,"A",
164270,12,"R",1177,"R",351,"R",116,"R",710,"R",291,"R",60,"R",0,"R",0,"R",0
164313, 1,"R",3024,"R",197,"R",568,"R",2259,"R",191,"R",6,"R",0,"R",0,"R",0
164313, 2,"R",3024,"R",197,"R",568,"R",2259,"R",191,"R",6,"R",0,"R",0,"R",0
164313, 3,"R",2442,"R",102,"R",535,"R",1805,"R",98,"R",4,"R",0,"R",0,"R",0
164313,11,"R",582,"R",95,"R",33,"R",454,"R",93,"R",2,"R",0,"R",0,"R",0
164368, 1,"R",3065,"A",,"A",,"R",3065,"A",,"A",,"A",,"A",,"A",
164368, 2,"R",574,"A",,"A",,"R",574,"A",,"A",,"A",,"A",,"A",
164368, 3,"R",574,"A",,"A",,"R",574,"A",,"A",,"A",,"A",,"A",
164368,12,"R",2491,"A",,"A",,"R",2491,"A",,"A",,"A",,"A",,"A",
164438, 1,"R",1237,"R",1237,"A",,"A",,"R",291,"R",943,"R",0,"R",2,"R",1
164438, 2,"R",1053,"R",1053,"A",,"A",,"R",240,"R",812,"R",0,"R",0,"R",1
164438, 3,"R",1042,"R",1042,"A",,"A",,"R",238,"R",804,"R",0,"R",0,"R",0
164438,11,"R",11,"R",11,"A",,"A",,"R",2,"R",8,"R",0,"R",0,"R",1
164438,12,"R",184,"R",184,"A",,"A",,"R",51,"R",131,"R",0,"R",2,"R",0
164447, 1,"R",3152,"R",103,"Z",0,"R",3049,"R",80,"R",22,"Z",0,"R",1,"R",0
164447, 2,"R",1336,"R",24,"Z",0,"R",1312,"R",18,"R",5,"Z",0,"R",1,"R",0
164447, 3,"R",1307,"R",24,"Z",0,"R",1283,"R",18,"R",5,"Z",0,"R",1,"R",0
164447,11,"R",29,"R",0,"Z",0,"R",29,"A",,"A",,"A",,"A",,"A",
164447,12,"R",1816,"R",79,"Z",0,"R",1737,"R",62,"R",17,"Z",0,"Z",0,"R",0
164465, 1,"R",1855,"A",,"A",,"R",1855,"A",,"A",,"A",,"A",,"A",
164465, 2,"R",1855,"A",,"A",,"R",1855,"A",,"A",,"A",,"A",,"A",
164465, 3,"R",1855,"A",,"A",,"R",1855,"A",,"A",,"A",,"A",,"A",
164474, 1,"R",11,"A",,"A",,"R",11,"A",,"A",,"A",,"A",,"A",
164474,12,"R",11,"A",,"A",,"R",11,"A",,"A",,"A",,"A",,"A",
164492, 1,"R",1461,"R",380,"Z",0,"R",1081,"R",277,"R",103,"Z",0,"Z",0,"R",0
164492, 2,"R",1134,"R",196,"Z",0,"R",938,"R",145,"R",51,"Z",0,"Z",0,"R",0
164492, 3,"R",1131,"R",196,"Z",0,"R",935,"R",145,"R",51,"Z",0,"Z",0,"R",0
164492,11,"R",3,"R",0,"Z",0,"R",3,"A",,"A",,"A",,"A",,"A",
164492,12,"R",327,"R",184,"Z",0,"R",143,"R",132,"R",52,"Z",0,"Z",0,"R",0
164535, 1,"R",50,"A",,"A",,"R",50,"A",,"A",,"A",,"A",,"A",
164535, 2,"R",50,"A",,"A",,"R",50,"A",,"A",,"A",,"A",,"A",
164535, 3,"R",50,"A",,"A",,"R",50,"A",,"A",,"A",,"A",,"A",
164562, 1,"R",2428,"R",161,"R",111,"R",2156,"R",128,"R",33,"Z",0,"Z",0,"R",0
164562, 2,"R",2036,"R",84,"R",23,"R",1929,"R",76,"R",8,"Z",0,"Z",0,"R",0
164562, 3,"R",2014,"R",76,"R",23,"R",1915,"R",69,"R",7,"Z",0,"Z",0,"R",0
164562,11,"R",22,"R",8,"Z",0,"R",14,"R",7,"R",1,"Z",0,"Z",0,"R",0
164562,12,"R",392,"R",77,"R",88,"R",227,"R",52,"R",25,"Z",0,"Z",0,"R",0
164580, 1,"R",3357,"R",3,"R",47,"R",3307,"R",2,"R",1,"R",0,"R",0,"R",0
164580, 2,"R",2361,"R",0,"R",0,"R",2361,"A",,"A",,"A",,"A",,"A",
164580, 3,"R",2361,"R",0,"R",0,"R",2361,"A",,"A",,"A",,"A",,"A",
164580,12,"R",996,"R",3,"R",47,"R",946,"R",2,"R",1,"R",0,"R",0,"R",0
164599, 1,"R",45,"A",,"A",,"R",45,"A",,"A",,"A",,"A",,"A",
164599, 2,"R",45,"A",,"A",,"R",45,"A",,"A",,"A",,"A",,"A",
164614, 1,"R",81,"R",0,"R",3,"R",78,"A",,"A",,"A",,"A",,"A",
164614, 2,"R",81,"R",0,"R",3,"R",78,"A",,"A",,"A",,"A",,"A",
164614, 3,"R",56,"R",0,"R",3,"R",53,"A",,"A",,"A",,"A",,"A",
164614,11,"R",25,"R",0,"R",0,"R",25,"A",,"A",,"A",,"A",,"A",
164632, 1,"R",3444,"R",1501,"R",667,"R",1276,"R",837,"R",663,"R",0,"R",1,"R",0
164632, 2,"R",1923,"R",886,"R",382,"R",655,"R",481,"R",404,"R",0,"R",1,"R",0
164632, 3,"R",1921,"R",884,"R",382,"R",655,"R",481,"R",402,"R",0,"R",1,"R",0
164632,11,"R",2,"R",2,"R",0,"R",0,"Z",0,"R",2,"Z",0,"Z",0,"R",0
164632,12,"R",1521,"R",615,"R",285,"R",621,"R",356,"R",259,"Z",0,"Z",0,"R",0
164641, 1,"R",700,"R",103,"R",317,"R",280,"R",94,"R",9,"R",0,"R",0,"R",0
164641, 2,"R",700,"R",103,"R",317,"R",280,"R",94,"R",9,"R",0,"R",0,"R",0
164641, 3,"R",684,"R",103,"R",315,"R",266,"R",94,"R",9,"R",0,"R",0,"R",0
164641,11,"R",16,"R",0,"R",2,"R",14,"A",,"A",,"A",,"A",,"A",
164678, 1,"P",123,"A",,"A",,"P",123,"A",,"A",,"A",,"A",,"A",
164678, 2,"P",123,"A",,"A",,"P",123,"A",,"A",,"A",,"A",,"A",
164720, 1,"R",1839,"R",97,"R",1249,"R",493,"R",87,"R",9,"R",0,"R",1,"R",0
164720, 2,"R",1824,"R",97,"R",1249,"R",478,"R",87,"R",9,"R",0,"R",1,"R",0
164720, 3,"R",1725,"R",82,"R",1247,"R",396,"R",72,"R",9,"R",0,"R",1,"R",0
164720,11,"R",99,"R",15,"R",2,"R",82,"R",15,"R",0,"R",0,"R",0,"R",0
164720,12,"R",15,"R",0,"R",0,"R",15,"A",,"A",,"A",,"A",,"A",
164739, 1,"R",5460,"R",53,"Z",0,"R",5407,"R",21,"R",30,"Z",0,"R",2,"R",0
164739, 2,"R",4253,"R",28,"Z",0,"R",4225,"R",19,"R",9,"Z",0,"Z",0,"R",0
164739, 3,"R",4177,"R",28,"Z",0,"R",4149,"R",19,"R",9,"Z",0,"Z",0,"R",0
164739,11,"R",76,"Z",0,"Z",0,"R",76,"A",,"A",,"A",,"A",,"A",
164739,12,"R",1207,"R",25,"Z",0,"R",1182,"R",2,"R",21,"Z",0,"R",2,"R",0
164748, 1,"R",6963,"R",1297,"R",285,"R",5381,"R",61,"R",1137,"R",4,"R",95,"R",0
164748, 2,"R",6400,"R",1201,"R",285,"R",4914,"R",57,"R",1051,"R",2,"R",91,"R",0
164748, 3,"R",6332,"R",1201,"R",285,"R",4846,"R",57,"R",1051,"R",2,"R",91,"R",0
164748,11,"R",68,"R",0,"R",0,"R",68,"A",,"A",,"A",,"A",,"A",
164748,12,"R",563,"R",96,"R",0,"R",467,"R",4,"R",86,"R",2,"R",4,"R",0
164775, 1,"R",1696,"R",141,"R",357,"R",1198,"R",137,"R",4,"R",0,"R",0,"R",0
164775, 2,"R",1696,"R",141,"R",357,"R",1198,"R",137,"R",4,"R",0,"R",0,"R",0
164775, 3,"R",1419,"R",102,"R",347,"R",970,"R",99,"R",3,"R",0,"R",0,"R",0
164775,11,"R",277,"R",39,"R",10,"R",228,"R",38,"R",1,"R",0,"R",0,"R",0
164845, 1,"R",118,"A",,"A",,"R",118,"A",,"A",,"A",,"A",,"A",
164845, 2,"R",118,"A",,"A",,"R",118,"A",,"A",,"A",,"A",,"A",
164872, 1,"R",663,"R",122,"R",158,"R",383,"R",24,"R",72,"R",0,"R",24,"R",2
164872, 2,"R",337,"R",46,"R",67,"R",224,"R",15,"R",14,"R",0,"R",17,"R",0
164872, 3,"R",271,"R",30,"R",67,"R",174,"R",14,"R",14,"R",0,"R",2,"R",0
164872,11,"R",66,"R",16,"R",0,"R",50,"R",1,"R",0,"R",0,"R",15,"R",0
164872,12,"R",326,"R",76,"R",91,"R",159,"R",9,"R",58,"R",0,"R",7,"R",2
164915, 1,"R",135,"A",,"A",,"R",135,"A",,"A",,"A",,"A",,"A",
164915,12,"R",135,"A",,"A",,"R",135,"A",,"A",,"A",,"A",,"A",
164924, 1,"R",14720,"R",189,"R",316,"R",14215,"R",134,"R",54,"R",0,"R",1,"R",0
164924, 2,"R",9927,"R",38,"R",131,"R",9758,"R",34,"R",3,"R",0,"R",1,"R",0
164924, 3,"R",9639,"R",23,"R",116,"R",9500,"R",22,"R",1,"R",0,"R",0,"R",0
164924,11,"R",288,"R",15,"R",15,"R",258,"R",12,"R",2,"R",0,"R",1,"R",0
164924,12,"R",4793,"R",151,"R",185,"R",4457,"R",100,"R",51,"R",0,"R",0,"R",0
164988, 1,"R",34657,"R",2534,"R",930,"R",31193,"R",518,"R",1767,"R",249,"Z",0,"R",0
164988, 2,"R",18515,"R",95,"R",151,"R",18269,"R",31,"R",40,"R",24,"Z",0,"R",0
164988, 3,"R",17238,"R",53,"R",140,"R",17045,"R",14,"R",33,"R",6,"Z",0,"R",0
164988,11,"R",1277,"R",42,"R",11,"R",1224,"R",17,"R",7,"R",18,"Z",0,"R",0
164988,12,"R",16142,"R",2439,"R",779,"R",12924,"R",487,"R",1727,"R",225,"Z",0,"R",0
165015, 1,"R",5800,"R",392,"R",41,"R",5367,"R",194,"R",192,"R",0,"R",6,"R",0
165015, 2,"R",3639,"R",0,"R",3,"R",3636,"A",,"A",,"A",,"A",,"A",
165015, 3,"R",3627,"R",0,"R",3,"R",3624,"A",,"A",,"A",,"A",,"A",
165015,11,"R",12,"R",0,"R",0,"R",12,"A",,"A",,"A",,"A",,"A",
165015,12,"R",2161,"R",392,"R",38,"R",1731,"R",194,"R",192,"R",0,"R",6,"R",0
165024, 1,"R",10990,"R",333,"R",3101,"R",7556,"R",314,"R",16,"Z",0,"Z",0,"R",3
165024, 2,"R",9504,"R",240,"R",2943,"R",6321,"R",230,"R",7,"Z",0,"Z",0,"R",3
165024, 3,"R",9312,"R",218,"R",2929,"R",6165,"R",211,"R",5,"Z",0,"Z",0,"R",2
165024,11,"R",192,"R",22,"R",14,"R",156,"R",19,"R",2,"Z",0,"Z",0,"R",1
165024,12,"R",1486,"R",93,"R",158,"R",1235,"R",84,"R",9,"Z",0,"Z",0,"R",0
165033, 1,"R",7214,"R",1064,"R",2329,"R",3821,"R",991,"R",73,"R",0,"R",0,"R",0
165033, 2,"R",7214,"R",1064,"R",2329,"R",3821,"R",991,"R",73,"R",0,"R",0,"R",0
165033, 3,"R",6509,"R",895,"R",2271,"R",3343,"R",835,"R",60,"R",0,"R",0,"R",0
165033,11,"R",705,"R",169,"R",58,"R",478,"R",156,"R",13,"R",0,"R",0,"R",0
165060, 1,"R",244,"A",,"A",,"R",244,"A",,"A",,"A",,"A",,"A",
165060, 2,"R",244,"A",,"A",,"R",244,"A",,"A",,"A",,"A",,"A",
165112, 1,"R",12522,"R",843,"R",2586,"R",9093,"R",829,"R",14,"R",0,"R",0,"R",0
165112, 2,"R",12522,"R",843,"R",2586,"R",9093,"R",829,"R",14,"R",0,"R",0,"R",0
165112, 3,"R",11216,"R",745,"R",2443,"R",8028,"R",732,"R",13,"R",0,"R",0,"R",0
165112,11,"R",1306,"R",98,"R",143,"R",1065,"R",97,"R",1,"R",0,"R",0,"R",0
165167, 1,"R",2234,"R",88,"R",288,"R",1858,"R",65,"R",23,"R",0,"R",0,"R",0
165167, 2,"R",730,"R",25,"R",112,"R",593,"R",21,"R",4,"R",0,"R",0,"R",0
165167, 3,"R",690,"R",24,"R",112,"R",554,"R",20,"R",4,"R",0,"R",0,"R",0
165167,11,"R",40,"R",1,"R",0,"R",39,"R",1,"R",0,"R",0,"R",0,"R",0
165167,12,"R",1504,"R",63,"R",176,"R",1265,"R",44,"R",19,"R",0,"R",0,"R",0
165194, 1,"R",2996,"R",303,"R",581,"R",2112,"R",298,"R",4,"R",0,"R",0,"R",1
165194, 2,"R",2996,"R",303,"R",581,"R",2112,"R",298,"R",4,"R",0,"R",0,"R",1
165194, 3,"R",2544,"R",243,"R",552,"R",1749,"R",239,"R",3,"R",0,"R",0,"R",1
165194,11,"R",452,"R",60,"R",29,"R",363,"R",59,"R",1,"R",0,"R",0,"R",0
165255, 1,"R",162,"A",,"A",,"R",162,"A",,"A",,"A",,"A",,"A",
165255, 2,"R",162,"A",,"A",,"R",162,"A",,"A",,"A",,"A",,"A",
165264, 1,"R",845,"R",65,"R",11,"R",769,"R",18,"R",40,"R",0,"R",7,"R",0
165264, 2,"R",845,"R",65,"R",11,"R",769,"R",18,"R",40,"R",0,"R",7,"R",0
165264, 3,"R",845,"R",65,"R",11,"R",769,"R",18,"R",40,"R",0,"R",7,"R",0
165334, 1,"R",3122,"R",0,"R",112,"R",3010,"A",,"A",,"A",,"A",,"A",
165334, 2,"R",2304,"A",,"A",,"R",2304,"A",,"A",,"A",,"A",,"A",
165334, 3,"R",2252,"A",,"A",,"R",2252,"A",,"A",,"A",,"A",,"A",
165334,11,"R",52,"A",,"A",,"R",52,"A",,"A",,"A",,"A",,"A",
165334,12,"R",818,"Z",0,"R",112,"R",706,"A",,"A",,"A",,"A",,"A",
165495, 1,"R",14,"A",,"A",,"R",14,"A",,"A",,"A",,"A",,"A",
165495,12,"R",14,"A",,"A",,"R",14,"A",,"A",,"A",,"A",,"A",
165529, 1,"R",2580,"R",84,"R",158,"R",2338,"R",82,"R",2,"R",0,"R",0,"R",0
165529, 2,"R",2358,"R",84,"R",158,"R",2116,"R",82,"R",2,"R",0,"R",0,"R",0
165529, 3,"R",2342,"R",82,"R",156,"R",2104,"R",80,"R",2,"R",0,"R",0,"R",0
165529,11,"R",16,"R",2,"R",2,"R",12,"R",2,"R",0,"R",0,"R",0,"R",0
165529,12,"R",222,"A",,"A",,"R",222,"A",,"A",,"A",,"A",,"A",
165556, 1,"R",321,"A",,"A",,"R",321,"A",,"A",,"A",,"A",,"A",
165556, 2,"R",321,"A",,"A",,"R",321,"A",,"A",,"A",,"A",,"A",
165574, 1,"R",1320,"R",37,"R",105,"R",1178,"R",32,"R",5,"Z",0,"Z",0,"R",0
165574, 2,"R",1320,"R",37,"R",105,"R",1178,"R",32,"R",5,"Z",0,"Z",0,"R",0
165574, 3,"R",1275,"R",30,"R",104,"R",1141,"R",26,"R",4,"Z",0,"Z",0,"R",0
165574,11,"R",45,"R",7,"R",1,"R",37,"R",6,"R",1,"Z",0,"Z",0,"R",0
165608, 1,"R",62,"A",,"A",,"R",62,"A",,"A",,"A",,"A",,"A",
165608, 2,"R",62,"A",,"A",,"R",62,"A",,"A",,"A",,"A",,"A",
165608, 3,"R",62,"A",,"A",,"R",62,"A",,"A",,"A",,"A",,"A",
165635, 1,"R",296,"A",,"A",,"R",296,"A",,"A",,"A",,"A",,"A",
165635, 2,"R",296,"A",,"A",,"R",296,"A",,"A",,"A",,"A",,"A",
165644, 1,"R",848,"A",,"A",,"R",848,"A",,"A",,"A",,"A",,"A",
165644, 2,"R",660,"A",,"A",,"R",660,"A",,"A",,"A",,"A",,"A",
165644, 3,"R",658,"A",,"A",,"R",658,"A",,"A",,"A",,"A",,"A",
165644,11,"R",2,"A",,"A",,"R",2,"A",,"A",,"A",,"A",,"A",
165644,12,"R",188,"A",,"A",,"R",188,"A",,"A",,"A",,"A",,"A",
165662, 1,"R",4573,"R",85,"R",44,"R",4444,"R",22,"R",63,"Z",0,"Z",0,"R",0
165662, 2,"R",3855,"R",31,"Z",0,"R",3824,"R",4,"R",27,"Z",0,"Z",0,"R",0
165662, 3,"R",3817,"Z",0,"Z",0,"R",3817,"A",,"A",,"A",,"A",,"A",
165662,11,"R",38,"R",31,"Z",0,"R",7,"R",4,"R",27,"Z",0,"Z",0,"R",0
165662,12,"R",718,"R",54,"R",44,"R",620,"R",18,"R",36,"Z",0,"Z",0,"R",0
165671, 1,"R",2209,"R",30,"R",11,"R",2168,"R",24,"R",6,"Z",0,"Z",0,"R",0
165671, 2,"R",2089,"R",13,"R",2,"R",2074,"R",13,"Z",0,"Z",0,"Z",0,"R",0
165671, 3,"R",1976,"R",13,"R",2,"R",1961,"R",13,"Z",0,"Z",0,"Z",0,"R",0
165671,11,"R",113,"R",0,"R",0,"R",113,"A",,"A",,"A",,"A",,"A",
165671,12,"R",120,"R",17,"R",9,"R",94,"R",11,"R",6,"Z",0,"Z",0,"R",0
165699, 1,"R",4794,"R",1106,"R",587,"R",3101,"R",598,"R",459,"R",0,"R",49,"R",0
165699, 2,"R",3132,"R",123,"R",483,"R",2526,"R",71,"R",42,"R",0,"R",10,"R",0
165699, 3,"R",3033,"R",118,"R",478,"R",2437,"R",66,"R",42,"R",0,"R",10,"R",0
165699,11,"R",99,"R",5,"R",5,"R",89,"R",5,"R",0,"R",0,"R",0,"R",0
165699,12,"R",1662,"R",983,"R",104,"R",575,"R",527,"R",417,"R",0,"R",39,"R",0
165750, 1,"R",45,"A",,"A",,"R",45,"A",,"A",,"A",,"A",,"A",
165750, 2,"R",45,"A",,"A",,"R",45,"A",,"A",,"A",,"A",,"A",
165802, 1,"R",1663,"R",936,"R",79,"R",648,"R",832,"R",99,"R",2,"R",3,"R",0
165802, 2,"R",1628,"R",915,"R",79,"R",634,"R",815,"R",95,"R",2,"R",3,"R",0
165802, 3,"R",1304,"R",592,"R",79,"R",633,"R",504,"R",85,"R",0,"R",3,"R",0
165802,11,"R",324,"R",323,"R",0,"R",1,"R",311,"R",10,"R",2,"R",0,"R",0
165802,12,"R",35,"R",21,"R",0,"R",14,"R",17,"R",4,"R",0,"R",0,"R",0
165820, 1,"R",7199,"R",1249,"R",3784,"R",2166,"R",795,"R",442,"R",0,"R",12,"R",0
165820, 2,"R",4163,"R",152,"R",2811,"R",1200,"R",136,"R",16,"R",0,"R",0,"R",0
165820, 3,"R",4070,"R",140,"R",2775,"R",1155,"R",126,"R",14,"R",0,"R",0,"R",0
165820,11,"R",93,"R",12,"R",36,"R",45,"R",10,"R",2,"R",0,"R",0,"R",0
165820,12,"R",3036,"R",1097,"R",973,"R",966,"R",659,"R",426,"R",0,"R",12,"R",0
165866, 1,"R",5565,"R",670,"R",570,"R",4325,"R",547,"R",41,"R",19,"R",63,"R",0
165866, 2,"R",3937,"R",136,"R",445,"R",3356,"R",131,"R",5,"R",0,"R",0,"R",0
165866, 3,"R",3804,"R",110,"R",426,"R",3268,"R",106,"R",4,"R",0,"R",0,"R",0
165866,11,"R",133,"R",26,"R",19,"R",88,"R",25,"R",1,"R",0,"R",0,"R",0
165866,12,"R",1628,"R",534,"R",125,"R",969,"R",416,"R",36,"R",19,"R",63,"R",0
165884, 1,"R",630,"A",,"A",,"R",630,"A",,"A",,"A",,"A",,"A",
165884, 2,"R",630,"A",,"A",,"R",630,"A",,"A",,"A",,"A",,"A",
165884, 3,"R",550,"A",,"A",,"R",550,"A",,"A",,"A",,"A",,"A",
165884,11,"R",80,"A",,"A",,"R",80,"A",,"A",,"A",,"A",,"A",
165936, 1,"R",1955,"R",24,"R",205,"R",1726,"R",15,"R",9,"R",0,"R",0,"R",0
165936, 2,"R",1618,"R",2,"R",186,"R",1430,"R",0,"R",2,"R",0,"R",0,"R",0
165936, 3,"R",1593,"R",1,"R",184,"R",1408,"R",0,"R",1,"R",0,"R",0,"R",0
165936,11,"R",25,"R",1,"R",2,"R",22,"R",0,"R",1,"R",0,"R",0,"R",0
165936,12,"R",337,"R",22,"R",19,"R",296,"R",15,"R",7,"R",0,"R",0,"R",0
165945, 1,"R",1696,"R",87,"R",248,"R",1361,"R",15,"R",63,"R",0,"R",9,"R",0
165945,12,"R",1696,"R",87,"R",248,"R",1361,"R",15,"R",63,"R",0,"R",9,"R",0
165981, 1,"R",1822,"R",203,"R",388,"R",1231,"R",186,"R",17,"R",0,"R",0,"R",0
165981, 2,"R",1822,"R",203,"R",388,"R",1231,"R",186,"R",17,"R",0,"R",0,"R",0
165981, 3,"R",1528,"R",166,"R",367,"R",995,"R",153,"R",13,"R",0,"R",0,"R",0
165981,11,"R",294,"R",37,"R",21,"R",236,"R",33,"R",4,"R",0,"R",0,"R",0
166018, 1,"R",1191,"A",,"A",,"R",1191,"A",,"A",,"A",,"A",,"A",
166018, 2,"R",1191,"A",,"A",,"R",1191,"A",,"A",,"A",,"A",,"A",
166018, 3,"R",1175,"A",,"A",,"R",1175,"A",,"A",,"A",,"A",,"A",
166018,11,"R",16,"A",,"A",,"R",16,"A",,"A",,"A",,"A",,"A",
166027, 1,"R",31566,"R",4087,"R",1594,"R",25885,"R",1247,"R",2322,"R",25,"R",493,"R",0
166027, 2,"R",9950,"R",849,"R",594,"R",8507,"R",248,"R",500,"R",10,"R",91,"R",0
166027, 3,"R",7582,"R",140,"R",277,"R",7165,"R",40,"R",81,"R",1,"R",18,"R",0
166027,11,"R",2368,"R",709,"R",317,"R",1342,"R",208,"R",419,"R",9,"R",73,"R",0
166027,12,"R",21616,"R",3238,"R",1000,"R",17378,"R",999,"R",1822,"R",15,"R",402,"R",0
166045, 1,"R",182,"R",52,"R",30,"R",100,"R",7,"R",34,"R",0,"R",10,"R",1
166045, 2,"R",50,"R",9,"R",0,"R",41,"R",2,"R",7,"Z",0,"Z",0,"R",0
166045, 3,"R",4,"R",3,"R",0,"R",1,"R",1,"R",2,"Z",0,"Z",0,"R",0
166045,11,"R",46,"R",6,"Z",0,"R",40,"R",1,"R",5,"Z",0,"Z",0,"R",0
166045,12,"R",132,"R",43,"R",30,"R",59,"R",5,"R",27,"R",0,"R",10,"R",1
166054, 1,"R",154,"A",,"A",,"R",154,"A",,"A",,"A",,"A",,"A",
166054, 2,"R",67,"A",,"A",,"R",67,"A",,"A",,"A",,"A",,"A",
166054, 3,"R",65,"A",,"A",,"R",65,"A",,"A",,"A",,"A",,"A",
166054,11,"R",2,"A",,"A",,"R",2,"A",,"A",,"A",,"A",,"A",
166054,12,"R",87,"A",,"A",,"R",87,"A",,"A",,"A",,"A",,"A",
166124, 1,"R",2939,"A",,"A",,"R",2939,"A",,"A",,"A",,"A",,"A",
166124, 2,"R",2939,"A",,"A",,"R",2939,"A",,"A",,"A",,"A",,"A",
166124, 3,"R",2913,"A",,"A",,"R",2913,"A",,"A",,"A",,"A",,"A",
166124,11,"R",26,"A",,"A",,"R",26,"A",,"A",,"A",,"A",,"A",
166133, 1,"R",5206,"R",731,"R",1678,"R",2797,"R",713,"R",18,"R",0,"R",0,"R",0
166133, 2,"R",5206,"R",731,"R",1678,"R",2797,"R",713,"R",18,"R",0,"R",0,"R",0
166133, 3,"R",4682,"R",616,"R",1646,"R",2420,"R",599,"R",17,"R",0,"R",0,"R",0
166133,11,"R",524,"R",115,"R",32,"R",377,"R",114,"R",1,"R",0,"R",0,"R",0
166391, 1,"R",2060,"R",224,"R",250,"R",1586,"R",167,"R",56,"Z",0,"R",0,"R",1
166391, 2,"R",1674,"R",1,"R",171,"R",1502,"R",1,"Z",0,"Z",0,"Z",0,"R",0
166391, 3,"R",1650,"R",1,"R",171,"R",1478,"R",1,"Z",0,"Z",0,"Z",0,"R",0
166391,11,"R",24,"R",0,"R",0,"R",24,"A",,"A",,"A",,"A",,"A",
166391,12,"R",386,"R",223,"R",79,"R",84,"R",166,"R",56,"Z",0,"R",0,"R",1
166407, 1,"R",281,"A",,"A",,"R",281,"A",,"A",,"A",,"A",,"A",
166407, 2,"R",281,"A",,"A",,"R",281,"A",,"A",,"A",,"A",,"A",
166407, 3,"R",281,"A",,"A",,"R",281,"A",,"A",,"A",,"A",,"A",
166452, 1,"R",4838,"R",510,"R",461,"R",3867,"R",167,"R",77,"R",265,"R",1,"R",0
166452, 2,"R",2208,"R",186,"R",247,"R",1775,"R",80,"R",23,"R",82,"R",1,"R",0
166452, 3,"R",2108,"R",186,"R",247,"R",1675,"R",80,"R",23,"R",82,"R",1,"R",0
166452,11,"R",100,"R",0,"R",0,"R",100,"A",,"A",,"A",,"A",,"A",
166452,12,"R",2630,"R",324,"R",214,"R",2092,"R",87,"R",54,"R",183,"R",0,"R",0
166489, 1,"R",244,"A",,"A",,"R",244,"A",,"A",,"A",,"A",,"A",
166489, 2,"R",36,"A",,"A",,"R",36,"A",,"A",,"A",,"A",,"A",
166489, 3,"R",36,"A",,"A",,"R",36,"A",,"A",,"A",,"A",,"A",
166489,12,"R",208,"A",,"A",,"R",208,"A",,"A",,"A",,"A",,"A",
166498, 1,"R",95,"A",,"A",,"R",95,"A",,"A",,"A",,"A",,"A",
166498, 2,"R",95,"A",,"A",,"R",95,"A",,"A",,"A",,"A",,"A",
166513, 1,"R",18242,"R",4103,"R",1715,"R",12424,"R",2630,"R",1161,"Z",0,"R",306,"R",6
166513, 2,"R",14004,"R",2209,"R",1380,"R",10415,"R",1506,"R",674,"Z",0,"R",27,"R",2
166513, 3,"R",13385,"R",1929,"R",1352,"R",10104,"R",1307,"R",601,"Z",0,"R",21,"R",0
166513,11,"R",619,"R",280,"R",28,"R",311,"R",199,"R",73,"Z",0,"R",6,"R",2
166513,12,"R",4238,"R",1894,"R",335,"R",2009,"R",1124,"R",487,"Z",0,"R",279,"R",4
166629, 1,"R",30593,"R",3607,"R",2896,"R",24090,"R",1835,"R",1677,"R",41,"R",45,"R",9
166629, 2,"R",23515,"R",1224,"R",2672,"R",19619,"R",750,"R",442,"R",18,"R",5,"R",9
166629, 3,"R",23202,"R",1061,"R",2664,"R",19477,"R",674,"R",367,"R",6,"R",5,"R",9
166629,11,"R",313,"R",163,"R",8,"R",142,"R",76,"R",75,"R",12,"R",0,"R",0
166629,12,"R",7078,"R",2383,"R",224,"R",4471,"R",1085,"R",1235,"R",23,"R",40,"R",0
166638, 1,"R",16164,"R",972,"R",2315,"R",12877,"R",596,"R",347,"R",29,"Z",0,"R",0
166638, 2,"R",12714,"R",248,"R",1863,"R",10603,"R",197,"R",44,"R",7,"Z",0,"R",0
166638, 3,"R",12229,"R",217,"R",1839,"R",10173,"R",173,"R",38,"R",6,"Z",0,"R",0
166638,11,"R",485,"R",31,"R",24,"R",430,"R",24,"R",6,"R",1,"Z",0,"R",0
166638,12,"R",3450,"R",724,"R",452,"R",2274,"R",399,"R",303,"R",22,"Z",0,"R",0
166647, 1,"R",4368,"R",469,"R",713,"R",3186,"R",458,"R",11,"R",0,"R",0,"R",0
166647, 2,"R",4368,"R",469,"R",713,"R",3186,"R",458,"R",11,"R",0,"R",0,"R",0
166647, 3,"R",3496,"R",288,"R",656,"R",2552,"R",282,"R",6,"R",0,"R",0,"R",0
166647,11,"R",872,"R",181,"R",57,"R",634,"R",176,"R",5,"R",0,"R",0,"R",0
166656, 1,"R",7064,"R",660,"R",1303,"R",5101,"R",298,"R",323,"R",0,"R",39,"R",0
166656, 2,"R",3966,"R",20,"R",1016,"R",2930,"R",10,"R",10,"R",0,"R",0,"R",0
166656, 3,"R",3933,"R",17,"R",1008,"R",2908,"R",9,"R",8,"R",0,"R",0,"R",0
166656,11,"R",33,"R",3,"R",8,"R",22,"R",1,"R",2,"R",0,"R",0,"R",0
166656,12,"R",3098,"R",640,"R",287,"R",2171,"R",288,"R",313,"R",0,"R",39,"R",0
166674, 1,"R",2087,"R",0,"R",36,"R",2051,"A",,"A",,"A",,"A",,"A",
166674, 2,"R",1954,"R",0,"R",0,"R",1954,"A",,"A",,"A",,"A",,"A",
166674, 3,"R",1828,"R",0,"R",0,"R",1828,"A",,"A",,"A",,"A",,"A",
166674,11,"R",126,"R",0,"R",0,"R",126,"A",,"A",,"A",,"A",,"A",
166674,12,"R",133,"R",0,"R",36,"R",97,"A",,"A",,"A",,"A",,"A",
166683, 1,"R",11574,"R",39,"R",1,"R",11534,"R",0,"R",14,"R",0,"R",3,"R",22
166683, 2,"R",4602,"A",,"A",,"R",4602,"A",,"A",,"A",,"A",,"A",
166683, 3,"R",4550,"A",,"A",,"R",4550,"A",,"A",,"A",,"A",,"A",
166683,11,"R",52,"A",,"A",,"R",52,"A",,"A",,"A",,"A",,"A",
166683,12,"R",6972,"R",39,"R",1,"R",6932,"R",0,"R",14,"R",0,"R",3,"R",22
166692, 1,"R",1802,"R",0,"R",64,"R",1738,"A",,"A",,"A",,"A",,"A",
166692, 2,"R",1709,"R",0,"R",64,"R",1645,"A",,"A",,"A",,"A",,"A",
166692, 3,"R",1653,"R",0,"R",64,"R",1589,"A",,"A",,"A",,"A",,"A",
166692,11,"R",56,"R",0,"R",0,"R",56,"A",,"A",,"A",,"A",,"A",
166692,12,"R",93,"A",,"A",,"R",93,"A",,"A",,"A",,"A",,"A",
166708, 1,"R",1185,"R",9,"R",6,"R",1170,"R",9,"R",0,"R",0,"R",0,"R",0
166708,12,"R",1185,"R",9,"R",6,"R",1170,"R",9,"R",0,"R",0,"R",0,"R",0
166717, 1,"R",765,"R",26,"R",115,"R",624,"R",7,"R",19,"Z",0,"Z",0,"R",0
166717, 2,"R",14,"R",0,"R",14,"R",0,"A",,"A",,"A",,"A",,"A",
166717, 3,"R",14,"R",0,"R",14,"R",0,"A",,"A",,"A",,"A",,"A",
166717,12,"R",751,"R",26,"R",101,"R",624,"R",7,"R",19,"Z",0,"Z",0,"R",0
166805, 1,"R",61,"A",,"A",,"R",61,"A",,"A",,"A",,"A",,"A",
166805, 2,"R",61,"A",,"A",,"R",61,"A",,"A",,"A",,"A",,"A",
166823, 1,"R",6995,"R",631,"R",1165,"R",5199,"R",624,"R",7,"Z",0,"Z",0,"R",0
166823, 2,"R",6995,"R",631,"R",1165,"R",5199,"R",624,"R",7,"Z",0,"Z",0,"R",0
166823, 3,"R",5809,"R",470,"R",1098,"R",4241,"R",463,"R",7,"Z",0,"Z",0,"R",0
166823,11,"R",1186,"R",161,"R",67,"R",958,"R",161,"R",0,"Z",0,"Z",0,"R",0
166850, 1,"R",4643,"R",265,"R",87,"R",4291,"R",202,"R",63,"R",0,"R",0,"R",0
166850, 2,"R",3853,"R",16,"R",87,"R",3750,"R",13,"R",3,"R",0,"R",0,"R",0
166850, 3,"R",3648,"R",14,"R",87,"R",3547,"R",12,"R",2,"R",0,"R",0,"R",0
166850,11,"R",205,"R",2,"R",0,"R",203,"R",1,"R",1,"R",0,"R",0,"R",0
166850,12,"R",790,"R",249,"R",0,"R",541,"R",189,"R",60,"R",0,"R",0,"R",0
166869, 1,"R",1250,"R",40,"R",661,"R",549,"R",25,"R",15,"R",0,"R",0,"R",0
166869, 2,"R",215,"R",3,"R",212,"R",0,"R",1,"R",2,"R",0,"R",0,"R",0
166869, 3,"R",212,"R",0,"R",212,"R",0,"A",,"A",,"A",,"A",,"A",
166869,11,"R",3,"R",3,"R",0,"R",0,"R",1,"R",2,"R",0,"R",0,"R",0
166869,12,"R",1035,"R",37,"R",449,"R",549,"R",24,"R",13,"R",0,"R",0,"R",0
166887, 1,"R",8090,"R",632,"R",1978,"R",5480,"R",575,"R",36,"Z",0,"Z",0,"R",21
166887, 2,"R",8090,"R",632,"R",1978,"R",5480,"R",575,"R",36,"Z",0,"Z",0,"R",21
166887, 3,"R",6620,"R",549,"R",1883,"R",4188,"R",498,"R",32,"Z",0,"Z",0,"R",19
166887,11,"R",1470,"R",83,"R",95,"R",1292,"R",77,"R",4,"Z",0,"Z",0,"R",2
166911, 1,"R",367,"R",0,"R",0,"R",367,"A",,"A",,"A",,"A",,"A",
166911, 2,"R",367,"R",0,"R",0,"R",367,"A",,"A",,"A",,"A",,"A",
166911, 3,"R",361,"R",0,"R",0,"R",361,"A",,"A",,"A",,"A",,"A",
166911,11,"R",6,"R",0,"R",0,"R",6,"A",,"A",,"A",,"A",,"A",
166939, 1,"R",2335,"R",71,"R",10,"R",2254,"R",27,"R",39,"R",0,"R",5,"R",0
166939, 2,"R",2208,"R",0,"R",0,"R",2208,"A",,"A",,"A",,"A",,"A",
166939, 3,"R",2190,"R",0,"R",0,"R",2190,"A",,"A",,"A",,"A",,"A",
166939,11,"R",18,"R",0,"R",0,"R",18,"A",,"A",,"A",,"A",,"A",
166939,12,"R",127,"R",71,"R",10,"R",46,"R",27,"R",39,"R",0,"R",5,"R",0
166957, 1,"R",3724,"R",424,"R",790,"R",2510,"R",388,"R",29,"R",7,"R",0,"R",0
166957, 2,"R",3724,"R",424,"R",790,"R",2510,"R",388,"R",29,"R",7,"R",0,"R",0
166957, 3,"R",3253,"R",385,"R",760,"R",2108,"R",350,"R",28,"R",7,"R",0,"R",0
166957,11,"R",471,"R",39,"R",30,"R",402,"R",38,"R",1,"R",0,"R",0,"R",0
167039, 1,"R",17,"A",,"A",,"R",17,"A",,"A",,"A",,"A",,"A",
167039, 2,"R",17,"A",,"A",,"R",17,"A",,"A",,"A",,"A",,"A",
167057, 1,"R",838,"A",,"A",,"R",838,"A",,"A",,"A",,"A",,"A",
167057, 2,"R",468,"A",,"A",,"R",468,"A",,"A",,"A",,"A",,"A",
167057, 3,"R",445,"A",,"A",,"R",445,"A",,"A",,"A",,"A",,"A",
167057,11,"R",23,"A",,"A",,"R",23,"A",,"A",,"A",,"A",,"A",
167057,12,"R",370,"A",,"A",,"R",370,"A",,"A",,"A",,"A",,"A",
167093, 1,"R",522,"A",,"A",,"R",522,"A",,"A",,"A",,"A",,"A",
167093,12,"R",522,"A",,"A",,"R",522,"A",,"A",,"A",,"A",,"A",
167215, 1,"R",542,"R",0,"R",0,"R",542,"A",,"A",,"A",,"A",,"A",
167215,12,"R",542,"R",0,"R",0,"R",542,"A",,"A",,"A",,"A",,"A",
167224, 1,"R",40,"A",,"A",,"R",40,"A",,"A",,"A",,"A",,"A",
167224, 2,"R",40,"A",,"A",,"R",40,"A",,"A",,"A",,"A",,"A",
167251, 1,"R",636,"R",36,"R",218,"R",382,"R",30,"R",6,"R",0,"R",0,"R",0
167251, 2,"R",636,"R",36,"R",218,"R",382,"R",30,"R",6,"R",0,"R",0,"R",0
167251, 3,"R",635,"R",36,"R",218,"R",381,"R",30,"R",6,"R",0,"R",0,"R",0
167251,11,"R",1,"R",0,"R",0,"R",1,"A",,"A",,"A",,"A",,"A",
167260, 1,"R",1592,"R",97,"R",334,"R",1161,"R",71,"R",26,"R",0,"R",0,"R",0
167260, 2,"R",1322,"R",97,"R",64,"R",1161,"R",71,"R",26,"R",0,"R",0,"R",0
167260, 3,"R",1319,"R",96,"R",62,"R",1161,"R",71,"R",25,"R",0,"R",0,"R",0
167260,11,"R",3,"R",1,"R",2,"R",0,"R",0,"R",1,"R",0,"R",0,"R",0
167260,12,"R",270,"R",0,"R",270,"R",0,"A",,"A",,"A",,"A",,"A",
167288, 1,"R",1452,"R",100,"R",244,"R",1108,"R",92,"R",8,"Z",0,"Z",0,"R",0
167288, 2,"R",1277,"R",86,"R",163,"R",1028,"R",81,"R",5,"Z",0,"Z",0,"R",0
167288, 3,"R",1260,"R",86,"R",163,"R",1011,"R",81,"R",5,"Z",0,"Z",0,"R",0
167288,11,"R",17,"Z",0,"Z",0,"R",17,"A",,"A",,"A",,"A",,"A",
167288,12,"R",175,"R",14,"R",81,"R",80,"R",11,"R",3,"Z",0,"Z",0,"R",0
167297, 1,"R",152,"A",,"A",,"R",152,"A",,"A",,"A",,"A",,"A",
167297, 2,"R",152,"A",,"A",,"R",152,"A",,"A",,"A",,"A",,"A",
167312, 1,"R",5763,"R",569,"R",1058,"R",4136,"R",547,"R",18,"R",0,"R",0,"R",4
167312, 2,"R",5763,"R",569,"R",1058,"R",4136,"R",547,"R",18,"R",0,"R",0,"R",4
167312, 3,"R",5112,"R",366,"R",1018,"R",3728,"R",352,"R",12,"R",0,"R",0,"R",2
167312,11,"R",651,"R",203,"R",40,"R",408,"R",195,"R",6,"R",0,"R",0,"R",2
167358, 1,"R",21627,"R",173,"R",1838,"R",19616,"R",115,"R",57,"Z",0,"R",1,"R",0
167358, 2,"R",13909,"R",21,"R",1230,"R",12658,"R",7,"R",14,"Z",0,"Z",0,"R",0
167358, 3,"R",13760,"R",21,"R",1226,"R",12513,"R",7,"R",14,"Z",0,"Z",0,"R",0
167358,11,"R",149,"Z",0,"R",4,"R",145,"A",,"A",,"A",,"A",,"A",
167358,12,"R",7718,"R",152,"R",608,"R",6958,"R",108,"R",43,"Z",0,"R",1,"R",0
167376, 1,"R",5233,"R",719,"R",1491,"R",3023,"R",620,"R",99,"R",0,"R",0,"R",0
167376, 2,"R",5233,"R",719,"R",1491,"R",3023,"R",620,"R",99,"R",0,"R",0,"R",0
167376, 3,"R",4693,"R",591,"R",1459,"R",2643,"R",503,"R",88,"R",0,"R",0,"R",0
167376,11,"R",540,"R",128,"R",32,"R",380,"R",117,"R",11,"R",0,"R",0,"R",0
167394, 1,"R",1531,"R",98,"R",289,"R",1144,"R",66,"R",31,"R",0,"R",1,"R",0
167394, 2,"R",1151,"R",63,"R",217,"R",871,"R",34,"R",28,"R",0,"R",1,"R",0
167394, 3,"R",1127,"R",60,"R",216,"R",851,"R",33,"R",26,"R",0,"R",1,"R",0
167394,11,"R",24,"R",3,"R",1,"R",20,"R",1,"R",2,"Z",0,"Z",0,"R",0
167394,12,"R",380,"R",35,"R",72,"R",273,"R",32,"R",3,"Z",0,"Z",0,"R",0
167455, 1,"R",404,"A",,"A",,"R",404,"A",,"A",,"A",,"A",,"A",
167455, 2,"R",373,"A",,"A",,"R",373,"A",,"A",,"A",,"A",,"A",
167455, 3,"R",249,"A",,"A",,"R",249,"A",,"A",,"A",,"A",,"A",
167455,11,"R",124,"A",,"A",,"R",124,"A",,"A",,"A",,"A",,"A",
167455,12,"R",31,"A",,"A",,"R",31,"A",,"A",,"A",,"A",,"A",
167464, 1,"R",60,"A",,"A",,"R",60,"A",,"A",,"A",,"A",,"A",
167464,12,"R",60,"A",,"A",,"R",60,"A",,"A",,"A",,"A",,"A",
167525, 1,"R",3867,"R",174,"R",593,"R",3100,"R",173,"R",1,"Z",0,"Z",0,"R",0
167525, 2,"R",3867,"R",174,"R",593,"R",3100,"R",173,"R",1,"Z",0,"Z",0,"R",0
167525, 3,"R",3260,"R",143,"R",560,"R",2557,"R",143,"R",0,"Z",0,"Z",0,"R",0
167525,11,"R",607,"R",31,"R",33,"R",543,"R",30,"R",1,"Z",0,"Z",0,"R",0
167534, 1,"R",7263,"R",734,"R",1286,"R",5243,"R",724,"R",10,"R",0,"R",0,"R",0
167534, 2,"R",7263,"R",734,"R",1286,"R",5243,"R",724,"R",10,"R",0,"R",0,"R",0
167534, 3,"R",6488,"R",594,"R",1215,"R",4679,"R",584,"R",10,"R",0,"R",0,"R",0
167534,11,"R",775,"R",140,"R",71,"R",564,"R",140,"R",0,"R",0,"R",0,"R",0
167598, 1,"R",2757,"R",842,"R",2,"R",1913,"R",328,"R",508,"R",0,"R",0,"R",6
167598, 2,"R",1395,"A",,"A",,"R",1395,"A",,"A",,"A",,"A",,"A",
167598, 3,"R",1395,"A",,"A",,"R",1395,"A",,"A",,"A",,"A",,"A",
167598,12,"R",1362,"R",842,"R",2,"R",518,"R",328,"R",508,"R",0,"R",0,"R",6
167631, 1,"R",2007,"R",20,"R",184,"R",1803,"R",20,"R",0,"R",0,"R",0,"R",0
167631, 2,"R",2007,"R",20,"R",184,"R",1803,"R",20,"R",0,"R",0,"R",0,"R",0
167631, 3,"R",1936,"R",17,"R",181,"R",1738,"R",17,"R",0,"R",0,"R",0,"R",0
167631,11,"R",71,"R",3,"R",3,"R",65,"R",3,"R",0,"R",0,"R",0,"R",0
167677, 1,"R",143,"A",,"A",,"R",143,"A",,"A",,"A",,"A",,"A",
167677, 2,"R",27,"A",,"A",,"R",27,"A",,"A",,"A",,"A",,"A",
167677, 3,"R",24,"A",,"A",,"R",24,"A",,"A",,"A",,"A",,"A",
167677,11,"R",3,"A",,"A",,"R",3,"A",,"A",,"A",,"A",,"A",
167677,12,"R",116,"A",,"A",,"R",116,"A",,"A",,"A",,"A",,"A",
167729, 1,"R",8338,"R",305,"R",1924,"R",6109,"R",293,"R",11,"Z",0,"R",1,"R",0
167729, 2,"R",6811,"R",213,"R",1755,"R",4843,"R",205,"R",8,"Z",0,"Z",0,"R",0
167729, 3,"R",6369,"R",160,"R",1738,"R",4471,"R",152,"R",8,"Z",0,"Z",0,"R",0
167729,11,"R",442,"R",53,"R",17,"R",372,"R",53,"Z",0,"Z",0,"Z",0,"R",0
167729,12,"R",1527,"R",92,"R",169,"R",1266,"R",88,"R",3,"Z",0,"R",1,"R",0
167738, 1,"R",32,"A",,"A",,"R",32,"A",,"A",,"A",,"A",,"A",
167738, 2,"R",32,"A",,"A",,"R",32,"A",,"A",,"A",,"A",,"A",
167738, 3,"R",32,"A",,"A",,"R",32,"A",,"A",,"A",,"A",,"A",
167783, 1,"R",6082,"R",2567,"R",572,"R",2943,"R",558,"R",1953,"R",56,"R",0,"R",0
167783, 2,"R",1809,"R",1,"R",198,"R",1610,"R",1,"R",0,"R",0,"R",0,"R",0
167783, 3,"R",1790,"R",0,"R",198,"R",1592,"A",,"A",,"A",,"A",,"A",
167783,11,"R",19,"R",1,"R",0,"R",18,"R",1,"R",0,"R",0,"R",0,"R",0
167783,12,"R",4273,"R",2566,"R",374,"R",1333,"R",557,"R",1953,"R",56,"R",0,"R",0
167792, 1,"R",396,"A",,"A",,"R",396,"A",,"A",,"A",,"A",,"A",
167792, 2,"R",396,"A",,"A",,"R",396,"A",,"A",,"A",,"A",,"A",
167792, 3,"R",387,"A",,"A",,"R",387,"A",,"A",,"A",,"A",,"A",
167792,11,"R",9,"A",,"A",,"R",9,"A",,"A",,"A",,"A",,"A",
167835, 1,"R",2903,"A",,"A",,"R",2903,"A",,"A",,"A",,"A",,"A",
167835, 2,"R",2502,"A",,"A",,"R",2502,"A",,"A",,"A",,"A",,"A",
167835, 3,"R",2496,"A",,"A",,"R",2496,"A",,"A",,"A",,"A",,"A",
167835,11,"R",6,"A",,"A",,"R",6,"A",,"A",,"A",,"A",,"A",
167835,12,"R",401,"A",,"A",,"R",401,"A",,"A",,"A",,"A",,"A",
167871, 1,"R",134,"A",,"A",,"R",134,"A",,"A",,"A",,"A",,"A",
167871, 2,"R",134,"A",,"A",,"R",134,"A",,"A",,"A",,"A",,"A",
167871, 3,"R",134,"A",,"A",,"R",134,"A",,"A",,"A",,"A",,"A",
167899, 1,"R",3139,"A",,"A",,"R",3139,"A",,"A",,"A",,"A",,"A",
167899, 2,"R",2129,"A",,"A",,"R",2129,"A",,"A",,"A",,"A",,"A",
167899, 3,"R",2103,"A",,"A",,"R",2103,"A",,"A",,"A",,"A",,"A",
167899,11,"R",26,"A",,"A",,"R",26,"A",,"A",,"A",,"A",,"A",
167899,12,"R",1010,"A",,"A",,"R",1010,"A",,"A",,"A",,"A",,"A",
167905, 1,"R",4921,"R",327,"R",980,"R",3614,"R",314,"R",11,"Z",0,"Z",0,"R",2
167905, 2,"R",4921,"R",327,"R",980,"R",3614,"R",314,"R",11,"Z",0,"Z",0,"R",2
167905, 3,"R",4407,"R",270,"R",944,"R",3193,"R",264,"R",5,"Z",0,"Z",0,"R",1
167905,11,"R",514,"R",57,"R",36,"R",421,"R",50,"R",6,"Z",0,"Z",0,"R",1
167987, 1,"R",8513,"R",1059,"R",429,"R",7025,"R",818,"R",227,"R",1,"R",11,"R",2
167987, 2,"R",6841,"R",629,"R",304,"R",5908,"R",508,"R",111,"R",1,"R",7,"R",2
167987, 3,"R",6649,"R",556,"R",298,"R",5795,"R",457,"R",93,"R",1,"R",5,"R",0
167987,11,"R",192,"R",73,"R",6,"R",113,"R",51,"R",18,"R",0,"R",2,"R",2
167987,12,"R",1672,"R",430,"R",125,"R",1117,"R",310,"R",116,"R",0,"R",4,"R",0
167996, 1,"R",2514,"R",0,"R",0,"R",2514,"A",,"A",,"A",,"A",,"A",
167996, 2,"R",2493,"R",0,"Z",0,"R",2493,"A",,"A",,"A",,"A",,"A",
167996, 3,"R",2485,"R",0,"Z",0,"R",2485,"A",,"A",,"A",,"A",,"A",
167996,11,"R",8,"R",0,"Z",0,"R",8,"A",,"A",,"A",,"A",,"A",
167996,12,"R",21,"A",,"A",,"R",21,"A",,"A",,"A",,"A",,"A",
168005, 1,"R",7186,"R",72,"R",444,"R",6670,"R",63,"R",9,"Z",0,"Z",0,"R",0
168005, 2,"R",5044,"R",5,"R",268,"R",4771,"R",5,"Z",0,"Z",0,"Z",0,"R",0
168005, 3,"R",5012,"R",5,"R",268,"R",4739,"R",5,"Z",0,"Z",0,"Z",0,"R",0
168005,11,"R",32,"R",0,"R",0,"R",32,"A",,"A",,"A",,"A",,"A",
168005,12,"R",2142,"R",67,"R",176,"R",1899,"R",58,"R",9,"Z",0,"Z",0,"R",0
168032, 1,"R",24,"A",,"A",,"R",24,"A",,"A",,"A",,"A",,"A",
168032, 2,"R",24,"A",,"A",,"R",24,"A",,"A",,"A",,"A",,"A",
168148, 1,"R",11586,"R",184,"R",139,"R",11263,"R",59,"R",102,"R",6,"R",16,"R",1
168148, 2,"R",5643,"R",0,"R",0,"R",5643,"A",,"A",,"A",,"A",,"A",
168148, 3,"R",5597,"R",0,"R",0,"R",5597,"A",,"A",,"A",,"A",,"A",
168148,11,"R",46,"R",0,"R",0,"R",46,"A",,"A",,"A",,"A",,"A",
168148,12,"R",5943,"R",184,"R",139,"R",5620,"R",59,"R",102,"R",6,"R",16,"R",1
168218, 1,"R",2534,"A",,"A",,"R",2534,"A",,"A",,"A",,"A",,"A",
168218, 2,"R",2534,"A",,"A",,"R",2534,"A",,"A",,"A",,"A",,"A",
168218, 3,"R",2392,"A",,"A",,"R",2392,"A",,"A",,"A",,"A",,"A",
168218,11,"R",142,"A",,"A",,"R",142,"A",,"A",,"A",,"A",,"A",
168227, 1,"R",4516,"R",189,"R",307,"R",4020,"R",153,"R",34,"R",0,"R",2,"R",0
168227, 2,"R",4341,"R",117,"R",302,"R",3922,"R",99,"R",17,"R",0,"R",1,"R",0
168227, 3,"R",4254,"R",117,"R",300,"R",3837,"R",99,"R",17,"R",0,"R",1,"R",0
168227,11,"R",87,"R",0,"R",2,"R",85,"A",,"A",,"A",,"A",,"A",
168227,12,"R",175,"R",72,"R",5,"R",98,"R",54,"R",17,"R",0,"R",1,"R",0
168254, 1,"R",3780,"R",43,"R",690,"R",3047,"R",30,"R",13,"Z",0,"Z",0,"R",0
168254, 2,"R",2751,"R",22,"R",626,"R",2103,"R",15,"R",7,"Z",0,"Z",0,"R",0
168254, 3,"R",2746,"R",22,"R",622,"R",2102,"R",15,"R",7,"Z",0,"Z",0,"R",0
168254,11,"R",5,"R",0,"R",4,"R",1,"A",,"A",,"A",,"A",,"A",
168254,12,"R",1029,"R",21,"R",64,"R",944,"R",15,"R",6,"Z",0,"Z",0,"R",0
168263, 1,"R",6100,"R",484,"R",1923,"R",3693,"R",435,"R",44,"R",0,"R",2,"R",3
168263, 2,"R",5382,"R",438,"R",1696,"R",3248,"R",393,"R",40,"R",0,"R",2,"R",3
168263, 3,"R",5110,"R",403,"R",1687,"R",3020,"R",361,"R",37,"R",0,"R",2,"R",3
168263,11,"R",272,"R",35,"R",9,"R",228,"R",32,"R",3,"Z",0,"Z",0,"R",0
168263,12,"R",718,"R",46,"R",227,"R",445,"R",42,"R",4,"Z",0,"Z",0,"R",0
168281, 1,"R",1760,"A",,"A",,"R",1760,"A",,"A",,"A",,"A",,"A",
168281, 2,"R",1760,"A",,"A",,"R",1760,"A",,"A",,"A",,"A",,"A",
168281, 3,"R",1750,"A",,"A",,"R",1750,"A",,"A",,"A",,"A",,"A",
168281,11,"R",10,"A",,"A",,"R",10,"A",,"A",,"A",,"A",,"A",
168342, 1,"R",2149,"A",,"A",,"R",2149,"A",,"A",,"A",,"A",,"A",
168342, 2,"R",2095,"A",,"A",,"R",2095,"A",,"A",,"A",,"A",,"A",
168342, 3,"R",2028,"A",,"A",,"R",2028,"A",,"A",,"A",,"A",,"A",
168342,11,"R",67,"A",,"A",,"R",67,"A",,"A",,"A",,"A",,"A",
168342,12,"R",54,"A",,"A",,"R",54,"A",,"A",,"A",,"A",,"A",
168421, 1,"R",6874,"R",653,"R",436,"R",5785,"R",258,"R",366,"R",14,"R",15,"R",0
168421, 2,"R",4668,"R",0,"R",128,"R",4540,"A",,"A",,"A",,"A",,"A",
168421, 3,"R",4571,"R",0,"R",128,"R",4443,"A",,"A",,"A",,"A",,"A",
168421,11,"R",97,"R",0,"R",0,"R",97,"A",,"A",,"A",,"A",,"A",
168421,12,"R",2206,"R",653,"R",308,"R",1245,"R",258,"R",366,"R",14,"R",15,"R",0
168430, 1,"R",6217,"R",355,"R",1617,"R",4245,"R",343,"R",11,"R",0,"R",0,"R",1
168430, 2,"R",5380,"R",195,"R",1508,"R",3677,"R",186,"R",9,"R",0,"R",0,"R",0
168430, 3,"R",4996,"R",146,"R",1468,"R",3382,"R",137,"R",9,"R",0,"R",0,"R",0
168430,11,"R",384,"R",49,"R",40,"R",295,"R",49,"R",0,"R",0,"R",0,"R",0
168430,12,"R",837,"R",160,"R",109,"R",568,"R",157,"R",2,"R",0,"R",0,"R",1
168528, 1,"R",1856,"R",5,"R",15,"R",1836,"R",3,"R",2,"Z",0,"Z",0,"R",0
168528, 2,"R",1817,"A",,"A",,"R",1817,"A",,"A",,"A",,"A",,"A",
168528, 3,"R",1781,"A",,"A",,"R",1781,"A",,"A",,"A",,"A",,"A",
168528,11,"R",36,"A",,"A",,"R",36,"A",,"A",,"A",,"A",,"A",
168528,12,"R",39,"R",5,"R",15,"R",19,"R",3,"R",2,"Z",0,"Z",0,"R",0
168546, 1,"R",1533,"R",0,"R",0,"R",1533,"A",,"A",,"A",,"A",,"A",
168546, 2,"R",1533,"R",0,"R",0,"R",1533,"A",,"A",,"A",,"A",,"A",
168546, 3,"R",1512,"R",0,"R",0,"R",1512,"A",,"A",,"A",,"A",,"A",
168546,11,"R",21,"R",0,"R",0,"R",21,"A",,"A",,"A",,"A",,"A",
168555, 1,"R",22,"A",,"A",,"R",22,"A",,"A",,"A",,"A",,"A",
168555, 2,"R",22,"A",,"A",,"R",22,"A",,"A",,"A",,"A",,"A",
168573, 1,"R",751,"A",,"A",,"R",751,"A",,"A",,"A",,"A",,"A",
168573, 2,"R",751,"A",,"A",,"R",751,"A",,"A",,"A",,"A",,"A",
168591, 1,"R",1433,"A",,"A",,"R",1433,"A",,"A",,"A",,"A",,"A",
168591, 2,"R",1433,"A",,"A",,"R",1433,"A",,"A",,"A",,"A",,"A",
168591, 3,"R",1396,"A",,"A",,"R",1396,"A",,"A",,"A",,"A",,"A",
168591,11,"R",37,"A",,"A",,"R",37,"A",,"A",,"A",,"A",,"A",
168607, 1,"R",1429,"R",102,"R",254,"R",1073,"R",102,"R",0,"R",0,"R",0,"R",0
168607, 2,"R",1429,"R",102,"R",254,"R",1073,"R",102,"R",0,"R",0,"R",0,"R",0
168607, 3,"R",960,"R",28,"R",213,"R",719,"R",28,"R",0,"R",0,"R",0,"R",0
168607,11,"R",469,"R",74,"R",41,"R",354,"R",74,"R",0,"R",0,"R",0,"R",0
168740, 1,"R",3407,"R",458,"R",36,"R",2913,"R",100,"R",298,"R",0,"R",60,"R",0
168740, 2,"R",1702,"R",196,"R",1,"R",1505,"R",33,"R",147,"R",0,"R",16,"R",0
168740, 3,"R",1466,"R",62,"R",0,"R",1404,"R",10,"R",44,"R",0,"R",8,"R",0
168740,11,"R",236,"R",134,"R",1,"R",101,"R",23,"R",103,"R",0,"R",8,"R",0
168740,12,"R",1705,"R",262,"R",35,"R",1408,"R",67,"R",151,"R",0,"R",44,"R",0
168786, 1,"R",1758,"R",7,"R",293,"R",1458,"R",6,"R",0,"R",0,"R",1,"R",0
168786, 2,"R",1578,"R",6,"R",292,"R",1280,"R",5,"R",0,"R",0,"R",1,"R",0
168786, 3,"R",1428,"R",5,"R",292,"R",1131,"R",4,"R",0,"R",0,"R",1,"R",0
168786,11,"R",150,"R",1,"R",0,"R",149,"R",1,"R",0,"R",0,"R",0,"R",0
168786,12,"R",180,"R",1,"R",1,"R",178,"R",1,"R",0,"R",0,"R",0,"R",0
168847, 1,"R",9305,"R",2958,"R",2407,"R",3940,"R",2514,"R",441,"R",0,"R",3,"R",0
168847, 2,"R",8947,"R",2638,"R",2407,"R",3902,"R",2273,"R",362,"R",0,"R",3,"R",0
168847, 3,"R",8292,"R",2563,"R",2352,"R",3377,"R",2203,"R",357,"R",0,"R",3,"R",0
168847,11,"R",655,"R",75,"R",55,"R",525,"R",70,"R",5,"R",0,"R",0,"R",0
168847,12,"R",358,"R",320,"R",0,"R",38,"R",241,"R",79,"R",0,"R",0,"R",0
168883, 1,"R",1935,"R",437,"R",617,"R",881,"R",428,"R",9,"R",0,"R",0,"R",0
168883, 2,"R",1935,"R",437,"R",617,"R",881,"R",428,"R",9,"R",0,"R",0,"R",0
168883, 3,"R",1328,"R",182,"R",566,"R",580,"R",175,"R",7,"R",0,"R",0,"R",0
168883,11,"R",607,"R",255,"R",51,"R",301,"R",253,"R",2,"R",0,"R",0,"R",0
168892, 1,"R",125,"A",,"A",,"R",125,"A",,"A",,"A",,"A",,"A",
168892, 2,"R",125,"A",,"A",,"R",125,"A",,"A",,"A",,"A",,"A",
169080, 1,"R",3732,"R",40,"R",108,"R",3584,"R",28,"R",5,"R",0,"R",7,"R",0
169080, 2,"R",3625,"R",2,"R",104,"R",3519,"R",1,"R",1,"R",0,"R",0,"R",0
169080, 3,"R",3550,"R",0,"R",104,"R",3446,"A",,"A",,"A",,"A",,"A",
169080,11,"R",75,"R",2,"R",0,"R",73,"R",1,"R",1,"R",0,"R",0,"R",0
169080,12,"R",107,"R",38,"R",4,"R",65,"R",27,"R",4,"R",0,"R",7,"R",0
169099, 1,"R",334,"R",75,"R",21,"R",238,"R",16,"R",44,"Z",0,"R",15,"R",0
169099,12,"R",334,"R",75,"R",21,"R",238,"R",16,"R",44,"Z",0,"R",15,"R",0
169187, 1,"R",134,"A",,"A",,"R",134,"A",,"A",,"A",,"A",,"A",
169187, 2,"R",134,"A",,"A",,"R",134,"A",,"A",,"A",,"A",,"A",
169220, 1,"R",181,"A",,"A",,"R",181,"A",,"A",,"A",,"A",,"A",
169220,12,"R",181,"A",,"A",,"R",181,"A",,"A",,"A",,"A",,"A",
169248, 1,"R",21622,"R",4102,"R",4010,"R",13510,"R",3087,"R",957,"R",13,"R",45,"R",0
169248, 2,"R",16387,"R",1387,"R",3703,"R",11297,"R",1213,"R",167,"R",1,"R",6,"R",0
169248, 3,"R",16157,"R",1332,"R",3697,"R",11128,"R",1171,"R",156,"R",1,"R",4,"R",0
169248,11,"R",230,"R",55,"R",6,"R",169,"R",42,"R",11,"R",0,"R",2,"R",0
169248,12,"R",5235,"R",2715,"R",307,"R",2213,"R",1874,"R",790,"R",12,"R",39,"R",0
169275, 1,"R",7715,"R",521,"R",721,"R",6473,"R",519,"R",2,"R",0,"R",0,"R",0
169275, 2,"R",7715,"R",521,"R",721,"R",6473,"R",519,"R",2,"R",0,"R",0,"R",0
169275, 3,"R",6162,"R",387,"R",639,"R",5136,"R",385,"R",2,"R",0,"R",0,"R",0
169275,11,"R",1553,"R",134,"R",82,"R",1337,"R",134,"R",0,"R",0,"R",0,"R",0
169284, 1,"R",225,"A",,"A",,"R",225,"A",,"A",,"A",,"A",,"A",
169284, 2,"R",225,"A",,"A",,"R",225,"A",,"A",,"A",,"A",,"A",
169327, 1,"R",594,"R",165,"R",112,"R",317,"R",156,"R",8,"Z",0,"R",1,"R",0
169327, 2,"R",474,"R",88,"R",112,"R",274,"R",83,"R",5,"Z",0,"Z",0,"R",0
169327, 3,"R",474,"R",88,"R",112,"R",274,"R",83,"R",5,"Z",0,"Z",0,"R",0
169327,12,"R",120,"R",77,"R",0,"R",43,"R",73,"R",3,"Z",0,"R",1,"R",0
169363, 1,"R",1197,"R",109,"R",184,"R",904,"R",97,"R",12,"R",0,"R",0,"R",0
169363, 2,"R",999,"R",0,"R",166,"R",833,"A",,"A",,"A",,"A",,"A",
169363, 3,"R",927,"R",0,"R",129,"R",798,"A",,"A",,"A",,"A",,"A",
169363,11,"R",72,"R",0,"R",37,"R",35,"A",,"A",,"A",,"A",,"A",
169363,12,"R",198,"R",109,"R",18,"R",71,"R",97,"R",12,"R",0,"R",0,"R",0
169424, 1,"R",130,"A",,"A",,"R",130,"A",,"A",,"A",,"A",,"A",
169424,12,"R",130,"A",,"A",,"R",130,"A",,"A",,"A",,"A",,"A",
169442, 1,"R",1485,"R",0,"R",139,"R",1346,"A",,"A",,"A",,"A",,"A",
169442, 2,"R",1417,"R",0,"R",139,"R",1278,"A",,"A",,"A",,"A",,"A",
169442, 3,"R",1357,"R",0,"R",139,"R",1218,"A",,"A",,"A",,"A",,"A",
169442,11,"R",60,"R",0,"R",0,"R",60,"A",,"A",,"A",,"A",,"A",
169442,12,"R",68,"A",,"A",,"R",68,"A",,"A",,"A",,"A",,"A",
169479, 1,"R",6746,"R",2908,"R",2007,"R",1831,"R",2330,"R",481,"Z",0,"R",57,"R",40
169479, 2,"R",5329,"R",1818,"R",1896,"R",1615,"R",1611,"R",139,"Z",0,"R",47,"R",21
169479, 3,"R",4782,"R",1733,"R",1852,"R",1197,"R",1529,"R",136,"Z",0,"R",47,"R",21
169479,11,"R",547,"R",85,"R",44,"R",418,"R",82,"R",3,"Z",0,"Z",0,"R",0
169479,12,"R",1417,"R",1090,"R",111,"R",216,"R",719,"R",342,"Z",0,"R",10,"R",19
169503, 1,"R",218,"A",,"A",,"R",218,"A",,"A",,"A",,"A",,"A",
169503, 2,"R",218,"A",,"A",,"R",218,"A",,"A",,"A",,"A",,"A",
169521, 1,"R",8080,"R",854,"R",1653,"R",5573,"R",851,"R",1,"R",2,"R",0,"R",0
169521, 2,"R",8080,"R",854,"R",1653,"R",5573,"R",851,"R",1,"R",2,"R",0,"R",0
169521, 3,"R",7067,"R",521,"R",1564,"R",4982,"R",518,"R",1,"R",2,"R",0,"R",0
169521,11,"R",1013,"R",333,"R",89,"R",591,"R",333,"R",0,"R",0,"R",0,"R",0
169576, 1,"R",52,"A",,"A",,"R",52,"A",,"A",,"A",,"A",,"A",
169576, 2,"R",52,"A",,"A",,"R",52,"A",,"A",,"A",,"A",,"A",
169628, 1,"R",777,"R",63,"R",0,"R",714,"R",9,"R",47,"R",0,"R",7,"R",0
169628,12,"R",777,"R",63,"R",0,"R",714,"R",9,"R",47,"R",0,"R",7,"R",0
169655, 1,"R",845,"A",,"A",,"R",845,"A",,"A",,"A",,"A",,"A",
169655, 2,"R",845,"A",,"A",,"R",845,"A",,"A",,"A",,"A",,"A",
169655, 3,"R",845,"A",,"A",,"R",845,"A",,"A",,"A",,"A",,"A",
169716, 1,"R",5111,"R",93,"R",857,"R",4161,"R",65,"R",18,"R",0,"R",10,"R",0
169716, 2,"R",2880,"R",0,"R",591,"R",2289,"A",,"A",,"A",,"A",,"A",
169716, 3,"R",2754,"R",0,"R",588,"R",2166,"A",,"A",,"A",,"A",,"A",
169716,11,"R",126,"R",0,"R",3,"R",123,"A",,"A",,"A",,"A",,"A",
169716,12,"R",2231,"R",93,"R",266,"R",1872,"R",65,"R",18,"R",0,"R",10,"R",0
169734, 1,"R",398,"A",,"A",,"R",398,"A",,"A",,"A",,"A",,"A",
169734, 2,"R",398,"A",,"A",,"R",398,"A",,"A",,"A",,"A",,"A",
169761, 1,"R",104,"A",,"A",,"R",104,"A",,"A",,"A",,"A",,"A",
169761, 2,"R",104,"A",,"A",,"R",104,"A",,"A",,"A",,"A",,"A",
169798, 1,"R",18808,"R",1843,"R",4504,"R",12461,"R",1687,"R",141,"R",6,"R",9,"R",0
169798, 2,"R",15730,"R",1222,"R",3997,"R",10511,"R",1141,"R",76,"R",4,"R",1,"R",0
169798, 3,"R",15256,"R",1192,"R",3962,"R",10102,"R",1115,"R",73,"R",3,"R",1,"R",0
169798,11,"R",474,"R",30,"R",35,"R",409,"R",26,"R",3,"R",1,"R",0,"R",0
169798,12,"R",3078,"R",621,"R",507,"R",1950,"R",546,"R",65,"R",2,"R",8,"R",0
169813, 1,"R",31,"A",,"A",,"R",31,"A",,"A",,"A",,"A",,"A",
169813, 2,"R",31,"A",,"A",,"R",31,"A",,"A",,"A",,"A",,"A",
169910, 1,"R",13250,"R",1276,"R",2430,"R",9544,"R",1147,"R",123,"R",0,"R",6,"R",0
169910, 2,"R",11896,"R",1026,"R",2360,"R",8510,"R",908,"R",114,"R",0,"R",4,"R",0
169910, 3,"R",11008,"R",951,"R",2336,"R",7721,"R",834,"R",114,"R",0,"R",3,"R",0
169910,11,"R",888,"R",75,"R",24,"R",789,"R",74,"R",0,"R",0,"R",1,"R",0
169910,12,"R",1354,"R",250,"R",70,"R",1034,"R",239,"R",9,"R",0,"R",2,"R",0
169947, 1,"R",43,"A",,"A",,"R",43,"A",,"A",,"A",,"A",,"A",
169947, 2,"R",43,"A",,"A",,"R",43,"A",,"A",,"A",,"A",,"A",
169974, 1,"R",1201,"R",71,"R",294,"R",836,"R",71,"Z",0,"Z",0,"Z",0,"R",0
169974, 2,"R",1201,"R",71,"R",294,"R",836,"R",71,"Z",0,"Z",0,"Z",0,"R",0
169974, 3,"R",633,"R",40,"R",228,"R",365,"R",40,"Z",0,"Z",0,"Z",0,"R",0
169974,11,"R",568,"R",31,"R",66,"R",471,"R",31,"Z",0,"Z",0,"Z",0,"R",0
169983, 1,"R",2315,"R",339,"R",68,"R",1908,"R",203,"R",105,"R",0,"R",31,"R",0
169983, 2,"R",1880,"R",2,"R",66,"R",1812,"R",1,"R",1,"R",0,"R",0,"R",0
169983, 3,"R",1861,"R",2,"R",47,"R",1812,"R",1,"R",1,"R",0,"R",0,"R",0
169983,11,"R",19,"R",0,"R",19,"R",0,"A",,"A",,"A",,"A",,"A",
169983,12,"R",435,"R",337,"R",2,"R",96,"R",202,"R",104,"R",0,"R",31,"R",0
169992, 1,"R",996,"R",142,"R",265,"R",589,"R",137,"R",5,"R",0,"R",0,"R",0
169992, 2,"R",996,"R",142,"R",265,"R",589,"R",137,"R",5,"R",0,"R",0,"R",0
169992, 3,"R",717,"R",91,"R",230,"R",396,"R",89,"R",2,"R",0,"R",0,"R",0
169992,11,"R",279,"R",51,"R",35,"R",193,"R",48,"R",3,"R",0,"R",0,"R",0
170000, 1,"R",1016,"R",608,"R",0,"R",408,"R",134,"R",467,"R",7,"R",0,"R",0
170000, 2,"R",981,"R",573,"R",0,"R",408,"R",116,"R",450,"R",7,"R",0,"R",0
170000, 3,"R",895,"R",573,"R",0,"R",322,"R",116,"R",450,"R",7,"R",0,"R",0
170000,11,"R",86,"R",0,"R",0,"R",86,"A",,"A",,"A",,"A",,"A",
170000,12,"R",35,"R",35,"R",0,"R",0,"R",18,"R",17,"R",0,"R",0,"R",0
170037, 1,"R",2131,"R",531,"R",198,"R",1402,"R",51,"R",477,"Z",0,"R",3,"R",0
170037, 2,"R",1625,"R",286,"R",79,"R",1260,"R",27,"R",258,"Z",0,"R",1,"R",0
170037, 3,"R",1561,"R",286,"R",79,"R",1196,"R",27,"R",258,"Z",0,"R",1,"R",0
170037,11,"R",64,"R",0,"R",0,"R",64,"A",,"A",,"A",,"A",,"A",
170037,12,"R",506,"R",245,"R",119,"R",142,"R",24,"R",219,"Z",0,"R",2,"R",0
170055, 1,"R",13788,"R",1282,"R",2124,"R",10382,"R",1268,"R",14,"R",0,"R",0,"R",0
170055, 2,"R",13788,"R",1282,"R",2124,"R",10382,"R",1268,"R",14,"R",0,"R",0,"R",0
170055, 3,"R",12000,"R",949,"R",1974,"R",9077,"R",942,"R",7,"R",0,"R",0,"R",0
170055,11,"R",1788,"R",333,"R",150,"R",1305,"R",326,"R",7,"R",0,"R",0,"R",0
170082, 1,"R",24677,"R",291,"R",2115,"R",22271,"R",283,"R",6,"R",0,"R",2,"R",0
170082, 2,"R",21680,"R",76,"R",1955,"R",19649,"R",73,"R",3,"R",0,"R",0,"R",0
170082, 3,"R",21589,"R",75,"R",1955,"R",19559,"R",72,"R",3,"R",0,"R",0,"R",0
170082,11,"R",91,"R",1,"R",0,"R",90,"R",1,"R",0,"R",0,"R",0,"R",0
170082,12,"R",2997,"R",215,"R",160,"R",2622,"R",210,"R",3,"R",0,"R",2,"R",0
170091, 1,"R",149,"R",14,"R",0,"R",135,"R",14,"Z",0,"Z",0,"Z",0,"R",0
170091, 2,"R",149,"R",14,"R",0,"R",135,"R",14,"Z",0,"Z",0,"Z",0,"R",0
170091, 3,"R",149,"R",14,"R",0,"R",135,"R",14,"Z",0,"Z",0,"Z",0,"R",0
170240, 1,"R",12219,"R",822,"R",2627,"R",8770,"R",813,"R",7,"R",0,"R",2,"R",0
170240, 2,"R",12219,"R",822,"R",2627,"R",8770,"R",813,"R",7,"R",0,"R",2,"R",0
170240, 3,"R",10135,"R",504,"R",2186,"R",7445,"R",496,"R",7,"R",0,"R",1,"R",0
170240,11,"R",2084,"R",318,"R",441,"R",1325,"R",317,"R",0,"R",0,"R",1,"R",0
170286, 1,"R",1521,"A",,"A",,"R",1521,"A",,"A",,"A",,"A",,"A",
170286, 2,"R",1468,"A",,"A",,"R",1468,"A",,"A",,"A",,"A",,"A",
170286, 3,"R",1446,"A",,"A",,"R",1446,"A",,"A",,"A",,"A",,"A",
170286,11,"R",22,"A",,"A",,"R",22,"A",,"A",,"A",,"A",,"A",
170286,12,"R",53,"A",,"A",,"R",53,"A",,"A",,"A",,"A",,"A",
170301, 1,"R",3149,"R",0,"R",0,"R",3149,"A",,"A",,"A",,"A",,"A",
170301, 2,"R",3149,"R",0,"R",0,"R",3149,"A",,"A",,"A",,"A",,"A",
170301, 3,"R",3046,"R",0,"R",0,"R",3046,"A",,"A",,"A",,"A",,"A",
170301,11,"R",103,"R",0,"R",0,"R",103,"A",,"A",,"A",,"A",,"A",
170444, 1,"R",5083,"R",785,"R",775,"R",3523,"R",701,"R",84,"R",0,"R",0,"R",0
170444, 2,"R",5083,"R",785,"R",775,"R",3523,"R",701,"R",84,"R",0,"R",0,"R",0
170444, 3,"R",3967,"R",443,"R",679,"R",2845,"R",359,"R",84,"R",0,"R",0,"R",0
170444,11,"R",1116,"R",342,"R",96,"R",678,"R",342,"R",0,"R",0,"R",0,"R",0
170532, 1,"R",1467,"A",,"A",,"R",1467,"A",,"A",,"A",,"A",,"A",
170532, 2,"R",1467,"A",,"A",,"R",1467,"A",,"A",,"A",,"A",,"A",
170532, 3,"R",1446,"A",,"A",,"R",1446,"A",,"A",,"A",,"A",,"A",
170532,11,"R",21,"A",,"A",,"R",21,"A",,"A",,"A",,"A",,"A",
170541, 1,"R",8069,"R",297,"R",884,"R",6888,"R",297,"R",0,"R",0,"R",0,"R",0
170541, 2,"R",8069,"R",297,"R",884,"R",6888,"R",297,"R",0,"R",0,"R",0,"R",0
170541, 3,"R",6488,"R",213,"R",809,"R",5466,"R",213,"R",0,"R",0,"R",0,"R",0
170541,11,"R",1581,"R",84,"R",75,"R",1422,"R",84,"R",0,"R",0,"R",0,"R",0
170550, 1,"R",4245,"R",783,"R",675,"R",2787,"R",779,"R",4,"R",0,"R",0,"R",0
170550, 2,"R",4245,"R",783,"R",675,"R",2787,"R",779,"R",4,"R",0,"R",0,"R",0
170550, 3,"R",3084,"R",474,"R",562,"R",2048,"R",470,"R",4,"R",0,"R",0,"R",0
170550,11,"R",1161,"R",309,"R",113,"R",739,"R",309,"R",0,"R",0,"R",0,"R",0
170587, 1,"R",1489,"R",502,"R",297,"R",690,"R",500,"R",2,"R",0,"R",0,"R",0
170587, 2,"R",1489,"R",502,"R",297,"R",690,"R",500,"R",2,"R",0,"R",0,"R",0
170587, 3,"R",1035,"R",291,"R",240,"R",504,"R",290,"R",1,"R",0,"R",0,"R",0
170587,11,"R",454,"R",211,"R",57,"R",186,"R",210,"R",1,"R",0,"R",0,"R",0
170611, 1,"R",117,"A",,"A",,"R",117,"A",,"A",,"A",,"A",,"A",
170611, 2,"R",117,"A",,"A",,"R",117,"A",,"A",,"A",,"A",,"A",
170620, 1,"R",3202,"R",205,"R",443,"R",2554,"R",194,"R",11,"R",0,"R",0,"R",0
170620, 2,"R",3202,"R",205,"R",443,"R",2554,"R",194,"R",11,"R",0,"R",0,"R",0
170620, 3,"R",2593,"R",151,"R",409,"R",2033,"R",141,"R",10,"R",0,"R",0,"R",0
170620,11,"R",609,"R",54,"R",34,"R",521,"R",53,"R",1,"R",0,"R",0,"R",0
170639, 1,"R",1991,"R",79,"R",214,"R",1698,"R",77,"Z",0,"Z",0,"R",1,"R",1
170639, 2,"R",1991,"R",79,"R",214,"R",1698,"R",77,"Z",0,"Z",0,"R",1,"R",1
170639, 3,"R",1873,"R",29,"R",199,"R",1645,"R",27,"Z",0,"Z",0,"R",1,"R",1
170639,11,"R",118,"R",50,"R",15,"R",53,"R",50,"Z",0,"Z",0,"Z",0,"R",0
170657, 1,"R",11771,"R",2099,"R",2883,"R",6789,"R",2073,"R",14,"R",12,"Z",0,"R",0
170657, 2,"R",11771,"R",2099,"R",2883,"R",6789,"R",2073,"R",14,"R",12,"Z",0,"R",0
170657, 3,"R",10655,"R",1807,"R",2772,"R",6076,"R",1781,"R",14,"R",12,"Z",0,"R",0
170657,11,"R",1116,"R",292,"R",111,"R",713,"R",292,"Z",0,"Z",0,"Z",0,"R",0
170675, 1,"R",2915,"R",235,"R",656,"R",2024,"R",181,"R",37,"R",0,"R",16,"R",1
170675, 2,"R",2172,"R",17,"R",531,"R",1624,"R",17,"R",0,"R",0,"R",0,"R",0
170675, 3,"R",1991,"R",15,"R",531,"R",1445,"R",15,"R",0,"R",0,"R",0,"R",0
170675,11,"R",181,"R",2,"R",0,"R",179,"R",2,"R",0,"R",0,"R",0,"R",0
170675,12,"R",743,"R",218,"R",125,"R",400,"R",164,"R",37,"R",0,"R",16,"R",1
170736, 1,"R",26,"A",,"A",,"R",26,"A",,"A",,"A",,"A",,"A",
170736, 2,"R",26,"A",,"A",,"R",26,"A",,"A",,"A",,"A",,"A",
170790, 1,"R",20220,"R",2596,"R",3647,"R",13977,"R",2588,"R",7,"R",0,"R",0,"R",1
170790, 2,"R",20220,"R",2596,"R",3647,"R",13977,"R",2588,"R",7,"R",0,"R",0,"R",1
170790, 3,"R",15793,"R",1816,"R",2797,"R",11180,"R",1809,"R",6,"R",0,"R",0,"R",1
170790,11,"R",4427,"R",780,"R",850,"R",2797,"R",779,"R",1,"R",0,"R",0,"R",0
170806, 1,"R",3044,"R",577,"R",1138,"R",1329,"R",330,"R",8,"R",0,"R",239,"R",0
170806, 2,"R",2440,"R",461,"R",983,"R",996,"R",248,"R",6,"R",0,"R",207,"R",0
170806, 3,"R",2311,"R",450,"R",979,"R",882,"R",237,"R",6,"R",0,"R",207,"R",0
170806,11,"R",129,"R",11,"R",4,"R",114,"R",11,"R",0,"R",0,"R",0,"R",0
170806,12,"R",604,"R",116,"R",155,"R",333,"R",82,"R",2,"R",0,"R",32,"R",0
170842, 1,"R",355,"R",326,"R",1,"R",28,"R",229,"R",97,"R",0,"R",0,"R",0
170842,12,"R",355,"R",326,"R",1,"R",28,"R",229,"R",97,"R",0,"R",0,"R",0
170967, 1,"R",1098,"R",230,"R",632,"R",236,"R",223,"R",7,"Z",0,"Z",0,"R",0
170967, 2,"R",1065,"R",230,"R",605,"R",230,"R",223,"R",7,"Z",0,"Z",0,"R",0
170967, 3,"R",907,"R",224,"R",544,"R",139,"R",217,"R",7,"Z",0,"Z",0,"R",0
170967,11,"R",158,"R",6,"R",61,"R",91,"R",6,"Z",0,"Z",0,"Z",0,"R",0
170967,12,"R",33,"R",0,"R",27,"R",6,"A",,"A",,"A",,"A",,"A",
170976, 1,"R",46716,"R",256,"R",487,"R",45973,"R",182,"R",46,"Z",0,"R",28,"R",0
170976, 2,"R",30318,"R",15,"R",64,"R",30239,"R",14,"R",1,"Z",0,"Z",0,"R",0
170976, 3,"R",30079,"R",15,"R",64,"R",30000,"R",14,"R",1,"Z",0,"Z",0,"R",0
170976,11,"R",239,"Z",0,"Z",0,"R",239,"A",,"A",,"A",,"A",,"A",
170976,12,"R",16398,"R",241,"R",423,"R",15734,"R",168,"R",45,"Z",0,"R",28,"R",0
171012, 1,"R",185,"A",,"A",,"R",185,"A",,"A",,"A",,"A",,"A",
171012, 2,"R",185,"A",,"A",,"R",185,"A",,"A",,"A",,"A",,"A",
171100, 1,"R",50351,"R",2196,"R",9273,"R",38882,"R",1235,"R",882,"Z",0,"R",79,"R",0
171100, 2,"R",39423,"R",318,"R",8605,"R",30500,"R",285,"R",31,"Z",0,"R",2,"R",0
171100, 3,"R",39208,"R",313,"R",8595,"R",30300,"R",281,"R",30,"Z",0,"R",2,"R",0
171100,11,"R",215,"R",5,"R",10,"R",200,"R",4,"R",1,"Z",0,"Z",0,"R",0
171100,12,"R",10928,"R",1878,"R",668,"R",8382,"R",950,"R",851,"Z",0,"R",77,"R",0
171128, 1,"R",7172,"R",179,"R",331,"R",6662,"R",118,"R",61,"Z",0,"Z",0,"R",0
171128, 2,"R",5797,"R",24,"R",238,"R",5535,"R",16,"R",8,"Z",0,"Z",0,"R",0
171128, 3,"R",5736,"R",14,"R",238,"R",5484,"R",9,"R",5,"Z",0,"Z",0,"R",0
171128,11,"R",61,"R",10,"R",0,"R",51,"R",7,"R",3,"Z",0,"Z",0,"R",0
171128,12,"R",1375,"R",155,"R",93,"R",1127,"R",102,"R",53,"Z",0,"Z",0,"R",0
171137, 1,"R",9460,"R",992,"R",1904,"R",6564,"R",793,"R",118,"Z",0,"R",81,"R",0
171137, 2,"R",7177,"R",111,"R",1453,"R",5613,"R",103,"R",4,"Z",0,"R",4,"R",0
171137, 3,"R",6965,"R",87,"R",1437,"R",5441,"R",84,"R",3,"Z",0,"Z",0,"R",0
171137,11,"R",212,"R",24,"R",16,"R",172,"R",19,"R",1,"Z",0,"R",4,"R",0
171137,12,"R",2283,"R",881,"R",451,"R",951,"R",690,"R",114,"Z",0,"R",77,"R",0
171146, 1,"R",7532,"R",1447,"R",2342,"R",3743,"R",1343,"R",89,"Z",0,"R",15,"R",0
171146, 2,"R",6097,"R",971,"R",2214,"R",2912,"R",935,"R",35,"Z",0,"R",1,"R",0
171146, 3,"R",5343,"R",950,"R",2163,"R",2230,"R",916,"R",33,"Z",0,"R",1,"R",0
171146,11,"R",754,"R",21,"R",51,"R",682,"R",19,"R",2,"Z",0,"Z",0,"R",0
171146,12,"R",1435,"R",476,"R",128,"R",831,"R",408,"R",54,"Z",0,"R",14,"R",0
171155, 1,"R",3802,"R",723,"R",932,"R",2147,"R",720,"R",2,"R",1,"R",0,"R",0
171155, 2,"R",3802,"R",723,"R",932,"R",2147,"R",720,"R",2,"R",1,"R",0,"R",0
171155, 3,"R",2700,"R",262,"R",781,"R",1657,"R",260,"R",2,"R",0,"R",0,"R",0
171155,11,"R",1102,"R",461,"R",151,"R",490,"R",460,"R",0,"R",1,"R",0,"R",0
171225, 1,"R",2920,"R",255,"R",467,"R",2198,"R",250,"R",5,"R",0,"R",0,"R",0
171225, 2,"R",2920,"R",255,"R",467,"R",2198,"R",250,"R",5,"R",0,"R",0,"R",0
171225, 3,"R",2092,"R",131,"R",416,"R",1545,"R",126,"R",5,"R",0,"R",0,"R",0
171225,11,"R",828,"R",124,"R",51,"R",653,"R",124,"R",0,"R",0,"R",0,"R",0
171234, 1,"R",1667,"R",132,"R",253,"R",1282,"R",132,"Z",0,"Z",0,"Z",0,"R",0
171234, 2,"R",1667,"R",132,"R",253,"R",1282,"R",132,"Z",0,"Z",0,"Z",0,"R",0
171234, 3,"R",1267,"R",28,"R",225,"R",1014,"R",28,"Z",0,"Z",0,"Z",0,"R",0
171234,11,"R",400,"R",104,"R",28,"R",268,"R",104,"Z",0,"Z",0,"Z",0,"R",0
171304, 1,"R",4078,"R",406,"R",1139,"R",2533,"R",401,"R",4,"R",0,"R",0,"R",1
171304, 2,"R",4078,"R",406,"R",1139,"R",2533,"R",401,"R",4,"R",0,"R",0,"R",1
171304, 3,"R",3225,"R",251,"R",1029,"R",1945,"R",248,"R",3,"R",0,"R",0,"R",0
171304,11,"R",853,"R",155,"R",110,"R",588,"R",153,"R",1,"R",0,"R",0,"R",1
171395, 1,"R",2329,"R",218,"R",451,"R",1660,"R",212,"R",6,"R",0,"R",0,"R",0
171395, 2,"R",2329,"R",218,"R",451,"R",1660,"R",212,"R",6,"R",0,"R",0,"R",0
171395, 3,"R",1270,"R",147,"R",343,"R",780,"R",141,"R",6,"R",0,"R",0,"R",0
171395,11,"R",1059,"R",71,"R",108,"R",880,"R",71,"R",0,"R",0,"R",0,"R",0
171456, 1,"R",7595,"R",462,"R",1641,"R",5492,"R",389,"R",71,"R",1,"R",1,"R",0
171456, 2,"R",7089,"R",228,"R",1583,"R",5278,"R",184,"R",44,"R",0,"R",0,"R",0
171456, 3,"R",6722,"R",220,"R",1575,"R",4927,"R",180,"R",40,"R",0,"R",0,"R",0
171456,11,"R",367,"R",8,"R",8,"R",351,"R",4,"R",4,"R",0,"R",0,"R",0
171456,12,"R",506,"R",234,"R",58,"R",214,"R",205,"R",27,"R",1,"R",1,"R",0
171483, 1,"R",3727,"R",447,"R",769,"R",2511,"R",443,"R",4,"R",0,"R",0,"R",0
171483, 2,"R",3727,"R",447,"R",769,"R",2511,"R",443,"R",4,"R",0,"R",0,"R",0
171483, 3,"R",3238,"R",297,"R",727,"R",2214,"R",293,"R",4,"R",0,"R",0,"R",0
171483,11,"R",489,"R",150,"R",42,"R",297,"R",150,"R",0,"R",0,"R",0,"R",0
171492, 1,"R",3177,"R",1208,"R",909,"R",1060,"R",705,"R",470,"R",17,"R",16,"R",0
171492, 2,"R",2827,"R",1025,"R",909,"R",893,"R",595,"R",403,"R",17,"R",10,"R",0
171492, 3,"R",2744,"R",1015,"R",907,"R",822,"R",591,"R",402,"R",12,"R",10,"R",0
171492,11,"R",83,"R",10,"R",2,"R",71,"R",4,"R",1,"R",5,"R",0,"R",0
171492,12,"R",350,"R",183,"R",0,"R",167,"R",110,"R",67,"Z",0,"R",6,"R",0
171535, 1,"R",15411,"R",390,"R",1041,"R",13980,"R",387,"R",3,"R",0,"R",0,"R",0
171535, 2,"R",15411,"R",390,"R",1041,"R",13980,"R",387,"R",3,"R",0,"R",0,"R",0
171535, 3,"R",11067,"R",284,"R",892,"R",9891,"R",283,"R",1,"R",0,"R",0,"R",0
171535,11,"R",4344,"R",106,"R",149,"R",4089,"R",104,"R",2,"R",0,"R",0,"R",0
171571, 1,"R",19309,"R",714,"R",4058,"R",14537,"R",662,"R",18,"R",0,"R",28,"R",6
171571, 2,"R",15799,"R",415,"R",3781,"R",11603,"R",397,"R",10,"R",0,"R",5,"R",3
171571, 3,"R",15476,"R",382,"R",3746,"R",11348,"R",366,"R",10,"R",0,"R",3,"R",3
171571,11,"R",323,"R",33,"R",35,"R",255,"R",31,"R",0,"R",0,"R",2,"R",0
171571,12,"R",3510,"R",299,"R",277,"R",2934,"R",265,"R",8,"R",0,"R",23,"R",3
171599, 1,"R",1098,"R",43,"R",0,"R",1055,"R",7,"R",36,"R",0,"R",0,"R",0
171599, 2,"R",1055,"A",,"A",,"R",1055,"A",,"A",,"A",,"A",,"A",
171599, 3,"R",986,"A",,"A",,"R",986,"A",,"A",,"A",,"A",,"A",
171599,11,"R",69,"A",,"A",,"R",69,"A",,"A",,"A",,"A",,"A",
171599,12,"R",43,"R",43,"R",0,"R",0,"R",7,"R",36,"R",0,"R",0,"R",0
171775, 1,"R",47,"A",,"A",,"R",47,"A",,"A",,"A",,"A",,"A",
171775, 2,"R",47,"A",,"A",,"R",47,"A",,"A",,"A",,"A",,"A",
171881, 1,"R",161,"R",0,"R",13,"R",148,"A",,"A",,"A",,"A",,"A",
171881, 2,"R",161,"R",0,"R",13,"R",148,"A",,"A",,"A",,"A",,"A",
171881, 3,"R",158,"R",0,"R",12,"R",146,"A",,"A",,"A",,"A",,"A",
171881,11,"R",3,"R",0,"R",1,"R",2,"A",,"A",,"A",,"A",,"A",
171988, 1,"R",105,"A",,"A",,"R",105,"A",,"A",,"A",,"A",,"A",
171988, 2,"R",105,"A",,"A",,"R",105,"A",,"A",,"A",,"A",,"A",
171997, 1,"R",173,"A",,"A",,"R",173,"A",,"A",,"A",,"A",,"A",
171997, 2,"R",173,"A",,"A",,"R",173,"A",,"A",,"A",,"A",,"A",
172015, 1,"R",128,"A",,"A",,"R",128,"A",,"A",,"A",,"A",,"A",
172015, 2,"R",128,"A",,"A",,"R",128,"A",,"A",,"A",,"A",,"A",
172033, 1,"R",480,"R",64,"R",14,"R",402,"R",38,"R",18,"R",0,"R",8,"R",0
172033, 2,"R",293,"R",35,"R",14,"R",244,"R",35,"R",0,"R",0,"R",0,"R",0
172033, 3,"R",272,"R",27,"R",10,"R",235,"R",27,"R",0,"R",0,"R",0,"R",0
172033,11,"R",21,"R",8,"R",4,"R",9,"R",8,"R",0,"R",0,"R",0,"R",0
172033,12,"R",187,"R",29,"R",0,"R",158,"R",3,"R",18,"R",0,"R",8,"R",0
172051, 1,"R",8515,"R",239,"R",1497,"R",6779,"R",233,"R",2,"Z",0,"R",4,"R",0
172051, 2,"R",7719,"R",106,"R",1325,"R",6288,"R",104,"Z",0,"Z",0,"R",2,"R",0
172051, 3,"R",7431,"R",78,"R",1268,"R",6085,"R",76,"Z",0,"Z",0,"R",2,"R",0
172051,11,"R",288,"R",28,"R",57,"R",203,"R",28,"Z",0,"Z",0,"Z",0,"R",0
172051,12,"R",796,"R",133,"R",172,"R",491,"R",129,"R",2,"Z",0,"R",2,"R",0
172200, 1,"R",9895,"R",1814,"R",1897,"R",6184,"R",1787,"R",7,"R",0,"R",20,"R",0
172200, 2,"R",9895,"R",1814,"R",1897,"R",6184,"R",1787,"R",7,"R",0,"R",20,"R",0
172200, 3,"R",8776,"R",1341,"R",1800,"R",5635,"R",1334,"R",4,"R",0,"R",3,"R",0
172200,11,"R",1119,"R",473,"R",97,"R",549,"R",453,"R",3,"R",0,"R",17,"R",0
172264, 1,"R",2433,"R",542,"R",634,"R",1257,"R",118,"R",43,"R",381,"R",0,"R",0
172264, 2,"R",2216,"R",420,"R",593,"R",1203,"R",56,"R",28,"R",336,"R",0,"R",0
172264, 3,"R",2035,"R",415,"R",579,"R",1041,"R",51,"R",28,"R",336,"R",0,"R",0
172264,11,"R",181,"R",5,"R",14,"R",162,"R",5,"R",0,"R",0,"R",0,"R",0
172264,12,"R",217,"R",122,"R",41,"R",54,"R",62,"R",15,"R",45,"R",0,"R",0
172291, 1,"R",3541,"R",493,"R",846,"R",2202,"R",490,"R",1,"R",0,"R",2,"R",0
172291, 2,"R",3541,"R",493,"R",846,"R",2202,"R",490,"R",1,"R",0,"R",2,"R",0
172291, 3,"R",2459,"R",289,"R",650,"R",1520,"R",286,"R",1,"R",0,"R",2,"R",0
172291,11,"R",1082,"R",204,"R",196,"R",682,"R",204,"R",0,"R",0,"R",0,"R",0
172307, 1,"R",2130,"A",,"A",,"R",2130,"A",,"A",,"A",,"A",,"A",
172307, 2,"R",2130,"A",,"A",,"R",2130,"A",,"A",,"A",,"A",,"A",
172307, 3,"R",1522,"A",,"A",,"R",1522,"A",,"A",,"A",,"A",,"A",
172307,11,"R",608,"A",,"A",,"R",608,"A",,"A",,"A",,"A",,"A",
172325, 1,"R",526,"A",,"A",,"R",526,"A",,"A",,"A",,"A",,"A",
172325, 2,"R",526,"A",,"A",,"R",526,"A",,"A",,"A",,"A",,"A",
172334, 1,"R",3436,"R",1444,"R",756,"R",1236,"R",752,"R",685,"Z",0,"R",7,"R",0
172334, 2,"R",1807,"R",210,"R",553,"R",1044,"R",138,"R",72,"Z",0,"Z",0,"R",0
172334, 3,"R",1671,"R",210,"R",553,"R",908,"R",138,"R",72,"Z",0,"Z",0,"R",0
172334,11,"R",136,"Z",0,"Z",0,"R",136,"A",,"A",,"A",,"A",,"A",
172334,12,"R",1629,"R",1234,"R",203,"R",192,"R",614,"R",613,"Z",0,"R",7,"R",0
172422, 1,"R",218,"A",,"A",,"R",218,"A",,"A",,"A",,"A",,"A",
172422, 2,"R",218,"A",,"A",,"R",218,"A",,"A",,"A",,"A",,"A",
172422, 3,"R",218,"A",,"A",,"R",218,"A",,"A",,"A",,"A",,"A",
172440, 1,"R",456,"R",36,"R",58,"R",362,"R",35,"R",1,"R",0,"R",0,"R",0
172440, 2,"R",456,"R",36,"R",58,"R",362,"R",35,"R",1,"R",0,"R",0,"R",0
172440, 3,"R",405,"R",11,"R",58,"R",336,"R",10,"R",1,"R",0,"R",0,"R",0
172440,11,"R",51,"R",25,"R",0,"R",26,"R",25,"R",0,"R",0,"R",0,"R",0
172477, 1,"R",1325,"R",55,"R",108,"R",1162,"R",25,"R",30,"Z",0,"Z",0,"R",0
172477,12,"R",1325,"R",55,"R",108,"R",1162,"R",25,"R",30,"Z",0,"Z",0,"R",0
172495, 1,"R",272,"A",,"A",,"R",272,"A",,"A",,"A",,"A",,"A",
172495, 2,"R",272,"A",,"A",,"R",272,"A",,"A",,"A",,"A",,"A",
172608, 1,"R",2006,"R",967,"R",543,"R",496,"R",943,"R",24,"R",0,"R",0,"R",0
172608, 2,"R",802,"R",331,"R",319,"R",152,"R",328,"R",3,"R",0,"R",0,"R",0
172608, 3,"R",782,"R",327,"R",307,"R",148,"R",324,"R",3,"R",0,"R",0,"R",0
172608,11,"R",20,"R",4,"R",12,"R",4,"R",4,"R",0,"R",0,"R",0,"R",0
172608,12,"R",1204,"R",636,"R",224,"R",344,"R",615,"R",21,"R",0,"R",0,"R",0
172617, 1,"R",12264,"R",2049,"R",2040,"R",8175,"R",1833,"R",191,"R",20,"R",5,"R",0
172617, 2,"R",12264,"R",2049,"R",2040,"R",8175,"R",1833,"R",191,"R",20,"R",5,"R",0
172617, 3,"R",10138,"R",1531,"R",1859,"R",6748,"R",1353,"R",160,"R",15,"R",3,"R",0
172617,11,"R",2126,"R",518,"R",181,"R",1427,"R",480,"R",31,"R",5,"R",2,"R",0
172635, 1,"R",14957,"R",1754,"R",1725,"R",11478,"R",1728,"R",26,"R",0,"R",0,"R",0
172635, 2,"R",14957,"R",1754,"R",1725,"R",11478,"R",1728,"R",26,"R",0,"R",0,"R",0
172635, 3,"R",9905,"R",1646,"R",1644,"R",6615,"R",1621,"R",25,"R",0,"R",0,"R",0
172635,11,"R",5052,"R",108,"R",81,"R",4863,"R",107,"R",1,"R",0,"R",0,"R",0
172644, 1,"R",27025,"R",1859,"R",6953,"R",18213,"R",1678,"R",155,"R",1,"R",25,"R",0
172644, 2,"R",17574,"R",402,"R",5924,"R",11248,"R",389,"R",8,"R",0,"R",5,"R",0
172644, 3,"R",17114,"R",375,"R",5896,"R",10843,"R",362,"R",8,"R",0,"R",5,"R",0
172644,11,"R",460,"R",27,"R",28,"R",405,"R",27,"R",0,"R",0,"R",0,"R",0
172644,12,"R",9451,"R",1457,"R",1029,"R",6965,"R",1289,"R",147,"R",1,"R",20,"R",0
172671, 1,"R",1042,"R",139,"R",281,"R",622,"R",138,"R",1,"Z",0,"Z",0,"R",0
172671, 2,"R",1042,"R",139,"R",281,"R",622,"R",138,"R",1,"Z",0,"Z",0,"R",0
172671, 3,"R",749,"R",81,"R",216,"R",452,"R",80,"R",1,"Z",0,"Z",0,"R",0
172671,11,"R",293,"R",58,"R",65,"R",170,"R",58,"Z",0,"Z",0,"Z",0,"R",0
172680, 1,"R",96,"A",,"A",,"R",96,"A",,"A",,"A",,"A",,"A",
172680, 2,"R",96,"A",,"A",,"R",96,"A",,"A",,"A",,"A",,"A",
172699, 1,"R",22562,"R",1236,"R",4416,"R",16910,"R",1115,"R",115,"R",0,"R",6,"R",0
172699, 2,"R",17760,"R",684,"R",4065,"R",13011,"R",646,"R",35,"R",0,"R",3,"R",0
172699, 3,"R",17519,"R",660,"R",4053,"R",12806,"R",625,"R",32,"R",0,"R",3,"R",0
172699,11,"R",241,"R",24,"R",12,"R",205,"R",21,"R",3,"R",0,"R",0,"R",0
172699,12,"R",4802,"R",552,"R",351,"R",3899,"R",469,"R",80,"R",0,"R",3,"R",0
172705, 1,"R",299,"R",190,"R",109,"R",0,"R",54,"R",108,"R",0,"R",28,"R",0
172705,12,"R",299,"R",190,"R",109,"R",0,"R",54,"R",108,"R",0,"R",28,"R",0
172802, 1,"R",51,"A",,"A",,"R",51,"A",,"A",,"A",,"A",,"A",
172802, 2,"R",51,"A",,"A",,"R",51,"A",,"A",,"A",,"A",,"A",
172866, 1,"R",99,"R",3,"R",96,"R",0,"R",3,"Z",0,"Z",0,"Z",0,"R",0
172866, 2,"R",99,"R",3,"R",96,"R",0,"R",3,"Z",0,"Z",0,"Z",0,"R",0
172866, 3,"R",94,"R",3,"R",91,"R",0,"R",3,"Z",0,"Z",0,"Z",0,"R",0
172866,11,"R",5,"R",0,"R",5,"R",0,"A",,"A",,"A",,"A",,"A",
172918, 1,"R",2614,"R",783,"R",385,"R",1446,"R",727,"R",48,"R",0,"R",0,"R",8
172918, 2,"R",2614,"R",783,"R",385,"R",1446,"R",727,"R",48,"R",0,"R",0,"R",8
172918, 3,"R",1358,"R",199,"R",271,"R",888,"R",177,"R",22,"R",0,"R",0,"R",0
172918,11,"R",1256,"R",584,"R",114,"R",558,"R",550,"R",26,"R",0,"R",0,"R",8
172927, 1,"R",37,"A",,"A",,"R",37,"A",,"A",,"A",,"A",,"A",
172927, 2,"R",37,"A",,"A",,"R",37,"A",,"A",,"A",,"A",,"A",
172954, 1,"R",1844,"R",198,"R",462,"R",1184,"R",197,"R",1,"R",0,"R",0,"R",0
172954, 2,"R",1844,"R",198,"R",462,"R",1184,"R",197,"R",1,"R",0,"R",0,"R",0
172954, 3,"R",1523,"R",162,"R",445,"R",916,"R",162,"R",0,"R",0,"R",0,"R",0
172954,11,"R",321,"R",36,"R",17,"R",268,"R",35,"R",1,"R",0,"R",0,"R",0
172963, 1,"R",8845,"R",1157,"R",2169,"R",5519,"R",1138,"R",18,"R",0,"R",0,"R",1
172963, 2,"R",8845,"R",1157,"R",2169,"R",5519,"R",1138,"R",18,"R",0,"R",0,"R",1
172963, 3,"R",5266,"R",885,"R",1542,"R",2839,"R",873,"R",11,"R",0,"R",0,"R",1
172963,11,"R",3579,"R",272,"R",627,"R",2680,"R",265,"R",7,"R",0,"R",0,"R",0
173045, 1,"R",3419,"R",46,"R",133,"R",3240,"R",32,"R",14,"R",0,"R",0,"R",0
173045, 2,"R",2343,"R",6,"R",118,"R",2219,"R",5,"R",1,"R",0,"R",0,"R",0
173045, 3,"R",2311,"R",5,"R",113,"R",2193,"R",4,"R",1,"R",0,"R",0,"R",0
173045,11,"R",32,"R",1,"R",5,"R",26,"R",1,"R",0,"R",0,"R",0,"R",0
173045,12,"R",1076,"R",40,"R",15,"R",1021,"R",27,"R",13,"R",0,"R",0,"R",0
173063, 1,"R",3263,"R",753,"R",780,"R",1730,"R",720,"R",31,"R",0,"R",0,"R",2
173063, 2,"R",3263,"R",753,"R",780,"R",1730,"R",720,"R",31,"R",0,"R",0,"R",2
173063, 3,"R",1909,"R",458,"R",575,"R",876,"R",437,"R",20,"R",0,"R",0,"R",1
173063,11,"R",1354,"R",295,"R",205,"R",854,"R",283,"R",11,"R",0,"R",0,"R",1
173115, 1,"R",1022,"R",599,"R",145,"R",278,"R",492,"R",103,"R",0,"R",0,"R",4
173115, 2,"R",1022,"R",599,"R",145,"R",278,"R",492,"R",103,"R",0,"R",0,"R",4
173115, 3,"R",648,"R",269,"R",140,"R",239,"R",243,"R",26,"R",0,"R",0,"R",0
173115,11,"R",374,"R",330,"R",5,"R",39,"R",249,"R",77,"R",0,"R",0,"R",4
173124, 1,"R",5111,"R",1371,"R",884,"R",2856,"R",1260,"R",106,"R",0,"R",0,"R",5
173124, 2,"R",4690,"R",1022,"R",865,"R",2803,"R",932,"R",85,"R",0,"R",0,"R",5
173124, 3,"R",4308,"R",950,"R",859,"R",2499,"R",866,"R",80,"R",0,"R",0,"R",4
173124,11,"R",382,"R",72,"R",6,"R",304,"R",66,"R",5,"R",0,"R",0,"R",1
173124,12,"R",421,"R",349,"R",19,"R",53,"R",328,"R",21,"R",0,"R",0,"R",0
173142, 1,"R",739,"R",108,"R",177,"R",454,"R",26,"R",82,"R",0,"R",0,"R",0
173142, 2,"R",739,"R",108,"R",177,"R",454,"R",26,"R",82,"R",0,"R",0,"R",0
173142, 3,"R",599,"R",1,"R",170,"R",428,"R",1,"R",0,"R",0,"R",0,"R",0
173142,11,"R",140,"R",107,"R",7,"R",26,"R",25,"R",82,"R",0,"R",0,"R",0
173160, 1,"R",3692,"R",527,"R",680,"R",2485,"R",375,"R",133,"Z",0,"Z",0,"R",19
173160, 2,"R",2856,"R",233,"R",358,"R",2265,"R",166,"R",67,"Z",0,"Z",0,"R",0
173160, 3,"R",2723,"R",232,"R",354,"R",2137,"R",165,"R",67,"Z",0,"Z",0,"R",0
173160,11,"R",133,"R",1,"R",4,"R",128,"R",1,"R",0,"Z",0,"Z",0,"R",0
173160,12,"R",836,"R",294,"R",322,"R",220,"R",209,"R",66,"Z",0,"Z",0,"R",19
173179, 1,"R",369,"R",115,"R",146,"R",108,"R",45,"R",68,"R",0,"R",2,"R",0
173179,12,"R",369,"R",115,"R",146,"R",108,"R",45,"R",68,"R",0,"R",2,"R",0
173203, 1,"R",4029,"R",439,"R",1058,"R",2532,"R",435,"R",4,"R",0,"R",0,"R",0
173203, 2,"R",4029,"R",439,"R",1058,"R",2532,"R",435,"R",4,"R",0,"R",0,"R",0
173203, 3,"R",1819,"R",271,"R",683,"R",865,"R",268,"R",3,"R",0,"R",0,"R",0
173203,11,"R",2210,"R",168,"R",375,"R",1667,"R",167,"R",1,"R",0,"R",0,"R",0
173258, 1,"R",2097,"A",,"A",,"R",2097,"A",,"A",,"A",,"A",,"A",
173258, 2,"R",2097,"A",,"A",,"R",2097,"A",,"A",,"A",,"A",,"A",
173258, 3,"R",2046,"A",,"A",,"R",2046,"A",,"A",,"A",,"A",,"A",
173258,11,"R",51,"A",,"A",,"R",51,"A",,"A",,"A",,"A",,"A",
173300, 1,"R",2129,"R",0,"R",15,"R",2114,"A",,"A",,"A",,"A",,"A",
173300, 2,"R",2097,"R",0,"R",3,"R",2094,"A",,"A",,"A",,"A",,"A",
173300, 3,"R",2009,"R",0,"R",3,"R",2006,"A",,"A",,"A",,"A",,"A",
173300,11,"R",88,"R",0,"Z",0,"R",88,"A",,"A",,"A",,"A",,"A",
173300,12,"R",32,"R",0,"R",12,"R",20,"A",,"A",,"A",,"A",,"A",
173328, 1,"R",5054,"R",3129,"R",149,"R",1776,"R",2256,"R",843,"R",12,"R",18,"R",0
173328, 2,"R",3104,"R",1469,"R",28,"R",1607,"R",991,"R",469,"R",7,"R",2,"R",0
173328, 3,"R",2760,"R",1407,"R",24,"R",1329,"R",929,"R",469,"R",7,"R",2,"R",0
173328,11,"R",344,"R",62,"R",4,"R",278,"R",62,"Z",0,"Z",0,"Z",0,"R",0
173328,12,"R",1950,"R",1660,"R",121,"R",169,"R",1265,"R",374,"R",5,"R",16,"R",0
173416, 1,"R",2523,"R",287,"R",578,"R",1658,"R",276,"R",11,"R",0,"R",0,"R",0
173416, 2,"R",2523,"R",287,"R",578,"R",1658,"R",276,"R",11,"R",0,"R",0,"R",0
173416, 3,"R",2105,"R",203,"R",562,"R",1340,"R",196,"R",7,"R",0,"R",0,"R",0
173416,11,"R",418,"R",84,"R",16,"R",318,"R",80,"R",4,"R",0,"R",0,"R",0
173452, 1,"R",972,"R",196,"R",18,"R",758,"R",23,"R",171,"R",0,"R",2,"R",0
173452, 2,"R",885,"R",119,"R",18,"R",748,"R",15,"R",103,"R",0,"R",1,"R",0
173452, 3,"R",803,"R",54,"R",18,"R",731,"R",8,"R",46,"R",0,"R",0,"R",0
173452,11,"R",82,"R",65,"R",0,"R",17,"R",7,"R",57,"R",0,"R",1,"R",0
173452,12,"R",87,"R",77,"R",0,"R",10,"R",8,"R",68,"R",0,"R",1,"R",0
173461, 1,"R",5281,"R",1019,"R",1202,"R",3060,"R",883,"R",130,"R",2,"R",0,"R",4
173461, 2,"R",5281,"R",1019,"R",1202,"R",3060,"R",883,"R",130,"R",2,"R",0,"R",4
173461, 3,"R",3279,"R",602,"R",971,"R",1706,"R",505,"R",96,"R",1,"R",0,"R",0
173461,11,"R",2002,"R",417,"R",231,"R",1354,"R",378,"R",34,"R",1,"R",0,"R",4
173470, 1,"R",31,"A",,"A",,"R",31,"A",,"A",,"A",,"A",,"A",
173470, 2,"R",31,"A",,"A",,"R",31,"A",,"A",,"A",,"A",,"A",
173559, 1,"R",6222,"R",1256,"R",1303,"R",3663,"R",889,"R",364,"R",0,"R",0,"R",3
173559, 2,"R",6222,"R",1256,"R",1303,"R",3663,"R",889,"R",364,"R",0,"R",0,"R",3
173559, 3,"R",3989,"R",872,"R",1090,"R",2027,"R",550,"R",321,"R",0,"R",0,"R",1
173559,11,"R",2233,"R",384,"R",213,"R",1636,"R",339,"R",43,"R",0,"R",0,"R",2
173638, 1,"R",3362,"R",875,"R",781,"R",1706,"R",789,"R",84,"R",0,"R",0,"R",2
173638, 2,"R",3362,"R",875,"R",781,"R",1706,"R",789,"R",84,"R",0,"R",0,"R",2
173638, 3,"R",1800,"R",403,"R",600,"R",797,"R",353,"R",50,"R",0,"R",0,"R",0
173638,11,"R",1562,"R",472,"R",181,"R",909,"R",436,"R",34,"R",0,"R",0,"R",2
173647, 1,"R",2241,"A",,"A",,"R",2241,"A",,"A",,"A",,"A",,"A",
173647, 2,"R",2241,"A",,"A",,"R",2241,"A",,"A",,"A",,"A",,"A",
173647, 3,"R",2229,"A",,"A",,"R",2229,"A",,"A",,"A",,"A",,"A",
173647,11,"R",12,"A",,"A",,"R",12,"A",,"A",,"A",,"A",,"A",
173665, 1,"R",3526,"R",437,"R",122,"R",2967,"R",342,"R",86,"R",0,"R",8,"R",1
173665, 2,"R",2106,"R",1,"R",29,"R",2076,"R",1,"R",0,"R",0,"R",0,"R",0
173665, 3,"R",2077,"R",1,"R",29,"R",2047,"R",1,"R",0,"R",0,"R",0,"R",0
173665,11,"R",29,"R",0,"Z",0,"R",29,"A",,"A",,"A",,"A",,"A",
173665,12,"R",1420,"R",436,"R",93,"R",891,"R",341,"R",86,"R",0,"R",8,"R",1
173683, 1,"R",168,"R",125,"R",28,"R",15,"R",45,"R",80,"R",0,"R",0,"R",0
173683,12,"R",168,"R",125,"R",28,"R",15,"R",45,"R",80,"R",0,"R",0,"R",0
173708, 1,"R",4762,"R",607,"R",893,"R",3262,"R",571,"R",35,"R",0,"R",0,"R",1
173708, 2,"R",4762,"R",607,"R",893,"R",3262,"R",571,"R",35,"R",0,"R",0,"R",1
173708, 3,"R",4008,"R",455,"R",832,"R",2721,"R",434,"R",21,"R",0,"R",0,"R",0
173708,11,"R",754,"R",152,"R",61,"R",541,"R",137,"R",14,"R",0,"R",0,"R",1
173735, 1,"R",1118,"R",132,"R",268,"R",718,"R",121,"R",11,"R",0,"R",0,"R",0
173735, 2,"R",1118,"R",132,"R",268,"R",718,"R",121,"R",11,"R",0,"R",0,"R",0
173735, 3,"R",832,"R",67,"R",203,"R",562,"R",66,"R",1,"R",0,"R",0,"R",0
173735,11,"R",286,"R",65,"R",65,"R",156,"R",55,"R",10,"R",0,"R",0,"R",0
173744, 1,"R",412,"A",,"A",,"R",412,"A",,"A",,"A",,"A",,"A",
173744, 2,"R",412,"A",,"A",,"R",412,"A",,"A",,"A",,"A",,"A",
173799, 1,"R",4264,"R",877,"R",1195,"R",2192,"R",834,"R",39,"R",0,"R",0,"R",4
173799, 2,"R",4264,"R",877,"R",1195,"R",2192,"R",834,"R",39,"R",0,"R",0,"R",4
173799, 3,"R",3063,"R",552,"R",990,"R",1521,"R",530,"R",22,"R",0,"R",0,"R",0
173799,11,"R",1201,"R",325,"R",205,"R",671,"R",304,"R",17,"R",0,"R",0,"R",4
173805, 1,"R",1195,"R",120,"R",214,"R",861,"R",104,"R",16,"R",0,"R",0,"R",0
173805, 2,"R",1195,"R",120,"R",214,"R",861,"R",104,"R",16,"R",0,"R",0,"R",0
173805, 3,"R",788,"R",73,"R",167,"R",548,"R",64,"R",9,"R",0,"R",0,"R",0
173805,11,"R",407,"R",47,"R",47,"R",313,"R",40,"R",7,"R",0,"R",0,"R",0
173896, 1,"R",493,"R",113,"R",192,"R",188,"R",20,"R",91,"R",0,"R",2,"R",0
173896,12,"R",493,"R",113,"R",192,"R",188,"R",20,"R",91,"R",0,"R",2,"R",0
173902, 1,"R",2174,"A",,"A",,"R",2174,"A",,"A",,"A",,"A",,"A",
173902, 2,"R",2174,"A",,"A",,"R",2174,"A",,"A",,"A",,"A",,"A",
173902, 3,"R",2160,"A",,"A",,"R",2160,"A",,"A",,"A",,"A",,"A",
173902,11,"R",14,"A",,"A",,"R",14,"A",,"A",,"A",,"A",,"A",
173911, 1,"R",2746,"R",213,"R",790,"R",1743,"R",212,"R",1,"R",0,"R",0,"R",0
173911, 2,"R",2746,"R",213,"R",790,"R",1743,"R",212,"R",1,"R",0,"R",0,"R",0
173911, 3,"R",2306,"R",173,"R",751,"R",1382,"R",172,"R",1,"R",0,"R",0,"R",0
173911,11,"R",440,"R",40,"R",39,"R",361,"R",40,"R",0,"R",0,"R",0,"R",0
173920, 1,"R",14374,"R",1260,"R",4986,"R",8128,"R",1069,"R",187,"R",1,"R",0,"R",3
173920, 2,"R",12492,"R",654,"R",4697,"R",7141,"R",548,"R",105,"R",0,"R",0,"R",1
173920, 3,"R",11675,"R",593,"R",4649,"R",6433,"R",491,"R",101,"R",0,"R",0,"R",1
173920,11,"R",817,"R",61,"R",48,"R",708,"R",57,"R",4,"R",0,"R",0,"R",0
173920,12,"R",1882,"R",606,"R",289,"R",987,"R",521,"R",82,"R",1,"R",0,"R",2
173957, 1,"R",1123,"A",,"A",,"R",1123,"A",,"A",,"A",,"A",,"A",
173957, 2,"R",218,"A",,"A",,"R",218,"A",,"A",,"A",,"A",,"A",
173957, 3,"R",218,"A",,"A",,"R",218,"A",,"A",,"A",,"A",,"A",
173957,12,"R",905,"A",,"A",,"R",905,"A",,"A",,"A",,"A",,"A",
173993, 1,"R",1188,"R",183,"R",330,"R",675,"R",174,"R",9,"R",0,"R",0,"R",0
173993, 2,"R",1188,"R",183,"R",330,"R",675,"R",174,"R",9,"R",0,"R",0,"R",0
173993, 3,"R",691,"R",120,"R",252,"R",319,"R",112,"R",8,"R",0,"R",0,"R",0
173993,11,"R",497,"R",63,"R",78,"R",356,"R",62,"R",1,"R",0,"R",0,"R",0
174020, 1,"R",7861,"R",1580,"R",2235,"R",4046,"R",1392,"R",187,"R",0,"R",0,"R",1
174020, 2,"R",7031,"R",1352,"R",2061,"R",3618,"R",1256,"R",95,"R",0,"R",0,"R",1
174020, 3,"R",6768,"R",1280,"R",2044,"R",3444,"R",1222,"R",57,"R",0,"R",0,"R",1
174020,11,"R",263,"R",72,"R",17,"R",174,"R",34,"R",38,"R",0,"R",0,"R",0
174020,12,"R",830,"R",228,"R",174,"R",428,"R",136,"R",92,"R",0,"R",0,"R",0
174066, 1,"R",50943,"R",1102,"R",13573,"R",36268,"R",866,"R",230,"R",0,"R",4,"R",2
174066, 2,"R",34633,"R",363,"R",11811,"R",22459,"R",293,"R",69,"R",0,"R",1,"R",0
174066, 3,"R",31455,"R",197,"R",11599,"R",19659,"R",150,"R",46,"R",0,"R",1,"R",0
174066,11,"R",3178,"R",166,"R",212,"R",2800,"R",143,"R",23,"R",0,"R",0,"R",0
174066,12,"R",16310,"R",739,"R",1762,"R",13809,"R",573,"R",161,"R",0,"R",3,"R",2
174075, 1,"R",2810,"R",1053,"R",168,"R",1589,"R",724,"R",314,"R",0,"R",11,"R",4
174075, 2,"R",2810,"R",1053,"R",168,"R",1589,"R",724,"R",314,"R",0,"R",11,"R",4
174075, 3,"R",1834,"R",1016,"R",158,"R",660,"R",693,"R",309,"R",0,"R",10,"R",4
174075,11,"R",976,"R",37,"R",10,"R",929,"R",31,"R",5,"R",0,"R",1,"R",0
174118, 1,"R",135,"A",,"A",,"R",135,"A",,"A",,"A",,"A",,"A",
174118, 2,"R",135,"A",,"A",,"R",135,"A",,"A",,"A",,"A",,"A",
174118, 3,"R",135,"A",,"A",,"R",135,"A",,"A",,"A",,"A",,"A",
174127, 1,"R",854,"R",67,"R",112,"R",675,"R",41,"R",24,"R",0,"R",2,"R",0
174127, 2,"R",741,"R",2,"R",102,"R",637,"R",2,"R",0,"R",0,"R",0,"R",0
174127, 3,"R",717,"R",1,"R",102,"R",614,"R",1,"R",0,"R",0,"R",0,"R",0
174127,11,"R",24,"R",1,"R",0,"R",23,"R",1,"R",0,"R",0,"R",0,"R",0
174127,12,"R",113,"R",65,"R",10,"R",38,"R",39,"R",24,"R",0,"R",2,"R",0
174136, 1,"R",6951,"R",662,"R",1594,"R",4695,"R",639,"R",22,"R",0,"R",0,"R",1
174136, 2,"R",6951,"R",662,"R",1594,"R",4695,"R",639,"R",22,"R",0,"R",0,"R",1
174136, 3,"R",5764,"R",505,"R",1473,"R",3786,"R",484,"R",20,"R",0,"R",0,"R",1
174136,11,"R",1187,"R",157,"R",121,"R",909,"R",155,"R",2,"R",0,"R",0,"R",0
174154, 1,"R",438,"R",126,"R",133,"R",179,"R",106,"R",20,"Z",0,"Z",0,"R",0
174154, 2,"R",436,"R",124,"R",133,"R",179,"R",104,"R",20,"Z",0,"Z",0,"R",0
174154, 3,"R",435,"R",123,"R",133,"R",179,"R",103,"R",20,"Z",0,"Z",0,"R",0
174154,11,"R",1,"R",1,"Z",0,"R",0,"R",1,"Z",0,"Z",0,"Z",0,"R",0
174154,12,"R",2,"R",2,"Z",0,"R",0,"R",2,"Z",0,"Z",0,"Z",0,"R",0
174190, 1,"R",143,"A",,"A",,"R",143,"A",,"A",,"A",,"A",,"A",
174190, 2,"R",143,"A",,"A",,"R",143,"A",,"A",,"A",,"A",,"A",
174233, 1,"R",11040,"R",109,"R",1853,"R",9078,"R",98,"R",11,"R",0,"R",0,"R",0
174233, 2,"R",9977,"R",106,"R",1771,"R",8100,"R",95,"R",11,"R",0,"R",0,"R",0
174233, 3,"R",9109,"R",103,"R",1767,"R",7239,"R",92,"R",11,"R",0,"R",0,"R",0
174233,11,"R",868,"R",3,"R",4,"R",861,"R",3,"R",0,"R",0,"R",0,"R",0
174233,12,"R",1063,"R",3,"R",82,"R",978,"R",3,"R",0,"R",0,"R",0,"R",0
174251, 1,"R",1554,"R",4,"R",53,"R",1497,"R",4,"R",0,"R",0,"R",0,"R",0
174251, 2,"R",1554,"R",4,"R",53,"R",1497,"R",4,"R",0,"R",0,"R",0,"R",0
174251, 3,"R",1488,"R",0,"R",46,"R",1442,"A",,"A",,"A",,"A",,"A",
174251,11,"R",66,"R",4,"R",7,"R",55,"R",4,"R",0,"R",0,"R",0,"R",0
174321, 1,"R",80,"A",,"A",,"R",80,"A",,"A",,"A",,"A",,"A",
174321, 2,"R",80,"A",,"A",,"R",80,"A",,"A",,"A",,"A",,"A",
174358, 1,"R",5860,"R",1213,"R",1764,"R",2883,"R",960,"R",253,"R",0,"R",0,"R",0
174358, 2,"R",4828,"R",477,"R",1666,"R",2685,"R",357,"R",120,"R",0,"R",0,"R",0
174358, 3,"R",4572,"R",354,"R",1656,"R",2562,"R",297,"R",57,"R",0,"R",0,"R",0
174358,11,"R",256,"R",123,"R",10,"R",123,"R",60,"R",63,"R",0,"R",0,"R",0
174358,12,"R",1032,"R",736,"R",98,"R",198,"R",603,"R",133,"R",0,"R",0,"R",0
174376, 1,"R",6286,"R",1073,"R",1705,"R",3508,"R",1043,"R",29,"R",0,"R",0,"R",1
174376, 2,"R",6286,"R",1073,"R",1705,"R",3508,"R",1043,"R",29,"R",0,"R",0,"R",1
174376, 3,"R",4811,"R",754,"R",1330,"R",2727,"R",736,"R",18,"R",0,"R",0,"R",0
174376,11,"R",1475,"R",319,"R",375,"R",781,"R",307,"R",11,"R",0,"R",0,"R",1
174385, 1,"R",135,"R",126,"R",6,"R",3,"R",112,"R",14,"Z",0,"Z",0,"R",0
174385, 2,"R",135,"R",126,"R",6,"R",3,"R",112,"R",14,"Z",0,"Z",0,"R",0
174385, 3,"R",135,"R",126,"R",6,"R",3,"R",112,"R",14,"Z",0,"Z",0,"R",0
174428, 1,"R",9784,"R",1305,"R",2382,"R",6097,"R",1262,"R",40,"R",0,"R",0,"R",3
174428, 2,"R",9784,"R",1305,"R",2382,"R",6097,"R",1262,"R",40,"R",0,"R",0,"R",3
174428, 3,"R",7043,"R",807,"R",1880,"R",4356,"R",790,"R",16,"R",0,"R",0,"R",1
174428,11,"R",2741,"R",498,"R",502,"R",1741,"R",472,"R",24,"R",0,"R",0,"R",2
174437, 1,"R",1115,"R",45,"R",415,"R",655,"R",16,"R",29,"R",0,"R",0,"R",0
174437, 2,"R",1072,"R",9,"R",412,"R",651,"R",1,"R",8,"R",0,"R",0,"R",0
174437, 3,"R",921,"R",9,"R",374,"R",538,"R",1,"R",8,"R",0,"R",0,"R",0
174437,11,"R",151,"R",0,"R",38,"R",113,"A",,"A",,"A",,"A",,"A",
174437,12,"R",43,"R",36,"R",3,"R",4,"R",15,"R",21,"Z",0,"R",0,"R",0
174473, 1,"R",3500,"R",906,"R",564,"R",2030,"R",693,"R",200,"R",0,"R",0,"R",13
174473, 2,"R",3500,"R",906,"R",564,"R",2030,"R",693,"R",200,"R",0,"R",0,"R",13
174473, 3,"R",2293,"R",361,"R",460,"R",1472,"R",192,"R",168,"R",0,"R",0,"R",1
174473,11,"R",1207,"R",545,"R",104,"R",558,"R",501,"R",32,"R",0,"R",0,"R",12
174491, 1,"R",3623,"R",1366,"R",443,"R",1814,"R",1296,"R",66,"R",0,"R",4,"R",0
174491, 2,"R",3443,"R",1256,"R",425,"R",1762,"R",1214,"R",40,"R",0,"R",2,"R",0
174491, 3,"R",1818,"R",68,"R",217,"R",1533,"R",55,"R",13,"R",0,"R",0,"R",0
174491,11,"R",1625,"R",1188,"R",208,"R",229,"R",1159,"R",27,"R",0,"R",2,"R",0
174491,12,"R",180,"R",110,"R",18,"R",52,"R",82,"R",26,"R",0,"R",2,"R",0
174507, 1,"R",936,"R",0,"R",214,"R",722,"A",,"A",,"A",,"A",,"A",
174507, 2,"R",224,"R",0,"R",26,"R",198,"A",,"A",,"A",,"A",,"A",
174507, 3,"R",91,"R",0,"R",17,"R",74,"A",,"A",,"A",,"A",,"A",
174507,11,"R",133,"R",0,"R",9,"R",124,"A",,"A",,"A",,"A",,"A",
174507,12,"R",712,"R",0,"R",188,"R",524,"A",,"A",,"A",,"A",,"A",
174525, 1,"R",98,"R",18,"R",9,"R",71,"R",9,"R",9,"Z",0,"Z",0,"R",0
174525, 2,"R",98,"R",18,"R",9,"R",71,"R",9,"R",9,"Z",0,"Z",0,"R",0
174525, 3,"R",94,"R",14,"R",9,"R",71,"R",5,"R",9,"Z",0,"Z",0,"R",0
174525,11,"R",4,"R",4,"Z",0,"R",0,"R",4,"Z",0,"Z",0,"Z",0,"R",0
174570, 1,"R",2020,"R",121,"R",327,"R",1572,"R",111,"R",9,"R",0,"R",0,"R",1
174570, 2,"R",2020,"R",121,"R",327,"R",1572,"R",111,"R",9,"R",0,"R",0,"R",1
174570, 3,"R",731,"R",89,"R",267,"R",375,"R",79,"R",9,"R",0,"R",0,"R",1
174570,11,"R",1289,"R",32,"R",60,"R",1197,"R",32,"R",0,"R",0,"R",0,"R",0
174604, 1,"R",236,"R",4,"R",43,"R",189,"R",4,"R",0,"R",0,"R",0,"R",0
174604, 2,"R",236,"R",4,"R",43,"R",189,"R",4,"R",0,"R",0,"R",0,"R",0
174604, 3,"R",157,"R",0,"R",38,"R",119,"A",,"A",,"A",,"A",,"A",
174604,11,"R",79,"R",4,"R",5,"R",70,"R",4,"R",0,"R",0,"R",0,"R",0
174738, 1,"R",5129,"R",1045,"R",1298,"R",2786,"R",945,"R",99,"R",0,"R",0,"R",1
174738, 2,"R",5129,"R",1045,"R",1298,"R",2786,"R",945,"R",99,"R",0,"R",0,"R",1
174738, 3,"R",4045,"R",737,"R",1083,"R",2225,"R",651,"R",86,"R",0,"R",0,"R",0
174738,11,"R",1084,"R",308,"R",215,"R",561,"R",294,"R",13,"R",0,"R",0,"R",1
174747, 1,"R",1782,"A",,"A",,"R",1782,"A",,"A",,"A",,"A",,"A",
174747, 2,"R",1782,"A",,"A",,"R",1782,"A",,"A",,"A",,"A",,"A",
174747, 3,"R",1782,"A",,"A",,"R",1782,"A",,"A",,"A",,"A",,"A",
174756, 1,"R",4325,"R",600,"R",1046,"R",2679,"R",588,"R",11,"R",0,"R",0,"R",1
174756, 2,"R",4325,"R",600,"R",1046,"R",2679,"R",588,"R",11,"R",0,"R",0,"R",1
174756, 3,"R",3806,"R",508,"R",920,"R",2378,"R",498,"R",9,"R",0,"R",0,"R",1
174756,11,"R",519,"R",92,"R",126,"R",301,"R",90,"R",2,"R",0,"R",0,"R",0
174783, 1,"R",13928,"R",786,"R",3478,"R",9664,"R",672,"R",72,"R",0,"R",15,"R",27
174783, 2,"R",12128,"R",429,"R",3219,"R",8480,"R",400,"R",26,"R",0,"R",0,"R",3
174783, 3,"R",8983,"R",377,"R",3048,"R",5558,"R",354,"R",21,"R",0,"R",0,"R",2
174783,11,"R",3145,"R",52,"R",171,"R",2922,"R",46,"R",5,"R",0,"R",0,"R",1
174783,12,"R",1800,"R",357,"R",259,"R",1184,"R",272,"R",46,"R",0,"R",15,"R",24
174792, 1,"R",1777,"R",0,"R",3,"R",1774,"A",,"A",,"A",,"A",,"A",
174792, 2,"R",1667,"A",,"A",,"R",1667,"A",,"A",,"A",,"A",,"A",
174792, 3,"R",1667,"A",,"A",,"R",1667,"A",,"A",,"A",,"A",,"A",
174792,12,"R",110,"R",0,"R",3,"R",107,"A",,"A",,"A",,"A",,"A",
174817, 1,"R",5560,"R",1378,"R",441,"R",3741,"R",916,"R",454,"R",0,"R",8,"R",0
174817, 2,"R",1442,"R",54,"R",120,"R",1268,"R",41,"R",13,"R",0,"R",0,"R",0
174817, 3,"R",1409,"R",54,"R",120,"R",1235,"R",41,"R",13,"R",0,"R",0,"R",0
174817,11,"R",33,"R",0,"R",0,"R",33,"A",,"A",,"A",,"A",,"A",
174817,12,"R",4118,"R",1324,"R",321,"R",2473,"R",875,"R",441,"R",0,"R",8,"R",0
174844, 1,"R",3048,"A",,"A",,"R",3048,"A",,"A",,"A",,"A",,"A",
174844, 2,"R",3048,"A",,"A",,"R",3048,"A",,"A",,"A",,"A",,"A",
174844, 3,"R",3022,"A",,"A",,"R",3022,"A",,"A",,"A",,"A",,"A",
174844,11,"R",26,"A",,"A",,"R",26,"A",,"A",,"A",,"A",,"A",
174862, 1,"R",1510,"R",896,"R",56,"R",558,"R",433,"R",457,"Z",0,"R",6,"R",0
174862, 2,"R",1152,"R",538,"R",56,"R",558,"R",309,"R",227,"Z",0,"R",2,"R",0
174862, 3,"R",844,"R",311,"R",35,"R",498,"R",83,"R",226,"Z",0,"R",2,"R",0
174862,11,"R",308,"R",227,"R",21,"R",60,"R",226,"R",1,"Z",0,"Z",0,"R",0
174862,12,"R",358,"R",358,"Z",0,"R",0,"R",124,"R",230,"Z",0,"R",4,"R",0
174899, 1,"R",4043,"R",1150,"R",199,"R",2694,"R",638,"R",500,"R",6,"R",6,"R",0
174899, 2,"R",2479,"R",462,"R",185,"R",1832,"R",388,"R",72,"R",2,"R",0,"R",0
174899, 3,"R",2457,"R",460,"R",185,"R",1812,"R",386,"R",72,"R",2,"R",0,"R",0
174899,11,"R",22,"R",2,"R",0,"R",20,"R",2,"R",0,"R",0,"R",0,"R",0
174899,12,"R",1564,"R",688,"R",14,"R",862,"R",250,"R",428,"R",4,"R",6,"R",0
174914, 1,"R",10035,"R",462,"R",781,"R",8792,"R",362,"R",97,"R",0,"R",3,"R",0
174914, 2,"R",6395,"R",7,"R",412,"R",5976,"R",6,"R",1,"R",0,"R",0,"R",0
174914, 3,"R",6344,"R",5,"R",411,"R",5928,"R",4,"R",1,"R",0,"R",0,"R",0
174914,11,"R",51,"R",2,"R",1,"R",48,"R",2,"R",0,"R",0,"R",0,"R",0
174914,12,"R",3640,"R",455,"R",369,"R",2816,"R",356,"R",96,"R",0,"R",3,"R",0
174978, 1,"R",132,"A",,"A",,"R",132,"A",,"A",,"A",,"A",,"A",
174978, 2,"R",132,"A",,"A",,"R",132,"A",,"A",,"A",,"A",,"A",
175005, 1,"R",4859,"R",1006,"R",667,"R",3186,"R",369,"R",636,"R",0,"R",1,"R",0
175005, 2,"R",3283,"R",791,"R",415,"R",2077,"R",204,"R",587,"R",0,"R",0,"R",0
175005, 3,"R",3238,"R",791,"R",410,"R",2037,"R",204,"R",587,"R",0,"R",0,"R",0
175005,11,"R",45,"R",0,"R",5,"R",40,"A",,"A",,"A",,"A",,"A",
175005,12,"R",1576,"R",215,"R",252,"R",1109,"R",165,"R",49,"R",0,"R",1,"R",0
175014, 1,"R",4121,"R",1889,"R",1839,"R",393,"R",1725,"R",162,"R",0,"R",0,"R",2
175014, 2,"R",4092,"R",1860,"R",1839,"R",393,"R",1705,"R",153,"R",0,"R",0,"R",2
175014, 3,"R",4014,"R",1783,"R",1838,"R",393,"R",1700,"R",81,"R",0,"R",0,"R",2
175014,11,"R",78,"R",77,"R",1,"R",0,"R",5,"R",72,"R",0,"R",0,"R",0
175014,12,"R",29,"R",29,"R",0,"R",0,"R",20,"R",9,"R",0,"R",0,"R",0
175041, 1,"R",6912,"R",808,"R",1598,"R",4506,"R",773,"R",29,"R",0,"R",0,"R",6
175041, 2,"R",6912,"R",808,"R",1598,"R",4506,"R",773,"R",29,"R",0,"R",0,"R",6
175041, 3,"R",5295,"R",537,"R",1410,"R",3348,"R",508,"R",25,"R",0,"R",0,"R",4
175041,11,"R",1617,"R",271,"R",188,"R",1158,"R",265,"R",4,"R",0,"R",0,"R",2
175078, 1,"R",7167,"R",471,"R",943,"R",5753,"R",438,"R",32,"R",0,"R",0,"R",1
175078, 2,"R",6692,"R",356,"R",898,"R",5438,"R",337,"R",18,"R",0,"R",0,"R",1
175078, 3,"R",2022,"R",328,"R",882,"R",812,"R",311,"R",17,"R",0,"R",0,"R",0
175078,11,"R",4670,"R",28,"R",16,"R",4626,"R",26,"R",1,"R",0,"R",0,"R",1
175078,12,"R",475,"R",115,"R",45,"R",315,"R",101,"R",14,"R",0,"R",0,"R",0
175120, 1,"R",384,"A",,"A",,"R",384,"A",,"A",,"A",,"A",,"A",
175120, 2,"R",384,"A",,"A",,"R",384,"A",,"A",,"A",,"A",,"A",
175139, 1,"R",97,"R",0,"R",18,"R",79,"A",,"A",,"A",,"A",,"A",
175139,12,"R",97,"R",0,"R",18,"R",79,"A",,"A",,"A",,"A",,"A",
175157, 1,"R",660,"R",0,"R",0,"R",660,"A",,"A",,"A",,"A",,"A",
175157, 2,"R",660,"R",0,"R",0,"R",660,"A",,"A",,"A",,"A",,"A",
175157, 3,"R",447,"R",0,"R",0,"R",447,"A",,"A",,"A",,"A",,"A",
175157,11,"R",213,"R",0,"R",0,"R",213,"A",,"A",,"A",,"A",,"A",
175227, 1,"R",1316,"R",29,"R",291,"R",996,"R",29,"Z",0,"Z",0,"Z",0,"R",0
175227, 2,"R",1316,"R",29,"R",291,"R",996,"R",29,"Z",0,"Z",0,"Z",0,"R",0
175227, 3,"R",1294,"R",28,"R",290,"R",976,"R",28,"Z",0,"Z",0,"Z",0,"R",0
175227,11,"R",22,"R",1,"R",1,"R",20,"R",1,"Z",0,"Z",0,"Z",0,"R",0
175236, 1,"R",3298,"R",608,"R",838,"R",1852,"R",570,"R",38,"R",0,"R",0,"R",0
175236, 2,"R",3298,"R",608,"R",838,"R",1852,"R",570,"R",38,"R",0,"R",0,"R",0
175236, 3,"R",2640,"R",462,"R",707,"R",1471,"R",432,"R",30,"R",0,"R",0,"R",0
175236,11,"R",658,"R",146,"R",131,"R",381,"R",138,"R",8,"R",0,"R",0,"R",0
175263, 1,"R",1850,"R",553,"R",472,"R",825,"R",428,"R",125,"R",0,"R",0,"R",0
175263, 2,"R",1850,"R",553,"R",472,"R",825,"R",428,"R",125,"R",0,"R",0,"R",0
175263, 3,"R",1205,"R",346,"R",397,"R",462,"R",235,"R",111,"R",0,"R",0,"R",0
175263,11,"R",645,"R",207,"R",75,"R",363,"R",193,"R",14,"R",0,"R",0,"R",0
175272, 1,"R",7792,"R",290,"R",1703,"R",5799,"R",258,"R",32,"R",0,"R",0,"R",0
175272, 2,"R",7237,"R",172,"R",1544,"R",5521,"R",157,"R",15,"R",0,"R",0,"R",0
175272, 3,"R",7052,"R",163,"R",1537,"R",5352,"R",149,"R",14,"R",0,"R",0,"R",0
175272,11,"R",185,"R",9,"R",7,"R",169,"R",8,"R",1,"R",0,"R",0,"R",0
175272,12,"R",555,"R",118,"R",159,"R",278,"R",101,"R",17,"R",0,"R",0,"R",0
175281, 1,"R",1154,"R",302,"Z",0,"R",852,"R",169,"R",131,"R",2,"Z",0,"R",0
175281,12,"R",1154,"R",302,"Z",0,"R",852,"R",169,"R",131,"R",2,"Z",0,"R",0
175315, 1,"R",8891,"R",1340,"R",2216,"R",5335,"R",1238,"R",100,"R",0,"R",0,"R",2
175315, 2,"R",8891,"R",1340,"R",2216,"R",5335,"R",1238,"R",100,"R",0,"R",0,"R",2
175315, 3,"R",7455,"R",1072,"R",2005,"R",4378,"R",981,"R",91,"R",0,"R",0,"R",0
175315,11,"R",1436,"R",268,"R",211,"R",957,"R",257,"R",9,"R",0,"R",0,"R",2
175342, 1,"R",3658,"R",455,"R",2076,"R",1127,"R",419,"R",36,"Z",0,"Z",0,"R",0
175342, 2,"R",3173,"R",186,"R",1949,"R",1038,"R",168,"R",18,"Z",0,"Z",0,"R",0
175342, 3,"R",3106,"R",186,"R",1949,"R",971,"R",168,"R",18,"Z",0,"Z",0,"R",0
175342,11,"R",67,"Z",0,"Z",0,"R",67,"A",,"A",,"A",,"A",,"A",
175342,12,"R",485,"R",269,"R",127,"R",89,"R",251,"R",18,"Z",0,"Z",0,"R",0
175421, 1,"R",4205,"R",1781,"R",173,"R",2251,"R",1289,"R",485,"Z",0,"R",7,"R",0
175421, 2,"R",2307,"R",453,"R",80,"R",1774,"R",260,"R",192,"Z",0,"R",1,"R",0
175421, 3,"R",2220,"R",442,"R",80,"R",1698,"R",256,"R",186,"Z",0,"Z",0,"R",0
175421,11,"R",87,"R",11,"Z",0,"R",76,"R",4,"R",6,"Z",0,"R",1,"R",0
175421,12,"R",1898,"R",1328,"R",93,"R",477,"R",1029,"R",293,"Z",0,"R",6,"R",0
175430, 1,"R",640,"R",36,"R",177,"R",427,"R",32,"R",3,"R",0,"R",1,"R",0
175430, 2,"R",631,"R",36,"R",176,"R",419,"R",32,"R",3,"R",0,"R",1,"R",0
175430, 3,"R",618,"R",36,"R",176,"R",406,"R",32,"R",3,"R",0,"R",1,"R",0
175430,11,"R",13,"R",0,"R",0,"R",13,"A",,"A",,"A",,"A",,"A",
175430,12,"R",9,"R",0,"R",1,"R",8,"A",,"A",,"A",,"A",,"A",
175494, 1,"R",106,"A",,"A",,"R",106,"A",,"A",,"A",,"A",,"A",
175494, 2,"R",106,"A",,"A",,"R",106,"A",,"A",,"A",,"A",,"A",
175519, 1,"R",1895,"R",443,"R",367,"R",1085,"R",165,"R",4,"R",0,"R",0,"R",274
175519, 2,"R",1895,"R",443,"R",367,"R",1085,"R",165,"R",4,"R",0,"R",0,"R",274
175519, 3,"R",1500,"R",265,"R",367,"R",868,"R",7,"R",4,"R",0,"R",0,"R",254
175519,11,"R",395,"R",178,"R",0,"R",217,"R",158,"R",0,"R",0,"R",0,"R",20
175528, 1,"R",193,"R",3,"R",190,"R",0,"R",1,"R",2,"R",0,"R",0,"R",0
175528, 2,"R",193,"R",3,"R",190,"R",0,"R",1,"R",2,"R",0,"R",0,"R",0
175528, 3,"R",193,"R",3,"R",190,"R",0,"R",1,"R",2,"R",0,"R",0,"R",0
175573, 1,"R",3094,"R",50,"R",473,"R",2571,"R",48,"R",2,"R",0,"R",0,"R",0
175573, 2,"R",3094,"R",50,"R",473,"R",2571,"R",48,"R",2,"R",0,"R",0,"R",0
175573, 3,"R",2345,"R",50,"R",473,"R",1822,"R",48,"R",2,"R",0,"R",0,"R",0
175573,11,"R",749,"R",0,"R",0,"R",749,"A",,"A",,"A",,"A",,"A",
175607, 1,"R",15,"A",,"A",,"R",15,"A",,"A",,"A",,"A",,"A",
175607, 2,"R",15,"A",,"A",,"R",15,"A",,"A",,"A",,"A",,"A",
175616, 1,"R",3715,"R",614,"R",1118,"R",1983,"R",479,"R",130,"R",0,"R",5,"R",0
175616, 2,"R",3075,"R",148,"R",1030,"R",1897,"R",118,"R",28,"R",0,"R",2,"R",0
175616, 3,"R",2269,"R",146,"R",1028,"R",1095,"R",117,"R",28,"R",0,"R",1,"R",0
175616,11,"R",806,"R",2,"R",2,"R",802,"R",1,"R",0,"R",0,"R",1,"R",0
175616,12,"R",640,"R",466,"R",88,"R",86,"R",361,"R",102,"R",0,"R",3,"R",0
175643, 1,"R",2603,"R",359,"R",1155,"R",1089,"R",352,"R",7,"R",0,"R",0,"R",0
175643, 2,"R",2603,"R",359,"R",1155,"R",1089,"R",352,"R",7,"R",0,"R",0,"R",0
175643, 3,"R",1958,"R",262,"R",1048,"R",648,"R",256,"R",6,"R",0,"R",0,"R",0
175643,11,"R",645,"R",97,"R",107,"R",441,"R",96,"R",1,"R",0,"R",0,"R",0
175652, 1,"R",4000,"R",858,"R",1383,"R",1759,"R",799,"R",56,"R",3,"R",0,"R",0
175652, 2,"R",4000,"R",858,"R",1383,"R",1759,"R",799,"R",56,"R",3,"R",0,"R",0
175652, 3,"R",3232,"R",629,"R",1052,"R",1551,"R",580,"R",46,"R",3,"R",0,"R",0
175652,11,"R",768,"R",229,"R",331,"R",208,"R",219,"R",10,"R",0,"R",0,"R",0
175698, 1,"R",27,"A",,"A",,"R",27,"A",,"A",,"A",,"A",,"A",
175698, 2,"R",27,"A",,"A",,"R",27,"A",,"A",,"A",,"A",,"A",
175722, 1,"R",42,"A",,"A",,"R",42,"A",,"A",,"A",,"A",,"A",
175722, 2,"R",42,"A",,"A",,"R",42,"A",,"A",,"A",,"A",,"A",
175786, 1,"R",12521,"R",1871,"R",2579,"R",8071,"R",1813,"R",58,"R",0,"R",0,"R",0
175786, 2,"R",12521,"R",1871,"R",2579,"R",8071,"R",1813,"R",58,"R",0,"R",0,"R",0
175786, 3,"R",9501,"R",1783,"R",2399,"R",5319,"R",1726,"R",57,"R",0,"R",0,"R",0
175786,11,"R",3020,"R",88,"R",180,"R",2752,"R",87,"R",1,"R",0,"R",0,"R",0
175810, 1,"R",5678,"R",1514,"R",1377,"R",2787,"R",1499,"R",15,"Z",0,"Z",0,"R",0
175810, 2,"R",5678,"R",1514,"R",1377,"R",2787,"R",1499,"R",15,"Z",0,"Z",0,"R",0
175810, 3,"R",4690,"R",1251,"R",1254,"R",2185,"R",1236,"R",15,"Z",0,"Z",0,"R",0
175810,11,"R",988,"R",263,"R",123,"R",602,"R",263,"Z",0,"Z",0,"Z",0,"R",0
175829, 1,"R",4930,"R",896,"R",1846,"R",2188,"R",868,"R",26,"R",0,"R",2,"R",0
175829, 2,"R",4930,"R",896,"R",1846,"R",2188,"R",868,"R",26,"R",0,"R",2,"R",0
175829, 3,"R",4238,"R",889,"R",1838,"R",1511,"R",861,"R",26,"R",0,"R",2,"R",0
175829,11,"R",692,"R",7,"R",8,"R",677,"R",7,"R",0,"R",0,"R",0,"R",0
175856, 1,"R",7250,"R",1394,"R",3090,"R",2766,"R",1306,"R",74,"R",0,"R",14,"R",0
175856, 2,"R",5331,"R",738,"R",2604,"R",1989,"R",691,"R",47,"R",0,"R",0,"R",0
175856, 3,"R",5305,"R",737,"R",2601,"R",1967,"R",690,"R",47,"R",0,"R",0,"R",0
175856,11,"R",26,"R",1,"R",3,"R",22,"R",1,"R",0,"R",0,"R",0,"R",0
175856,12,"R",1919,"R",656,"R",486,"R",777,"R",615,"R",27,"R",0,"R",14,"R",0
175883, 1,"R",4496,"R",648,"R",1460,"R",2388,"R",638,"R",9,"R",0,"R",1,"R",0
175883, 2,"R",4496,"R",648,"R",1460,"R",2388,"R",638,"R",9,"R",0,"R",1,"R",0
175883, 3,"R",3876,"R",245,"R",1390,"R",2241,"R",236,"R",9,"R",0,"R",0,"R",0
175883,11,"R",620,"R",403,"R",70,"R",147,"R",402,"R",0,"R",0,"R",1,"R",0
175935, 1,"R",3494,"R",222,"R",716,"R",2556,"R",208,"R",14,"Z",0,"Z",0,"R",0
175935, 2,"R",3494,"R",222,"R",716,"R",2556,"R",208,"R",14,"Z",0,"Z",0,"R",0
175935, 3,"R",3096,"R",222,"R",713,"R",2161,"R",208,"R",14,"Z",0,"Z",0,"R",0
175935,11,"R",398,"R",0,"R",3,"R",395,"A",,"A",,"A",,"A",,"A",
175980, 1,"R",865,"R",0,"R",0,"R",865,"A",,"A",,"A",,"A",,"A",
175980, 2,"R",799,"R",0,"R",0,"R",799,"A",,"A",,"A",,"A",,"A",
175980, 3,"R",793,"R",0,"R",0,"R",793,"A",,"A",,"A",,"A",,"A",
175980,11,"R",6,"R",0,"R",0,"R",6,"A",,"A",,"A",,"A",,"A",
175980,12,"R",66,"R",0,"R",0,"R",66,"A",,"A",,"A",,"A",,"A",
176008, 1,"R",2373,"R",370,"R",292,"R",1711,"R",357,"R",13,"R",0,"R",0,"R",0
176008, 2,"R",2373,"R",370,"R",292,"R",1711,"R",357,"R",13,"R",0,"R",0,"R",0
176008, 3,"R",1910,"R",236,"R",283,"R",1391,"R",224,"R",12,"R",0,"R",0,"R",0
176008,11,"R",463,"R",134,"R",9,"R",320,"R",133,"R",1,"R",0,"R",0,"R",0
176017, 1,"R",22456,"R",991,"R",6473,"R",14992,"R",817,"R",72,"R",0,"R",2,"R",100
176017, 2,"R",18007,"R",462,"R",6252,"R",11293,"R",401,"R",61,"R",0,"R",0,"R",0
176017, 3,"R",17784,"R",454,"R",6249,"R",11081,"R",394,"R",60,"R",0,"R",0,"R",0
176017,11,"R",223,"R",8,"R",3,"R",212,"R",7,"R",1,"R",0,"R",0,"R",0
176017,12,"R",4449,"R",529,"R",221,"R",3699,"R",416,"R",11,"R",0,"R",2,"R",100
176035, 1,"R",2711,"R",813,"R",1059,"R",839,"R",737,"R",72,"R",0,"R",4,"R",0
176035, 2,"R",2505,"R",708,"R",1039,"R",758,"R",660,"R",46,"R",0,"R",2,"R",0
176035, 3,"R",2208,"R",703,"R",1039,"R",466,"R",655,"R",46,"R",0,"R",2,"R",0
176035,11,"R",297,"R",5,"R",0,"R",292,"R",5,"R",0,"R",0,"R",0,"R",0
176035,12,"R",206,"R",105,"R",20,"R",81,"R",77,"R",26,"R",0,"R",2,"R",0
176044, 1,"R",2285,"R",235,"R",594,"R",1456,"R",232,"Z",0,"Z",0,"Z",0,"R",3
176044, 2,"R",1930,"R",87,"R",513,"R",1330,"R",84,"Z",0,"Z",0,"Z",0,"R",3
176044, 3,"R",1659,"R",85,"R",512,"R",1062,"R",82,"Z",0,"Z",0,"Z",0,"R",3
176044,11,"R",271,"R",2,"R",1,"R",268,"R",2,"Z",0,"Z",0,"Z",0,"R",0
176044,12,"R",355,"R",148,"R",81,"R",126,"R",148,"Z",0,"Z",0,"Z",0,"R",0
176053, 1,"R",5103,"R",745,"R",1212,"R",3146,"R",628,"R",114,"R",0,"R",3,"R",0
176053, 2,"R",3232,"R",225,"R",1011,"R",1996,"R",203,"R",22,"R",0,"R",0,"R",0
176053, 3,"R",3036,"R",222,"R",1011,"R",1803,"R",200,"R",22,"R",0,"R",0,"R",0
176053,11,"R",196,"R",3,"R",0,"R",193,"R",3,"R",0,"R",0,"R",0,"R",0
176053,12,"R",1871,"R",520,"R",201,"R",1150,"R",425,"R",92,"R",0,"R",3,"R",0
176062, 1,"R",63,"A",,"A",,"R",63,"A",,"A",,"A",,"A",,"A",
176062, 2,"R",63,"A",,"A",,"R",63,"A",,"A",,"A",,"A",,"A",
176071, 1,"R",8950,"R",1205,"R",3098,"R",4647,"R",1135,"R",70,"R",0,"R",0,"R",0
176071, 2,"R",8950,"R",1205,"R",3098,"R",4647,"R",1135,"R",70,"R",0,"R",0,"R",0
176071, 3,"R",7776,"R",1199,"R",3042,"R",3535,"R",1129,"R",70,"R",0,"R",0,"R",0
176071,11,"R",1174,"R",6,"R",56,"R",1112,"R",6,"R",0,"R",0,"R",0,"R",0
176080, 1,"R",21974,"R",1785,"R",1874,"R",18315,"R",859,"R",900,"Z",0,"R",26,"R",0
176080, 2,"R",18490,"R",812,"R",1700,"R",15978,"R",476,"R",331,"Z",0,"R",5,"R",0
176080, 3,"R",18010,"R",779,"R",1610,"R",15621,"R",459,"R",316,"Z",0,"R",4,"R",0
176080,11,"R",480,"R",33,"R",90,"R",357,"R",17,"R",15,"Z",0,"R",1,"R",0
176080,12,"R",3484,"R",973,"R",174,"R",2337,"R",383,"R",569,"Z",0,"R",21,"R",0
176169, 1,"R",3512,"R",376,"R",2299,"R",837,"R",368,"R",8,"Z",0,"Z",0,"R",0
176169, 2,"R",3512,"R",376,"R",2299,"R",837,"R",368,"R",8,"Z",0,"Z",0,"R",0
176169, 3,"R",3001,"R",337,"R",1946,"R",718,"R",335,"R",2,"Z",0,"Z",0,"R",0
176169,11,"R",511,"R",39,"R",353,"R",119,"R",33,"R",6,"Z",0,"Z",0,"R",0
176178, 1,"R",7618,"R",749,"R",1701,"R",5168,"R",700,"R",48,"R",1,"R",0,"R",0
176178, 2,"R",7618,"R",749,"R",1701,"R",5168,"R",700,"R",48,"R",1,"R",0,"R",0
176178, 3,"R",5967,"R",694,"R",1676,"R",3597,"R",653,"R",41,"R",0,"R",0,"R",0
176178,11,"R",1651,"R",55,"R",25,"R",1571,"R",47,"R",7,"R",1,"R",0,"R",0
176239, 1,"R",4836,"R",724,"R",1369,"R",2743,"R",703,"R",21,"R",0,"R",0,"R",0
176239, 2,"R",4836,"R",724,"R",1369,"R",2743,"R",703,"R",21,"R",0,"R",0,"R",0
176239, 3,"R",3914,"R",519,"R",1276,"R",2119,"R",501,"R",18,"R",0,"R",0,"R",0
176239,11,"R",922,"R",205,"R",93,"R",624,"R",202,"R",3,"R",0,"R",0,"R",0
176318, 1,"R",846,"A",,"A",,"R",846,"A",,"A",,"A",,"A",,"A",
176318, 2,"R",846,"A",,"A",,"R",846,"A",,"A",,"A",,"A",,"A",
176318, 3,"R",846,"A",,"A",,"R",846,"A",,"A",,"A",,"A",,"A",
176336, 1,"R",72,"R",0,"R",0,"R",72,"A",,"A",,"A",,"A",,"A",
176336, 2,"R",72,"R",0,"R",0,"R",72,"A",,"A",,"A",,"A",,"A",
176336, 3,"R",72,"R",0,"R",0,"R",72,"A",,"A",,"A",,"A",,"A",
176354, 1,"R",2025,"R",300,"R",735,"R",990,"R",259,"R",41,"R",0,"R",0,"R",0
176354, 2,"R",2025,"R",300,"R",735,"R",990,"R",259,"R",41,"R",0,"R",0,"R",0
176354, 3,"R",1788,"R",300,"R",735,"R",753,"R",259,"R",41,"R",0,"R",0,"R",0
176354,11,"R",237,"R",0,"R",0,"R",237,"A",,"A",,"A",,"A",,"A",
176372, 1,"R",14509,"R",2539,"R",7417,"R",4553,"R",1684,"R",778,"R",0,"R",19,"R",58
176372, 2,"R",11920,"R",1580,"R",7007,"R",3333,"R",1101,"R",468,"R",0,"R",11,"R",0
176372, 3,"R",11834,"R",1577,"R",7007,"R",3250,"R",1098,"R",468,"R",0,"R",11,"R",0
176372,11,"R",86,"R",3,"R",0,"R",83,"R",3,"R",0,"R",0,"R",0,"R",0
176372,12,"R",2589,"R",959,"R",410,"R",1220,"R",583,"R",310,"R",0,"R",8,"R",58
176390, 1,"R",43,"A",,"A",,"R",43,"A",,"A",,"A",,"A",,"A",
176390, 2,"R",43,"A",,"A",,"R",43,"A",,"A",,"A",,"A",,"A",
176406, 1,"R",736,"R",0,"R",0,"R",736,"A",,"A",,"A",,"A",,"A",
176406, 2,"R",726,"R",0,"R",0,"R",726,"A",,"A",,"A",,"A",,"A",
176406, 3,"R",719,"R",0,"R",0,"R",719,"A",,"A",,"A",,"A",,"A",
176406,11,"R",7,"R",0,"R",0,"R",7,"A",,"A",,"A",,"A",,"A",
176406,12,"R",10,"A",,"A",,"R",10,"A",,"A",,"A",,"A",,"A",
176451, 1,"R",67,"R",46,"R",13,"R",8,"R",46,"R",0,"R",0,"R",0,"R",0
176451,12,"R",67,"R",46,"R",13,"R",8,"R",46,"R",0,"R",0,"R",0,"R",0
176479, 1,"R",5042,"R",1070,"R",996,"R",2976,"R",836,"R",234,"Z",0,"R",0,"R",0
176479, 2,"R",3249,"R",262,"R",780,"R",2207,"R",201,"R",61,"Z",0,"R",0,"R",0
176479, 3,"R",2050,"R",262,"R",780,"R",1008,"R",201,"R",61,"Z",0,"R",0,"R",0
176479,11,"R",1199,"R",0,"R",0,"R",1199,"A",,"A",,"A",,"A",,"A",
176479,12,"R",1793,"R",808,"R",216,"R",769,"R",635,"R",173,"Z",0,"Z",0,"R",0
176600, 1,"R",158,"R",5,"R",5,"R",148,"R",1,"R",3,"R",0,"R",1,"R",0
176600,12,"R",158,"R",5,"R",5,"R",148,"R",1,"R",3,"R",0,"R",1,"R",0
176628, 1,"R",1649,"R",128,"R",287,"R",1234,"R",83,"R",44,"R",0,"R",1,"R",0
176628, 2,"R",1246,"R",89,"R",228,"R",929,"R",62,"R",26,"R",0,"R",1,"R",0
176628, 3,"R",1191,"R",89,"R",228,"R",874,"R",62,"R",26,"R",0,"R",1,"R",0
176628,11,"R",55,"R",0,"R",0,"R",55,"A",,"A",,"A",,"A",,"A",
176628,12,"R",403,"R",39,"R",59,"R",305,"R",21,"R",18,"R",0,"R",0,"R",0
176664, 1,"R",256,"R",3,"R",81,"R",172,"R",3,"Z",0,"Z",0,"Z",0,"R",0
176664, 2,"R",238,"R",0,"R",77,"R",161,"A",,"A",,"A",,"A",,"A",
176664, 3,"R",238,"R",0,"R",77,"R",161,"A",,"A",,"A",,"A",,"A",
176664,12,"R",18,"R",3,"R",4,"R",11,"R",3,"Z",0,"Z",0,"Z",0,"R",0
176716, 1,"R",133,"A",,"A",,"R",133,"A",,"A",,"A",,"A",,"A",
176716, 2,"R",133,"A",,"A",,"R",133,"A",,"A",,"A",,"A",,"A",
176770, 1,"R",919,"R",226,"R",693,"R",0,"R",195,"R",31,"R",0,"R",0,"R",0
176770, 2,"R",699,"R",119,"R",580,"R",0,"R",109,"R",10,"R",0,"R",0,"R",0
176770, 3,"R",698,"R",119,"R",579,"R",0,"R",109,"R",10,"R",0,"R",0,"R",0
176770,11,"R",1,"R",0,"R",1,"R",0,"A",,"A",,"A",,"A",,"A",
176770,12,"R",220,"R",107,"R",113,"R",0,"R",86,"R",21,"R",0,"R",0,"R",0
176789, 1,"R",346,"R",101,"R",101,"R",144,"R",39,"R",60,"R",0,"R",2,"R",0
176789, 2,"R",275,"R",67,"R",88,"R",120,"R",25,"R",41,"R",0,"R",1,"R",0
176789, 3,"R",259,"R",65,"R",82,"R",112,"R",25,"R",39,"R",0,"R",1,"R",0
176789,11,"R",16,"R",2,"R",6,"R",8,"R",0,"R",2,"R",0,"R",0,"R",0
176789,12,"R",71,"R",34,"R",13,"R",24,"R",14,"R",19,"R",0,"R",1,"R",0
176798, 1,"R",247,"A",,"A",,"R",247,"A",,"A",,"A",,"A",,"A",
176798, 2,"R",247,"A",,"A",,"R",247,"A",,"A",,"A",,"A",,"A",
176798, 3,"R",247,"A",,"A",,"R",247,"A",,"A",,"A",,"A",,"A",
176910, 1,"R",211,"R",45,"R",17,"R",149,"R",24,"R",21,"R",0,"R",0,"R",0
176910, 2,"R",211,"R",45,"R",17,"R",149,"R",24,"R",21,"R",0,"R",0,"R",0
176910, 3,"R",209,"R",45,"R",17,"R",147,"R",24,"R",21,"R",0,"R",0,"R",0
176910,11,"R",2,"R",0,"R",0,"R",2,"A",,"A",,"A",,"A",,"A",
176947, 1,"R",1148,"A",,"A",,"R",1148,"A",,"A",,"A",,"A",,"A",
176947, 2,"R",1148,"A",,"A",,"R",1148,"A",,"A",,"A",,"A",,"A",
176947, 3,"R",1147,"A",,"A",,"R",1147,"A",,"A",,"A",,"A",,"A",
176947,11,"R",1,"A",,"A",,"R",1,"A",,"A",,"A",,"A",,"A",
176965, 1,"R",11487,"R",1142,"R",3195,"R",7150,"R",894,"R",224,"R",0,"R",24,"R",0
176965, 2,"R",9300,"R",394,"R",2922,"R",5984,"R",339,"R",53,"R",0,"R",2,"R",0
176965, 3,"R",8113,"R",365,"R",2904,"R",4844,"R",312,"R",51,"R",0,"R",2,"R",0
176965,11,"R",1187,"R",29,"R",18,"R",1140,"R",27,"R",2,"R",0,"R",0,"R",0
176965,12,"R",2187,"R",748,"R",273,"R",1166,"R",555,"R",171,"R",0,"R",22,"R",0
176983, 1,"R",87,"A",,"A",,"R",87,"A",,"A",,"A",,"A",,"A",
176983, 2,"R",87,"A",,"A",,"R",87,"A",,"A",,"A",,"A",,"A",
176983, 3,"R",87,"A",,"A",,"R",87,"A",,"A",,"A",,"A",,"A",
177038, 1,"R",549,"R",10,"R",12,"R",527,"R",6,"R",4,"Z",0,"Z",0,"R",0
177038, 2,"R",67,"R",9,"R",12,"R",46,"R",5,"R",4,"Z",0,"Z",0,"R",0
177038, 3,"R",67,"R",9,"R",12,"R",46,"R",5,"R",4,"Z",0,"Z",0,"R",0
177038,12,"R",482,"R",1,"Z",0,"R",481,"R",1,"Z",0,"Z",0,"Z",0,"R",0
177056, 1,"R",28,"A",,"A",,"R",28,"A",,"A",,"A",,"A",,"A",
177056, 2,"R",28,"A",,"A",,"R",28,"A",,"A",,"A",,"A",,"A",
177056, 3,"R",28,"A",,"A",,"R",28,"A",,"A",,"A",,"A",,"A",
177065, 1,"R",12080,"R",7023,"R",2154,"R",2903,"R",2386,"R",4393,"Z",0,"R",145,"R",99
177065, 2,"R",11416,"R",6492,"R",2098,"R",2826,"R",2167,"R",4088,"Z",0,"R",138,"R",99
177065, 3,"R",10767,"R",6164,"R",2064,"R",2539,"R",1936,"R",3996,"Z",0,"R",133,"R",99
177065,11,"R",649,"R",328,"R",34,"R",287,"R",231,"R",92,"Z",0,"R",5,"R",0
177065,12,"R",664,"R",531,"R",56,"R",77,"R",219,"R",305,"Z",0,"R",7,"R",0
177083, 1,"R",64,"A",,"A",,"R",64,"A",,"A",,"A",,"A",,"A",
177083, 2,"R",64,"A",,"A",,"R",64,"A",,"A",,"A",,"A",,"A",
177083, 3,"R",60,"A",,"A",,"R",60,"A",,"A",,"A",,"A",,"A",
177083,11,"R",4,"A",,"A",,"R",4,"A",,"A",,"A",,"A",,"A",
177092, 1,"R",551,"R",145,"R",0,"R",406,"R",3,"R",140,"R",0,"R",2,"R",0
177092,12,"R",551,"R",145,"R",0,"R",406,"R",3,"R",140,"R",0,"R",2,"R",0
177117, 1,"R",271,"R",0,"R",40,"R",231,"A",,"A",,"A",,"A",,"A",
177117, 2,"R",271,"R",0,"R",40,"R",231,"A",,"A",,"A",,"A",,"A",
177117, 3,"R",271,"R",0,"R",40,"R",231,"A",,"A",,"A",,"A",,"A",
177126, 1,"R",521,"R",116,"R",42,"R",363,"R",23,"R",84,"R",0,"R",9,"R",0
177126,12,"R",521,"R",116,"R",42,"R",363,"R",23,"R",84,"R",0,"R",9,"R",0
177135, 1,"R",4521,"R",484,"R",1603,"R",2434,"R",442,"R",38,"R",4,"R",0,"R",0
177135, 2,"R",4521,"R",484,"R",1603,"R",2434,"R",442,"R",38,"R",4,"R",0,"R",0
177135, 3,"R",3076,"R",261,"R",1224,"R",1591,"R",227,"R",30,"R",4,"R",0,"R",0
177135,11,"R",1445,"R",223,"R",379,"R",843,"R",215,"R",8,"R",0,"R",0,"R",0
177144, 1,"R",1068,"R",92,"R",127,"R",849,"R",38,"R",52,"Z",0,"R",2,"R",0
177144, 2,"R",1022,"R",46,"R",127,"R",849,"R",20,"R",25,"Z",0,"R",1,"R",0
177144, 3,"R",975,"R",46,"R",127,"R",802,"R",20,"R",25,"Z",0,"R",1,"R",0
177144,11,"R",47,"R",0,"R",0,"R",47,"A",,"A",,"A",,"A",,"A",
177144,12,"R",46,"R",46,"R",0,"R",0,"R",18,"R",27,"Z",0,"R",1,"R",0
177214, 1,"R",1730,"R",153,"R",164,"R",1413,"R",141,"R",10,"R",0,"R",2,"R",0
177214, 2,"R",1490,"R",0,"R",132,"R",1358,"A",,"A",,"A",,"A",,"A",
177214, 3,"R",1486,"R",0,"R",131,"R",1355,"A",,"A",,"A",,"A",,"A",
177214,11,"R",4,"R",0,"R",1,"R",3,"A",,"A",,"A",,"A",,"A",
177214,12,"R",240,"R",153,"R",32,"R",55,"R",141,"R",10,"R",0,"R",2,"R",0
177250, 1,"R",2629,"R",335,"R",728,"R",1566,"R",330,"R",4,"R",1,"R",0,"R",0
177250, 2,"R",2629,"R",335,"R",728,"R",1566,"R",330,"R",4,"R",1,"R",0,"R",0
177250, 3,"R",2005,"R",255,"R",692,"R",1058,"R",251,"R",3,"R",1,"R",0,"R",0
177250,11,"R",624,"R",80,"R",36,"R",508,"R",79,"R",1,"R",0,"R",0,"R",0
177278, 1,"R",130,"A",,"A",,"R",130,"A",,"A",,"A",,"A",,"A",
177278,12,"R",130,"A",,"A",,"R",130,"A",,"A",,"A",,"A",,"A",
177287, 1,"R",135,"A",,"A",,"R",135,"A",,"A",,"A",,"A",,"A",
177287, 2,"R",135,"A",,"A",,"R",135,"A",,"A",,"A",,"A",,"A",
177302, 1,"R",221,"R",126,"R",26,"R",69,"R",33,"R",93,"R",0,"R",0,"R",0
177302, 2,"R",221,"R",126,"R",26,"R",69,"R",33,"R",93,"R",0,"R",0,"R",0
177302, 3,"R",221,"R",126,"R",26,"R",69,"R",33,"R",93,"R",0,"R",0,"R",0
177339, 1,"R",2098,"R",323,"R",378,"R",1397,"R",223,"R",100,"Z",0,"Z",0,"R",0
177339, 2,"R",1644,"R",203,"R",338,"R",1103,"R",143,"R",60,"Z",0,"Z",0,"R",0
177339, 3,"R",1634,"R",194,"R",338,"R",1102,"R",139,"R",55,"Z",0,"Z",0,"R",0
177339,11,"R",10,"R",9,"Z",0,"R",1,"R",4,"R",5,"Z",0,"Z",0,"R",0
177339,12,"R",454,"R",120,"R",40,"R",294,"R",80,"R",40,"Z",0,"Z",0,"R",0
177418, 1,"R",1290,"R",189,"R",564,"R",537,"R",159,"R",30,"Z",0,"Z",0,"R",0
177418, 2,"R",891,"R",44,"R",495,"R",352,"R",38,"R",6,"Z",0,"Z",0,"R",0
177418, 3,"R",881,"R",42,"R",494,"R",345,"R",36,"R",6,"Z",0,"Z",0,"R",0
177418,11,"R",10,"R",2,"R",1,"R",7,"R",2,"Z",0,"Z",0,"Z",0,"R",0
177418,12,"R",399,"R",145,"R",69,"R",185,"R",121,"R",24,"Z",0,"Z",0,"R",0
177436, 1,"R",33,"A",,"A",,"R",33,"A",,"A",,"A",,"A",,"A",
177436, 2,"R",33,"A",,"A",,"R",33,"A",,"A",,"A",,"A",,"A",
177436, 3,"R",33,"A",,"A",,"R",33,"A",,"A",,"A",,"A",,"A",
177472, 1,"R",12221,"R",2232,"R",2696,"R",7293,"R",2182,"R",41,"R",0,"R",9,"R",0
177472, 2,"R",12221,"R",2232,"R",2696,"R",7293,"R",2182,"R",41,"R",0,"R",9,"R",0
177472, 3,"R",9934,"R",1996,"R",2620,"R",5318,"R",1957,"R",35,"R",0,"R",4,"R",0
177472,11,"R",2287,"R",236,"R",76,"R",1975,"R",225,"R",6,"R",0,"R",5,"R",0
177542, 1,"R",890,"R",104,"R",137,"R",649,"R",74,"R",30,"Z",0,"Z",0,"R",0
177542, 2,"R",822,"R",37,"R",137,"R",648,"R",25,"R",12,"Z",0,"Z",0,"R",0
177542, 3,"R",677,"R",36,"R",137,"R",504,"R",24,"R",12,"Z",0,"Z",0,"R",0
177542,11,"R",145,"R",1,"R",0,"R",144,"R",1,"R",0,"Z",0,"Z",0,"R",0
177542,12,"R",68,"R",67,"R",0,"R",1,"R",49,"R",18,"Z",0,"Z",0,"R",0
177551, 1,"R",1716,"R",68,"R",544,"R",1104,"R",58,"R",10,"Z",0,"Z",0,"R",0
177551, 2,"R",1716,"R",68,"R",544,"R",1104,"R",58,"R",10,"Z",0,"Z",0,"R",0
177551, 3,"R",1709,"R",65,"R",544,"R",1100,"R",55,"R",10,"Z",0,"Z",0,"R",0
177551,11,"R",7,"R",3,"R",0,"R",4,"R",3,"R",0,"Z",0,"Z",0,"R",0
177588, 1,"R",24,"A",,"A",,"R",24,"A",,"A",,"A",,"A",,"A",
177588, 2,"R",24,"A",,"A",,"R",24,"A",,"A",,"A",,"A",,"A",
177603, 1,"R",28,"A",,"A",,"R",28,"A",,"A",,"A",,"A",,"A",
177603, 2,"R",28,"A",,"A",,"R",28,"A",,"A",,"A",,"A",,"A",
177676, 1,"R",4432,"R",326,"R",1488,"R",2618,"R",322,"R",4,"R",0,"R",0,"R",0
177676, 2,"R",4432,"R",326,"R",1488,"R",2618,"R",322,"R",4,"R",0,"R",0,"R",0
177676, 3,"R",4189,"R",292,"R",1387,"R",2510,"R",289,"R",3,"R",0,"R",0,"R",0
177676,11,"R",243,"R",34,"R",101,"R",108,"R",33,"R",1,"R",0,"R",0,"R",0
177685, 1,"R",100,"A",,"A",,"R",100,"A",,"A",,"A",,"A",,"A",
177685, 2,"R",100,"A",,"A",,"R",100,"A",,"A",,"A",,"A",,"A",
177719, 1,"R",634,"R",20,"R",0,"R",614,"R",9,"R",11,"Z",0,"Z",0,"R",0
177719, 2,"R",562,"R",17,"R",0,"R",545,"R",7,"R",10,"Z",0,"Z",0,"R",0
177719, 3,"R",562,"R",17,"R",0,"R",545,"R",7,"R",10,"Z",0,"Z",0,"R",0
177719,12,"R",72,"R",3,"R",0,"R",69,"R",2,"R",1,"Z",0,"Z",0,"R",0
177746, 1,"R",672,"A",,"A",,"R",672,"A",,"A",,"A",,"A",,"A",
177746, 2,"R",672,"A",,"A",,"R",672,"A",,"A",,"A",,"A",,"A",
177746, 3,"R",665,"A",,"A",,"R",665,"A",,"A",,"A",,"A",,"A",
177746,11,"R",7,"A",,"A",,"R",7,"A",,"A",,"A",,"A",,"A",
177816, 1,"R",130,"A",,"A",,"R",130,"A",,"A",,"A",,"A",,"A",
177816, 2,"R",46,"A",,"A",,"R",46,"A",,"A",,"A",,"A",,"A",
177816, 3,"R",46,"A",,"A",,"R",46,"A",,"A",,"A",,"A",,"A",
177816,12,"R",84,"A",,"A",,"R",84,"A",,"A",,"A",,"A",,"A",
177834, 1,"R",3717,"R",1532,"R",2185,"R",0,"R",74,"R",1410,"R",21,"R",27,"R",0
177834,12,"R",3717,"R",1532,"R",2185,"R",0,"R",74,"R",1410,"R",21,"R",27,"R",0
177870, 1,"R",17,"A",,"A",,"R",17,"A",,"A",,"A",,"A",,"A",
177870, 2,"R",17,"A",,"A",,"R",17,"A",,"A",,"A",,"A",,"A",
177870, 3,"R",17,"A",,"A",,"R",17,"A",,"A",,"A",,"A",,"A",
177931, 1,"R",32,"A",,"A",,"R",32,"A",,"A",,"A",,"A",,"A",
177931, 2,"R",32,"A",,"A",,"R",32,"A",,"A",,"A",,"A",,"A",
177931, 3,"R",32,"A",,"A",,"R",32,"A",,"A",,"A",,"A",,"A",
177940, 1,"R",2478,"R",111,"R",755,"R",1612,"R",106,"R",5,"Z",0,"Z",0,"R",0
177940, 2,"R",2377,"R",64,"R",746,"R",1567,"R",60,"R",4,"Z",0,"Z",0,"R",0
177940, 3,"R",1911,"R",62,"R",742,"R",1107,"R",58,"R",4,"Z",0,"Z",0,"R",0
177940,11,"R",466,"R",2,"R",4,"R",460,"R",2,"Z",0,"Z",0,"Z",0,"R",0
177940,12,"R",101,"R",47,"R",9,"R",45,"R",46,"R",1,"Z",0,"Z",0,"R",0
177968, 1,"R",9468,"R",1294,"R",2736,"R",5438,"R",836,"R",431,"R",8,"R",19,"R",0
177968, 2,"R",6529,"R",422,"R",2446,"R",3661,"R",268,"R",142,"R",2,"R",10,"R",0
177968, 3,"R",6458,"R",414,"R",2446,"R",3598,"R",263,"R",139,"R",2,"R",10,"R",0
177968,11,"R",71,"R",8,"R",0,"R",63,"R",5,"R",3,"R",0,"R",0,"R",0
177968,12,"R",2939,"R",872,"R",290,"R",1777,"R",568,"R",289,"R",6,"R",9,"R",0
177977, 1,"R",1471,"R",25,"R",307,"R",1139,"R",25,"R",0,"R",0,"R",0,"R",0
177977, 2,"R",1471,"R",25,"R",307,"R",1139,"R",25,"R",0,"R",0,"R",0,"R",0
177977, 3,"R",1339,"R",3,"R",303,"R",1033,"R",3,"Z",0,"R",0,"R",0,"R",0
177977,11,"R",132,"R",22,"R",4,"R",106,"R",22,"R",0,"R",0,"R",0,"R",0
177986, 1,"R",1582,"R",739,"R",843,"R",0,"R",117,"R",606,"Z",0,"R",16,"R",0
177986, 2,"R",203,"R",182,"R",21,"R",0,"R",40,"R",136,"Z",0,"R",6,"R",0
177986, 3,"R",179,"R",168,"R",11,"R",0,"R",35,"R",127,"Z",0,"R",6,"R",0
177986,11,"R",24,"R",14,"R",10,"R",0,"R",5,"R",9,"Z",0,"R",0,"R",0
177986,12,"R",1379,"R",557,"R",822,"R",0,"R",77,"R",470,"Z",0,"R",10,"R",0
177995, 1,"R",16351,"R",1766,"R",3498,"R",11087,"R",1720,"R",46,"Z",0,"Z",0,"R",0
177995, 2,"R",16351,"R",1766,"R",3498,"R",11087,"R",1720,"R",46,"Z",0,"Z",0,"R",0
177995, 3,"R",13533,"R",1630,"R",3392,"R",8511,"R",1588,"R",42,"Z",0,"Z",0,"R",0
177995,11,"R",2818,"R",136,"R",106,"R",2576,"R",132,"R",4,"Z",0,"Z",0,"R",0
178004, 1,"R",161,"A",,"A",,"R",161,"A",,"A",,"A",,"A",,"A",
178004, 2,"R",161,"A",,"A",,"R",161,"A",,"A",,"A",,"A",,"A",
178059, 1,"R",9139,"R",5102,"R",0,"R",4037,"R",1131,"R",3968,"R",3,"R",0,"R",0
178059, 2,"R",3678,"R",581,"R",0,"R",3097,"R",242,"R",339,"R",0,"R",0,"R",0
178059, 3,"R",3609,"R",581,"R",0,"R",3028,"R",242,"R",339,"R",0,"R",0,"R",0
178059,11,"R",69,"R",0,"R",0,"R",69,"A",,"A",,"A",,"A",,"A",
178059,12,"R",5461,"R",4521,"R",0,"R",940,"R",889,"R",3629,"R",3,"R",0,"R",0
178077, 1,"R",58,"A",,"A",,"R",58,"A",,"A",,"A",,"A",,"A",
178077, 2,"R",58,"A",,"A",,"R",58,"A",,"A",,"A",,"A",,"A",
178110, 1,"R",45,"A",,"A",,"R",45,"A",,"A",,"A",,"A",,"A",
178110, 2,"R",45,"A",,"A",,"R",45,"A",,"A",,"A",,"A",,"A",
178110, 3,"R",45,"A",,"A",,"R",45,"A",,"A",,"A",,"A",,"A",
178183, 1,"R",275,"R",2,"R",1,"R",272,"R",2,"R",0,"R",0,"R",0,"R",0
178183, 2,"R",275,"R",2,"R",1,"R",272,"R",2,"R",0,"R",0,"R",0,"R",0
178183, 3,"R",275,"R",2,"R",1,"R",272,"R",2,"R",0,"R",0,"R",0,"R",0
178208, 1,"R",2797,"R",1060,"R",218,"R",1519,"R",178,"R",820,"R",0,"R",45,"R",17
178208, 2,"R",592,"R",245,"R",93,"R",254,"R",57,"R",187,"R",0,"R",0,"R",1
178208, 3,"R",588,"R",242,"R",93,"R",253,"R",56,"R",185,"R",0,"R",0,"R",1
178208,11,"R",4,"R",3,"R",0,"R",1,"R",1,"R",2,"R",0,"R",0,"R",0
178208,12,"R",2205,"R",815,"R",125,"R",1265,"R",121,"R",633,"R",0,"R",45,"R",16
178217, 1,"R",2885,"R",445,"R",939,"R",1501,"R",442,"R",3,"Z",0,"Z",0,"R",0
178217, 2,"R",2885,"R",445,"R",939,"R",1501,"R",442,"R",3,"Z",0,"Z",0,"R",0
178217, 3,"R",1873,"R",323,"R",775,"R",775,"R",320,"R",3,"Z",0,"Z",0,"R",0
178217,11,"R",1012,"R",122,"R",164,"R",726,"R",122,"R",0,"Z",0,"Z",0,"R",0
178244, 1,"R",5292,"R",526,"R",1103,"R",3663,"R",425,"R",100,"Z",0,"R",1,"R",0
178244, 2,"R",4392,"R",234,"R",946,"R",3212,"R",179,"R",55,"Z",0,"Z",0,"R",0
178244, 3,"R",1818,"R",220,"R",940,"R",658,"R",166,"R",54,"Z",0,"Z",0,"R",0
178244,11,"R",2574,"R",14,"R",6,"R",2554,"R",13,"R",1,"Z",0,"Z",0,"R",0
178244,12,"R",900,"R",292,"R",157,"R",451,"R",246,"R",45,"Z",0,"R",1,"R",0
178341, 1,"R",6006,"R",1073,"R",1740,"R",3193,"R",793,"R",247,"R",0,"R",16,"R",17
178341, 2,"R",5851,"R",1063,"R",1739,"R",3049,"R",787,"R",243,"R",0,"R",16,"R",17
178341, 3,"R",5122,"R",872,"R",1687,"R",2563,"R",621,"R",238,"R",0,"R",13,"R",0
178341,11,"R",729,"R",191,"R",52,"R",486,"R",166,"R",5,"R",0,"R",3,"R",17
178341,12,"R",155,"R",10,"R",1,"R",144,"R",6,"R",4,"R",0,"R",0,"R",0
178369, 1,"R",1867,"R",214,"R",64,"R",1589,"R",209,"R",4,"R",0,"R",1,"R",0
178369, 2,"R",1848,"R",214,"R",64,"R",1570,"R",209,"R",4,"R",0,"R",1,"R",0
178369, 3,"R",1440,"R",25,"R",40,"R",1375,"R",20,"R",4,"Z",0,"R",1,"R",0
178369,11,"R",408,"R",189,"R",24,"R",195,"R",189,"R",0,"R",0,"R",0,"R",0
178369,12,"R",19,"A",,"A",,"R",19,"A",,"A",,"A",,"A",,"A",
178387, 1,"R",5669,"R",343,"R",1682,"R",3644,"R",297,"R",46,"R",0,"R",0,"R",0
178387, 2,"R",5434,"R",271,"R",1616,"R",3547,"R",240,"R",31,"R",0,"R",0,"R",0
178387, 3,"R",4119,"R",250,"R",1595,"R",2274,"R",220,"R",30,"R",0,"R",0,"R",0
178387,11,"R",1315,"R",21,"R",21,"R",1273,"R",20,"R",1,"R",0,"R",0,"R",0
178387,12,"R",235,"R",72,"R",66,"R",97,"R",57,"R",15,"R",0,"R",0,"R",0
178396, 1,"R",29843,"R",2915,"R",6407,"R",20521,"R",1758,"R",1118,"R",0,"R",39,"R",0
178396, 2,"R",22484,"R",679,"R",5860,"R",15945,"R",492,"R",185,"R",0,"R",2,"R",0
178396, 3,"R",22030,"R",571,"R",5837,"R",15622,"R",414,"R",155,"R",0,"R",2,"R",0
178396,11,"R",454,"R",108,"R",23,"R",323,"R",78,"R",30,"R",0,"R",0,"R",0
178396,12,"R",7359,"R",2236,"R",547,"R",4576,"R",1266,"R",933,"R",0,"R",37,"R",0
178402, 1,"R",16375,"R",1082,"R",4095,"R",11198,"R",640,"R",440,"R",0,"R",2,"R",0
178402, 2,"R",11319,"R",321,"R",3326,"R",7672,"R",220,"R",101,"R",0,"R",0,"R",0
178402, 3,"R",7681,"R",298,"R",3308,"R",4075,"R",202,"R",96,"R",0,"R",0,"R",0
178402,11,"R",3638,"R",23,"R",18,"R",3597,"R",18,"R",5,"R",0,"R",0,"R",0
178402,12,"R",5056,"R",761,"R",769,"R",3526,"R",420,"R",339,"R",0,"R",2,"R",0
178411, 1,"R",8601,"R",594,"R",1028,"R",6979,"R",220,"R",351,"R",0,"R",23,"R",0
178411, 2,"R",6843,"R",28,"R",959,"R",5856,"R",16,"R",12,"R",0,"R",0,"R",0
178411, 3,"R",6785,"R",27,"R",957,"R",5801,"R",16,"R",11,"R",0,"R",0,"R",0
178411,11,"R",58,"R",1,"R",2,"R",55,"R",0,"R",1,"R",0,"R",0,"R",0
178411,12,"R",1758,"R",566,"R",69,"R",1123,"R",204,"R",339,"R",0,"R",23,"R",0
178420, 1,"R",16441,"R",968,"R",3758,"R",11715,"R",873,"R",92,"R",0,"R",3,"R",0
178420, 2,"R",13460,"R",705,"R",3089,"R",9666,"R",651,"R",53,"R",0,"R",1,"R",0
178420, 3,"R",7136,"R",630,"R",3059,"R",3447,"R",582,"R",47,"R",0,"R",1,"R",0
178420,11,"R",6324,"R",75,"R",30,"R",6219,"R",69,"R",6,"R",0,"R",0,"R",0
178420,12,"R",2981,"R",263,"R",669,"R",2049,"R",222,"R",39,"R",0,"R",2,"R",0
178448, 1,"R",5202,"R",1318,"R",1775,"R",2109,"R",1269,"R",32,"R",0,"R",17,"R",0
178448, 2,"R",5202,"R",1318,"R",1775,"R",2109,"R",1269,"R",32,"R",0,"R",17,"R",0
178448, 3,"R",3536,"R",688,"R",1493,"R",1355,"R",666,"R",20,"R",0,"R",2,"R",0
178448,11,"R",1666,"R",630,"R",282,"R",754,"R",603,"R",12,"R",0,"R",15,"R",0
178466, 1,"R",90,"A",,"A",,"R",90,"A",,"A",,"A",,"A",,"A",
178466, 2,"R",90,"A",,"A",,"R",90,"A",,"A",,"A",,"A",,"A",
178466, 3,"R",90,"A",,"A",,"R",90,"A",,"A",,"A",,"A",,"A",
178518, 1,"R",200,"R",131,"R",69,"R",0,"R",5,"R",122,"R",0,"R",3,"R",1
178518,12,"R",200,"R",131,"R",69,"R",0,"R",5,"R",122,"R",0,"R",3,"R",1
178527, 1,"R",33,"A",,"A",,"R",33,"A",,"A",,"A",,"A",,"A",
178527, 2,"R",33,"A",,"A",,"R",33,"A",,"A",,"A",,"A",,"A",
178615, 1,"R",5853,"R",467,"R",217,"R",5169,"R",460,"R",7,"R",0,"R",0,"R",0
178615, 2,"R",5504,"R",455,"R",153,"R",4896,"R",449,"R",6,"R",0,"R",0,"R",0
178615, 3,"R",4906,"R",1,"R",153,"R",4752,"R",1,"R",0,"R",0,"R",0,"R",0
178615,11,"R",598,"R",454,"R",0,"R",144,"R",448,"R",6,"R",0,"R",0,"R",0
178615,12,"R",349,"R",12,"R",64,"R",273,"R",11,"R",1,"R",0,"R",0,"R",0
178624, 1,"R",6857,"R",936,"R",1516,"R",4405,"R",649,"R",275,"R",9,"R",3,"R",0
178624, 2,"R",5654,"R",193,"R",1435,"R",4026,"R",167,"R",18,"R",6,"R",2,"R",0
178624, 3,"R",5193,"R",127,"R",1425,"R",3641,"R",104,"R",15,"R",6,"R",2,"R",0
178624,11,"R",461,"R",66,"R",10,"R",385,"R",63,"R",3,"R",0,"R",0,"R",0
178624,12,"R",1203,"R",743,"R",81,"R",379,"R",482,"R",257,"R",3,"R",1,"R",0
178679, 1,"R",608,"R",51,"R",66,"R",491,"R",8,"R",43,"Z",0,"Z",0,"R",0
178679, 2,"R",608,"R",51,"R",66,"R",491,"R",8,"R",43,"Z",0,"Z",0,"R",0
178679, 3,"R",600,"R",51,"R",66,"R",483,"R",8,"R",43,"Z",0,"Z",0,"R",0
178679,11,"R",8,"Z",0,"Z",0,"R",8,"A",,"A",,"A",,"A",,"A",
178697, 1,"R",1565,"A",,"A",,"R",1565,"A",,"A",,"A",,"A",,"A",
178697, 2,"R",1565,"A",,"A",,"R",1565,"A",,"A",,"A",,"A",,"A",
178697, 3,"R",1548,"A",,"A",,"R",1548,"A",,"A",,"A",,"A",,"A",
178697,11,"R",17,"A",,"A",,"R",17,"A",,"A",,"A",,"A",,"A",
178721, 1,"R",11415,"R",6780,"R",2029,"R",2606,"R",1275,"R",5387,"R",89,"R",9,"R",20
178721, 2,"R",9569,"R",5477,"R",1936,"R",2156,"R",790,"R",4582,"R",85,"R",7,"R",13
178721, 3,"R",9191,"R",5227,"R",1920,"R",2044,"R",771,"R",4353,"R",84,"R",7,"R",12
178721,11,"R",378,"R",250,"R",16,"R",112,"R",19,"R",229,"R",1,"R",0,"R",1
178721,12,"R",1846,"R",1303,"R",93,"R",450,"R",485,"R",805,"R",4,"R",2,"R",7
178767, 1,"R",122,"A",,"A",,"R",122,"A",,"A",,"A",,"A",,"A",
178767, 2,"R",122,"A",,"A",,"R",122,"A",,"A",,"A",,"A",,"A",
178767, 3,"R",121,"A",,"A",,"R",121,"A",,"A",,"A",,"A",,"A",
178767,11,"R",1,"A",,"A",,"R",1,"A",,"A",,"A",,"A",,"A",
178828, 1,"R",21,"A",,"A",,"R",21,"A",,"A",,"A",,"A",,"A",
178828, 2,"R",21,"A",,"A",,"R",21,"A",,"A",,"A",,"A",,"A",
178828, 3,"R",21,"A",,"A",,"R",21,"A",,"A",,"A",,"A",,"A",
178891, 1,"R",1698,"R",102,"R",656,"R",940,"R",79,"R",23,"R",0,"R",0,"R",0
178891, 2,"R",1698,"R",102,"R",656,"R",940,"R",79,"R",23,"R",0,"R",0,"R",0
178891, 3,"R",1698,"R",102,"R",656,"R",940,"R",79,"R",23,"R",0,"R",0,"R",0
178989, 1,"R",363,"R",19,"R",0,"R",344,"Z",0,"R",19,"Z",0,"Z",0,"R",0
178989, 2,"R",201,"A",,"A",,"R",201,"A",,"A",,"A",,"A",,"A",
178989, 3,"R",201,"A",,"A",,"R",201,"A",,"A",,"A",,"A",,"A",
178989,12,"R",162,"R",19,"R",0,"R",143,"Z",0,"R",19,"Z",0,"Z",0,"R",0
179043, 1,"R",3145,"R",19,"R",185,"R",2941,"R",14,"R",5,"R",0,"R",0,"R",0
179043, 2,"R",2345,"R",2,"R",68,"R",2275,"R",2,"R",0,"R",0,"R",0,"R",0
179043, 3,"R",1579,"R",0,"R",68,"R",1511,"A",,"A",,"A",,"A",,"A",
179043,11,"R",766,"R",2,"R",0,"R",764,"R",2,"R",0,"R",0,"R",0,"R",0
179043,12,"R",800,"R",17,"R",117,"R",666,"R",12,"R",5,"R",0,"R",0,"R",0
179052, 1,"R",108,"A",,"A",,"R",108,"A",,"A",,"A",,"A",,"A",
179052, 2,"R",108,"A",,"A",,"R",108,"A",,"A",,"A",,"A",,"A",
179052, 3,"R",108,"A",,"A",,"R",108,"A",,"A",,"A",,"A",,"A",
179159, 1,"R",14438,"R",1113,"R",725,"R",12600,"R",626,"R",426,"R",53,"R",8,"R",0
179159, 2,"R",9782,"R",503,"R",406,"R",8873,"R",341,"R",146,"R",16,"R",0,"R",0
179159, 3,"R",6917,"R",502,"R",406,"R",6009,"R",340,"R",146,"R",16,"R",0,"R",0
179159,11,"R",2865,"R",1,"R",0,"R",2864,"R",1,"R",0,"R",0,"R",0,"R",0
179159,12,"R",4656,"R",610,"R",319,"R",3727,"R",285,"R",280,"R",37,"R",8,"R",0
179195, 1,"R",33,"A",,"A",,"R",33,"A",,"A",,"A",,"A",,"A",
179195, 2,"R",33,"A",,"A",,"R",33,"A",,"A",,"A",,"A",,"A",
179229, 1,"R",28,"A",,"A",,"R",28,"A",,"A",,"A",,"A",,"A",
179229, 2,"R",28,"A",,"A",,"R",28,"A",,"A",,"A",,"A",,"A",
179238, 1,"R",43,"A",,"A",,"R",43,"A",,"A",,"A",,"A",,"A",
179238, 2,"R",43,"A",,"A",,"R",43,"A",,"A",,"A",,"A",,"A",
179238, 3,"R",43,"A",,"A",,"R",43,"A",,"A",,"A",,"A",,"A",
179256, 1,"R",90,"R",13,"R",7,"R",70,"R",5,"R",8,"R",0,"R",0,"R",0
179256, 2,"R",90,"R",13,"R",7,"R",70,"R",5,"R",8,"R",0,"R",0,"R",0
179256, 3,"R",70,"R",13,"R",7,"R",50,"R",5,"R",8,"R",0,"R",0,"R",0
179256,11,"R",20,"Z",0,"Z",0,"R",20,"A",,"A",,"A",,"A",,"A",
179265, 1,"R",1195,"A",,"A",,"R",1195,"A",,"A",,"A",,"A",,"A",
179265, 2,"R",384,"A",,"A",,"R",384,"A",,"A",,"A",,"A",,"A",
179265, 3,"R",379,"A",,"A",,"R",379,"A",,"A",,"A",,"A",,"A",
179265,11,"R",5,"A",,"A",,"R",5,"A",,"A",,"A",,"A",,"A",
179265,12,"R",811,"A",,"A",,"R",811,"A",,"A",,"A",,"A",,"A",
179308, 1,"R",18157,"R",2283,"R",4017,"R",11857,"R",2204,"R",78,"R",1,"Z",0,"R",0
179308, 2,"R",18157,"R",2283,"R",4017,"R",11857,"R",2204,"R",78,"R",1,"Z",0,"R",0
179308, 3,"R",15918,"R",1958,"R",3815,"R",10145,"R",1894,"R",63,"R",1,"Z",0,"R",0
179308,11,"R",2239,"R",325,"R",202,"R",1712,"R",310,"R",15,"R",0,"Z",0,"R",0
179317, 1,"R",92,"R",6,"R",86,"R",0,"R",3,"R",3,"R",0,"R",0,"R",0
179317,12,"R",92,"R",6,"R",86,"R",0,"R",3,"R",3,"R",0,"R",0,"R",0
179326, 1,"R",3357,"R",347,"R",687,"R",2323,"R",209,"R",20,"R",117,"R",1,"R",0
179326, 2,"R",2664,"R",187,"R",568,"R",1909,"R",152,"R",14,"R",21,"R",0,"R",0
179326, 3,"R",2126,"R",136,"R",534,"R",1456,"R",114,"R",2,"R",20,"R",0,"R",0
179326,11,"R",538,"R",51,"R",34,"R",453,"R",38,"R",12,"R",1,"R",0,"R",0
179326,12,"R",693,"R",160,"R",119,"R",414,"R",57,"R",6,"R",96,"R",1,"R",0
179344, 1,"R",1869,"R",352,"R",614,"R",903,"R",319,"R",32,"R",0,"R",1,"R",0
179344, 2,"R",1869,"R",352,"R",614,"R",903,"R",319,"R",32,"R",0,"R",1,"R",0
179344, 3,"R",1144,"R",189,"R",488,"R",467,"R",180,"R",8,"R",0,"R",1,"R",0
179344,11,"R",725,"R",163,"R",126,"R",436,"R",139,"R",24,"R",0,"R",0,"R",0
179450, 1,"R",665,"R",200,"R",464,"R",1,"R",119,"R",81,"R",0,"R",0,"R",0
179450, 2,"R",533,"R",68,"R",464,"R",1,"R",42,"R",26,"R",0,"R",0,"R",0
179450, 3,"R",513,"R",68,"R",444,"R",1,"R",42,"R",26,"R",0,"R",0,"R",0
179450,11,"R",20,"R",0,"R",20,"R",0,"A",,"A",,"A",,"A",,"A",
179450,12,"R",132,"R",132,"R",0,"R",0,"R",77,"R",55,"R",0,"R",0,"R",0
179511, 1,"R",103,"A",,"A",,"R",103,"A",,"A",,"A",,"A",,"A",
179511, 2,"R",103,"A",,"A",,"R",103,"A",,"A",,"A",,"A",,"A",
179511, 3,"R",103,"A",,"A",,"R",103,"A",,"A",,"A",,"A",,"A",
179539, 1,"R",4731,"R",1375,"R",1595,"R",1761,"R",1254,"R",121,"R",0,"R",0,"R",0
179539, 2,"R",4731,"R",1375,"R",1595,"R",1761,"R",1254,"R",121,"R",0,"R",0,"R",0
179539, 3,"R",3495,"R",1098,"R",1496,"R",901,"R",982,"R",116,"R",0,"R",0,"R",0
179539,11,"R",1236,"R",277,"R",99,"R",860,"R",272,"R",5,"R",0,"R",0,"R",0
179548, 1,"R",756,"R",132,"R",36,"R",588,"R",38,"R",94,"Z",0,"Z",0,"R",0
179548, 2,"R",555,"R",92,"R",36,"R",427,"R",32,"R",60,"Z",0,"Z",0,"R",0
179548, 3,"R",548,"R",92,"R",36,"R",420,"R",32,"R",60,"Z",0,"Z",0,"R",0
179548,11,"R",7,"Z",0,"Z",0,"R",7,"A",,"A",,"A",,"A",,"A",
179548,12,"R",201,"R",40,"Z",0,"R",161,"R",6,"R",34,"Z",0,"Z",0,"R",0
179557, 1,"R",11071,"R",1812,"R",3188,"R",6071,"R",1585,"R",195,"R",16,"R",16,"R",0
179557, 2,"R",10041,"R",1356,"R",2999,"R",5686,"R",1223,"R",111,"R",15,"R",7,"R",0
179557, 3,"R",8379,"R",779,"R",2871,"R",4729,"R",674,"R",98,"R",1,"R",6,"R",0
179557,11,"R",1662,"R",577,"R",128,"R",957,"R",549,"R",13,"R",14,"R",1,"R",0
179557,12,"R",1030,"R",456,"R",189,"R",385,"R",362,"R",84,"R",1,"R",9,"R",0
179566, 1,"R",23697,"R",2154,"R",6703,"R",14840,"R",1583,"R",526,"R",2,"R",43,"R",0
179566, 2,"R",20138,"R",952,"R",6013,"R",13173,"R",844,"R",94,"R",0,"R",14,"R",0
179566, 3,"R",16948,"R",940,"R",6006,"R",10002,"R",835,"R",91,"R",0,"R",14,"R",0
179566,11,"R",3190,"R",12,"R",7,"R",3171,"R",9,"R",3,"R",0,"R",0,"R",0
179566,12,"R",3559,"R",1202,"R",690,"R",1667,"R",739,"R",432,"R",2,"R",29,"R",0
179645, 1,"R",3076,"R",675,"R",1550,"R",851,"R",653,"R",22,"R",0,"R",0,"R",0
179645, 2,"R",3076,"R",675,"R",1550,"R",851,"R",653,"R",22,"R",0,"R",0,"R",0
179645, 3,"R",2442,"R",357,"R",1485,"R",600,"R",339,"R",18,"R",0,"R",0,"R",0
179645,11,"R",634,"R",318,"R",65,"R",251,"R",314,"R",4,"R",0,"R",0,"R",0
179715, 1,"R",1854,"R",538,"R",516,"R",800,"R",532,"R",6,"R",0,"R",0,"R",0
179715, 2,"R",1854,"R",538,"R",516,"R",800,"R",532,"R",6,"R",0,"R",0,"R",0
179715, 3,"R",1187,"R",350,"R",434,"R",403,"R",344,"R",6,"R",0,"R",0,"R",0
179715,11,"R",667,"R",188,"R",82,"R",397,"R",188,"R",0,"R",0,"R",0,"R",0
179812, 1,"R",1210,"A",,"A",,"R",1210,"A",,"A",,"A",,"A",,"A",
179812,12,"R",1210,"A",,"A",,"R",1210,"A",,"A",,"A",,"A",,"A",
179867, 1,"R",15852,"R",434,"R",204,"R",15214,"R",118,"R",283,"R",0,"R",33,"R",0
179867, 2,"R",7751,"R",93,"R",122,"R",7536,"R",67,"R",21,"R",0,"R",5,"R",0
179867, 3,"R",7356,"R",32,"R",103,"R",7221,"R",21,"R",11,"R",0,"R",0,"R",0
179867,11,"R",395,"R",61,"R",19,"R",315,"R",46,"R",10,"R",0,"R",5,"R",0
179867,12,"R",8101,"R",341,"R",82,"R",7678,"R",51,"R",262,"R",0,"R",28,"R",0
179894, 1,"R",11406,"R",3147,"R",1686,"R",6573,"R",808,"R",2261,"R",48,"R",23,"R",7
179894, 2,"R",3058,"R",327,"R",807,"R",1924,"R",142,"R",167,"R",8,"R",7,"R",3
179894, 3,"R",2958,"R",321,"R",807,"R",1830,"R",140,"R",163,"R",8,"R",7,"R",3
179894,11,"R",100,"R",6,"R",0,"R",94,"R",2,"R",4,"R",0,"R",0,"R",0
179894,12,"R",8348,"R",2820,"R",879,"R",4649,"R",666,"R",2094,"R",40,"R",16,"R",4
179946, 1,"R",717,"R",0,"R",200,"R",517,"A",,"A",,"A",,"A",,"A",
179946, 2,"R",717,"R",0,"R",200,"R",517,"A",,"A",,"A",,"A",,"A",
179946, 3,"R",712,"R",0,"R",200,"R",512,"A",,"A",,"A",,"A",,"A",
179946,11,"R",5,"R",0,"R",0,"R",5,"A",,"A",,"A",,"A",,"A",
179955, 1,"R",808,"R",0,"R",138,"R",670,"A",,"A",,"A",,"A",,"A",
179955, 2,"R",803,"R",0,"R",138,"R",665,"A",,"A",,"A",,"A",,"A",
179955, 3,"R",803,"R",0,"R",138,"R",665,"A",,"A",,"A",,"A",,"A",
179955,12,"R",5,"A",,"A",,"R",5,"A",,"A",,"A",,"A",,"A",
179964, 1,"R",2302,"R",550,"R",277,"R",1475,"R",321,"R",228,"R",0,"R",1,"R",0
179964, 2,"R",935,"R",184,"R",213,"R",538,"R",67,"R",117,"R",0,"R",0,"R",0
179964, 3,"R",889,"R",179,"R",213,"R",497,"R",65,"R",114,"R",0,"R",0,"R",0
179964,11,"R",46,"R",5,"R",0,"R",41,"R",2,"R",3,"R",0,"R",0,"R",0
179964,12,"R",1367,"R",366,"R",64,"R",937,"R",254,"R",111,"R",0,"R",1,"R",0
179991, 1,"R",35,"A",,"A",,"R",35,"A",,"A",,"A",,"A",,"A",
179991, 2,"R",35,"A",,"A",,"R",35,"A",,"A",,"A",,"A",,"A",
180054, 1,"R",305,"A",,"A",,"R",305,"A",,"A",,"A",,"A",,"A",
180054, 2,"R",305,"A",,"A",,"R",305,"A",,"A",,"A",,"A",,"A",
180054, 3,"R",290,"A",,"A",,"R",290,"A",,"A",,"A",,"A",,"A",
180054,11,"R",15,"A",,"A",,"R",15,"A",,"A",,"A",,"A",,"A",
180063, 1,"R",21,"A",,"A",,"R",21,"A",,"A",,"A",,"A",,"A",
180063, 2,"R",21,"A",,"A",,"R",21,"A",,"A",,"A",,"A",,"A",
180081, 1,"R",739,"R",14,"R",192,"R",533,"R",14,"R",0,"R",0,"R",0,"R",0
180081, 2,"R",739,"R",14,"R",192,"R",533,"R",14,"R",0,"R",0,"R",0,"R",0
180081, 3,"R",413,"R",7,"R",190,"R",216,"R",7,"R",0,"R",0,"R",0,"R",0
180081,11,"R",326,"R",7,"R",2,"R",317,"R",7,"R",0,"R",0,"R",0,"R",0
180090, 1,"R",80,"A",,"A",,"R",80,"A",,"A",,"A",,"A",,"A",
180090, 2,"R",80,"A",,"A",,"R",80,"A",,"A",,"A",,"A",,"A",
180106, 1,"R",1335,"R",8,"R",72,"R",1255,"R",8,"Z",0,"Z",0,"Z",0,"R",0
180106, 2,"R",1327,"R",0,"R",72,"R",1255,"A",,"A",,"A",,"A",,"A",
180106, 3,"R",1210,"R",0,"R",72,"R",1138,"A",,"A",,"A",,"A",,"A",
180106,11,"R",117,"R",0,"R",0,"R",117,"A",,"A",,"A",,"A",,"A",
180106,12,"R",8,"R",8,"Z",0,"R",0,"R",8,"Z",0,"Z",0,"Z",0,"R",0
180151, 1,"R",413,"R",143,"R",35,"R",235,"R",101,"R",40,"R",0,"R",0,"R",2
180151, 2,"R",413,"R",143,"R",35,"R",235,"R",101,"R",40,"R",0,"R",0,"R",2
180151, 3,"R",224,"R",60,"R",35,"R",129,"R",53,"R",7,"R",0,"R",0,"R",0
180151,11,"R",189,"R",83,"R",0,"R",106,"R",48,"R",33,"R",0,"R",0,"R",2
180160, 1,"R",196,"A",,"A",,"R",196,"A",,"A",,"A",,"A",,"A",
180160, 2,"R",196,"A",,"A",,"R",196,"A",,"A",,"A",,"A",,"A",
180160, 3,"R",163,"A",,"A",,"R",163,"A",,"A",,"A",,"A",,"A",
180160,11,"R",33,"A",,"A",,"R",33,"A",,"A",,"A",,"A",,"A",
180179, 1,"R",4315,"R",1149,"R",1352,"R",1814,"R",1090,"R",57,"R",2,"R",0,"R",0
180179, 2,"R",3960,"R",937,"R",1256,"R",1767,"R",895,"R",41,"R",1,"R",0,"R",0
180179, 3,"R",3331,"R",823,"R",1230,"R",1278,"R",783,"R",39,"R",1,"R",0,"R",0
180179,11,"R",629,"R",114,"R",26,"R",489,"R",112,"R",2,"R",0,"R",0,"R",0
180179,12,"R",355,"R",212,"R",96,"R",47,"R",195,"R",16,"R",1,"R",0,"R",0
180197, 1,"R",2351,"R",193,"R",432,"R",1726,"R",183,"R",10,"R",0,"R",0,"R",0
180197, 2,"R",2351,"R",193,"R",432,"R",1726,"R",183,"R",10,"R",0,"R",0,"R",0
180197, 3,"R",1455,"R",89,"R",400,"R",966,"R",86,"R",3,"R",0,"R",0,"R",0
180197,11,"R",896,"R",104,"R",32,"R",760,"R",97,"R",7,"R",0,"R",0,"R",0
180203, 1,"R",150,"A",,"A",,"R",150,"A",,"A",,"A",,"A",,"A",
180203, 2,"R",150,"A",,"A",,"R",150,"A",,"A",,"A",,"A",,"A",
180203, 3,"R",113,"A",,"A",,"R",113,"A",,"A",,"A",,"A",,"A",
180203,11,"R",37,"A",,"A",,"R",37,"A",,"A",,"A",,"A",,"A",
180212, 1,"R",305,"R",0,"R",2,"R",303,"A",,"A",,"A",,"A",,"A",
180212, 2,"R",305,"R",0,"R",2,"R",303,"A",,"A",,"A",,"A",,"A",
180212, 3,"R",237,"R",0,"R",2,"R",235,"A",,"A",,"A",,"A",,"A",
180212,11,"R",68,"R",0,"R",0,"R",68,"A",,"A",,"A",,"A",,"A",
180249, 1,"R",1514,"R",411,"R",494,"R",609,"R",383,"R",26,"R",1,"R",1,"R",0
180249, 2,"R",1514,"R",411,"R",494,"R",609,"R",383,"R",26,"R",1,"R",1,"R",0
180249, 3,"R",1109,"R",266,"R",472,"R",371,"R",239,"R",25,"R",1,"R",1,"R",0
180249,11,"R",405,"R",145,"R",22,"R",238,"R",144,"R",1,"Z",0,"Z",0,"R",0
180258, 1,"R",1038,"R",466,"R",107,"R",465,"R",54,"R",412,"R",0,"R",0,"R",0
180258, 2,"R",876,"R",314,"R",107,"R",455,"R",33,"R",281,"R",0,"R",0,"R",0
180258, 3,"R",876,"R",314,"R",107,"R",455,"R",33,"R",281,"R",0,"R",0,"R",0
180258,12,"R",162,"R",152,"R",0,"R",10,"R",21,"R",131,"R",0,"R",0,"R",0
180276, 1,"R",1520,"R",87,"R",500,"R",933,"R",85,"R",2,"R",0,"R",0,"R",0
180276, 2,"R",1520,"R",87,"R",500,"R",933,"R",85,"R",2,"R",0,"R",0,"R",0
180276, 3,"R",854,"R",70,"R",473,"R",311,"R",70,"R",0,"R",0,"R",0,"R",0
180276,11,"R",666,"R",17,"R",27,"R",622,"R",15,"R",2,"R",0,"R",0,"R",0
180328, 1,"R",255,"A",,"A",,"R",255,"A",,"A",,"A",,"A",,"A",
180328, 2,"R",255,"A",,"A",,"R",255,"A",,"A",,"A",,"A",,"A",
180328, 3,"R",255,"A",,"A",,"R",255,"A",,"A",,"A",,"A",,"A",
180373, 1,"R",505,"R",154,"R",171,"R",180,"R",151,"R",3,"R",0,"R",0,"R",0
180373, 2,"R",505,"R",154,"R",171,"R",180,"R",151,"R",3,"R",0,"R",0,"R",0
180373, 3,"R",404,"R",88,"R",169,"R",147,"R",86,"R",2,"R",0,"R",0,"R",0
180373,11,"R",101,"R",66,"R",2,"R",33,"R",65,"R",1,"R",0,"R",0,"R",0
180416, 1,"R",1844,"R",162,"R",392,"R",1290,"R",58,"R",100,"Z",0,"R",4,"R",0
180416, 2,"R",1591,"R",42,"R",378,"R",1171,"R",41,"R",1,"Z",0,"Z",0,"R",0
180416, 3,"R",1585,"R",39,"R",377,"R",1169,"R",38,"R",1,"Z",0,"Z",0,"R",0
180416,11,"R",6,"R",3,"R",1,"R",2,"R",3,"Z",0,"Z",0,"Z",0,"R",0
180416,12,"R",253,"R",120,"R",14,"R",119,"R",17,"R",99,"Z",0,"R",4,"R",0
180461, 1,"R",16814,"R",530,"R",1235,"R",15049,"R",257,"R",262,"R",9,"R",2,"R",0
180461, 2,"R",14851,"R",108,"R",1119,"R",13624,"R",68,"R",36,"R",3,"R",1,"R",0
180461, 3,"R",14566,"R",108,"R",1112,"R",13346,"R",68,"R",36,"R",3,"R",1,"R",0
180461,11,"R",285,"Z",0,"R",7,"R",278,"A",,"A",,"A",,"A",,"A",
180461,12,"R",1963,"R",422,"R",116,"R",1425,"R",189,"R",226,"R",6,"R",1,"R",0
180489, 1,"R",10962,"R",587,"R",2310,"R",8065,"R",501,"R",84,"R",0,"R",2,"R",0
180489, 2,"R",8306,"R",294,"R",2113,"R",5899,"R",253,"R",39,"R",0,"R",2,"R",0
180489, 3,"R",8173,"R",283,"R",2110,"R",5780,"R",243,"R",38,"R",0,"R",2,"R",0
180489,11,"R",133,"R",11,"R",3,"R",119,"R",10,"R",1,"R",0,"R",0,"R",0
180489,12,"R",2656,"R",293,"R",197,"R",2166,"R",248,"R",45,"R",0,"R",0,"R",0
180522, 1,"R",1090,"R",216,"R",350,"R",524,"R",205,"R",3,"Z",0,"Z",0,"R",8
180522, 2,"R",1031,"R",183,"R",349,"R",499,"R",180,"R",3,"Z",0,"Z",0,"R",0
180522, 3,"R",970,"R",135,"R",347,"R",488,"R",132,"R",3,"Z",0,"Z",0,"R",0
180522,11,"R",61,"R",48,"R",2,"R",11,"R",48,"R",0,"Z",0,"Z",0,"R",0
180522,12,"R",59,"R",33,"R",1,"R",25,"R",25,"R",0,"Z",0,"Z",0,"R",8
180595, 1,"R",997,"R",0,"R",126,"R",871,"A",,"A",,"A",,"A",,"A",
180595, 2,"R",897,"R",0,"R",126,"R",771,"A",,"A",,"A",,"A",,"A",
180595, 3,"R",879,"R",0,"R",126,"R",753,"A",,"A",,"A",,"A",,"A",
180595,11,"R",18,"R",0,"R",0,"R",18,"A",,"A",,"A",,"A",,"A",
180595,12,"R",100,"A",,"A",,"R",100,"A",,"A",,"A",,"A",,"A",
180647, 1,"R",720,"R",0,"R",128,"R",592,"A",,"A",,"A",,"A",,"A",
180647, 2,"R",720,"R",0,"R",128,"R",592,"A",,"A",,"A",,"A",,"A",
180647, 3,"R",672,"R",0,"R",122,"R",550,"A",,"A",,"A",,"A",,"A",
180647,11,"R",48,"R",0,"R",6,"R",42,"A",,"A",,"A",,"A",,"A",
180692, 1,"R",1508,"R",254,"R",225,"R",1029,"R",247,"R",5,"R",2,"Z",0,"R",0
180692, 2,"R",1508,"R",254,"R",225,"R",1029,"R",247,"R",5,"R",2,"Z",0,"R",0
180692, 3,"R",1310,"R",189,"R",215,"R",906,"R",186,"R",3,"Z",0,"Z",0,"R",0
180692,11,"R",198,"R",65,"R",10,"R",123,"R",61,"R",2,"R",2,"Z",0,"R",0
180771, 1,"R",8,"A",,"A",,"R",8,"A",,"A",,"A",,"A",,"A",
180771, 2,"R",8,"A",,"A",,"R",8,"A",,"A",,"A",,"A",,"A",
180814, 1,"R",9621,"R",7690,"R",523,"R",1408,"R",2526,"R",5054,"R",97,"R",13,"R",0
180814, 2,"R",6454,"R",5052,"R",312,"R",1090,"R",1551,"R",3455,"R",40,"R",6,"R",0
180814, 3,"R",6377,"R",4990,"R",307,"R",1080,"R",1527,"R",3418,"R",39,"R",6,"R",0
180814,11,"R",77,"R",62,"R",5,"R",10,"R",24,"R",37,"R",1,"R",0,"R",0
180814,12,"R",3167,"R",2638,"R",211,"R",318,"R",975,"R",1599,"R",57,"R",7,"R",0
180832, 1,"R",1162,"R",609,"R",502,"R",51,"R",375,"R",234,"R",0,"R",0,"R",0
180832, 2,"R",651,"R",129,"R",475,"R",47,"R",108,"R",21,"R",0,"R",0,"R",0
180832, 3,"R",646,"R",124,"R",475,"R",47,"R",105,"R",19,"R",0,"R",0,"R",0
180832,11,"R",5,"R",5,"R",0,"R",0,"R",3,"R",2,"R",0,"R",0,"R",0
180832,12,"R",511,"R",480,"R",27,"R",4,"R",267,"R",213,"R",0,"R",0,"R",0
180878, 1,"R",716,"R",15,"R",264,"R",437,"R",8,"R",6,"R",0,"R",1,"R",0
180878, 2,"R",604,"R",8,"R",248,"R",348,"R",6,"R",2,"R",0,"R",0,"R",0
180878, 3,"R",566,"R",7,"R",248,"R",311,"R",5,"R",2,"R",0,"R",0,"R",0
180878,11,"R",38,"R",1,"R",0,"R",37,"R",1,"R",0,"R",0,"R",0,"R",0
180878,12,"R",112,"R",7,"R",16,"R",89,"R",2,"R",4,"R",0,"R",1,"R",0
180902, 1,"R",6354,"R",1703,"R",1134,"R",3517,"R",1661,"R",28,"R",0,"R",2,"R",12
180902, 2,"R",6354,"R",1703,"R",1134,"R",3517,"R",1661,"R",28,"R",0,"R",2,"R",12
180902, 3,"R",3809,"R",782,"R",1004,"R",2023,"R",752,"R",21,"R",0,"R",1,"R",8
180902,11,"R",2545,"R",921,"R",130,"R",1494,"R",909,"R",7,"R",0,"R",1,"R",4
180948, 1,"R",2448,"R",1114,"R",701,"R",633,"R",619,"R",489,"R",1,"R",5,"R",0
180948, 2,"R",1920,"R",596,"R",693,"R",631,"R",356,"R",236,"R",1,"R",3,"R",0
180948, 3,"R",1750,"R",436,"R",691,"R",623,"R",227,"R",205,"R",1,"R",3,"R",0
180948,11,"R",170,"R",160,"R",2,"R",8,"R",129,"R",31,"R",0,"R",0,"R",0
180948,12,"R",528,"R",518,"R",8,"R",2,"R",263,"R",253,"R",0,"R",2,"R",0
180957, 1,"R",123,"A",,"A",,"R",123,"A",,"A",,"A",,"A",,"A",
180957, 2,"R",123,"A",,"A",,"R",123,"A",,"A",,"A",,"A",,"A",
180984, 1,"R",2424,"R",467,"R",351,"R",1606,"R",131,"R",327,"R",0,"R",8,"R",1
180984, 2,"R",1836,"R",0,"R",324,"R",1512,"A",,"A",,"A",,"A",,"A",
180984, 3,"R",1268,"R",0,"R",324,"R",944,"A",,"A",,"A",,"A",,"A",
180984,11,"R",568,"R",0,"R",0,"R",568,"A",,"A",,"A",,"A",,"A",
180984,12,"R",588,"R",467,"R",27,"R",94,"R",131,"R",327,"R",0,"R",8,"R",1
181002, 1,"R",8910,"R",2035,"R",1509,"R",5366,"R",566,"R",1442,"R",0,"R",11,"R",16
181002, 2,"R",4446,"R",101,"R",1371,"R",2974,"R",51,"R",41,"R",0,"R",1,"R",8
181002, 3,"R",4405,"R",98,"R",1368,"R",2939,"R",50,"R",39,"R",0,"R",1,"R",8
181002,11,"R",41,"R",3,"R",3,"R",35,"R",1,"R",2,"R",0,"R",0,"R",0
181002,12,"R",4464,"R",1934,"R",138,"R",2392,"R",515,"R",1401,"R",0,"R",10,"R",8
181020, 1,"R",1008,"A",,"A",,"R",1008,"A",,"A",,"A",,"A",,"A",
181020, 2,"R",1008,"A",,"A",,"R",1008,"A",,"A",,"A",,"A",,"A",
181020, 3,"R",1002,"A",,"A",,"R",1002,"A",,"A",,"A",,"A",,"A",
181020,11,"R",6,"A",,"A",,"R",6,"A",,"A",,"A",,"A",,"A",
181127, 1,"R",1080,"R",0,"R",327,"R",753,"A",,"A",,"A",,"A",,"A",
181127, 2,"R",1048,"R",0,"R",327,"R",721,"A",,"A",,"A",,"A",,"A",
181127, 3,"R",962,"R",0,"R",327,"R",635,"A",,"A",,"A",,"A",,"A",
181127,11,"R",86,"R",0,"R",0,"R",86,"A",,"A",,"A",,"A",,"A",
181127,12,"R",32,"A",,"A",,"R",32,"A",,"A",,"A",,"A",,"A",
181145, 1,"R",15,"A",,"A",,"R",15,"A",,"A",,"A",,"A",,"A",
181145, 2,"R",15,"A",,"A",,"R",15,"A",,"A",,"A",,"A",,"A",
181145, 3,"R",15,"A",,"A",,"R",15,"A",,"A",,"A",,"A",,"A",
181190, 1,"R",163,"A",,"A",,"R",163,"A",,"A",,"A",,"A",,"A",
181190, 2,"R",163,"A",,"A",,"R",163,"A",,"A",,"A",,"A",,"A",
181215, 1,"R",6327,"R",1997,"R",1867,"R",2463,"R",1497,"R",463,"R",7,"R",30,"R",0
181215, 2,"R",4484,"R",376,"R",1700,"R",2408,"R",339,"R",29,"R",0,"R",8,"R",0
181215, 3,"R",4328,"R",369,"R",1696,"R",2263,"R",332,"R",29,"R",0,"R",8,"R",0
181215,11,"R",156,"R",7,"R",4,"R",145,"R",7,"R",0,"R",0,"R",0,"R",0
181215,12,"R",1843,"R",1621,"R",167,"R",55,"R",1158,"R",434,"R",7,"R",22,"R",0
181242, 1,"R",288,"R",243,"R",11,"R",34,"R",216,"R",27,"Z",0,"Z",0,"R",0
181242, 2,"R",248,"R",203,"R",11,"R",34,"R",182,"R",21,"Z",0,"Z",0,"R",0
181242, 3,"R",248,"R",203,"R",11,"R",34,"R",182,"R",21,"Z",0,"Z",0,"R",0
181242,12,"R",40,"R",40,"Z",0,"R",0,"R",34,"R",6,"Z",0,"Z",0,"R",0
181297, 1,"R",1102,"R",453,"R",174,"R",475,"R",295,"R",156,"R",2,"R",0,"R",0
181297, 2,"R",775,"R",176,"R",124,"R",475,"R",120,"R",54,"R",2,"R",0,"R",0
181297, 3,"R",775,"R",176,"R",124,"R",475,"R",120,"R",54,"R",2,"R",0,"R",0
181297,12,"R",327,"R",277,"R",50,"R",0,"R",175,"R",102,"R",0,"R",0,"R",0
181303, 1,"R",14913,"R",2745,"R",1730,"R",10438,"R",2383,"R",251,"R",95,"R",16,"R",0
181303, 2,"R",14913,"R",2745,"R",1730,"R",10438,"R",2383,"R",251,"R",95,"R",16,"R",0
181303, 3,"R",7105,"R",1362,"R",1072,"R",4671,"R",1200,"R",101,"R",59,"R",2,"R",0
181303,11,"R",7808,"R",1383,"R",658,"R",5767,"R",1183,"R",150,"R",36,"R",14,"R",0
181312, 1,"R",2216,"R",480,"R",787,"R",949,"R",440,"R",39,"R",0,"R",1,"R",0
181312, 2,"R",2216,"R",480,"R",787,"R",949,"R",440,"R",39,"R",0,"R",1,"R",0
181312, 3,"R",1151,"R",221,"R",662,"R",268,"R",185,"R",35,"R",0,"R",1,"R",0
181312,11,"R",1065,"R",259,"R",125,"R",681,"R",255,"R",4,"R",0,"R",0,"R",0
181330, 1,"R",1873,"R",10,"R",126,"R",1737,"R",7,"R",3,"R",0,"R",0,"R",0
181330, 2,"R",1721,"R",10,"R",126,"R",1585,"R",7,"R",3,"R",0,"R",0,"R",0
181330, 3,"R",1212,"R",10,"R",126,"R",1076,"R",7,"R",3,"R",0,"R",0,"R",0
181330,11,"R",509,"R",0,"R",0,"R",509,"A",,"A",,"A",,"A",,"A",
181330,12,"R",152,"A",,"A",,"R",152,"A",,"A",,"A",,"A",,"A",
181376, 1,"R",134,"R",3,"R",79,"R",52,"R",3,"R",0,"R",0,"R",0,"R",0
181376, 2,"R",134,"R",3,"R",79,"R",52,"R",3,"R",0,"R",0,"R",0,"R",0
181376, 3,"R",129,"R",3,"R",79,"R",47,"R",3,"R",0,"R",0,"R",0,"R",0
181376,11,"R",5,"R",0,"R",0,"R",5,"A",,"A",,"A",,"A",,"A",
181394, 1,"R",15431,"R",1314,"R",6224,"R",7893,"R",1052,"R",257,"R",1,"R",4,"R",0
181394, 2,"R",12430,"R",857,"R",5225,"R",6348,"R",716,"R",137,"R",1,"R",3,"R",0
181394, 3,"R",12230,"R",828,"R",5202,"R",6200,"R",691,"R",133,"R",1,"R",3,"R",0
181394,11,"R",200,"R",29,"R",23,"R",148,"R",25,"R",4,"R",0,"R",0,"R",0
181394,12,"R",3001,"R",457,"R",999,"R",1545,"R",336,"R",120,"R",0,"R",1,"R",0
181400, 1,"R",332,"R",295,"R",12,"R",25,"R",206,"R",89,"Z",0,"Z",0,"R",0
181400, 2,"R",277,"R",240,"R",12,"R",25,"R",166,"R",74,"Z",0,"Z",0,"R",0
181400, 3,"R",276,"R",239,"R",12,"R",25,"R",165,"R",74,"Z",0,"Z",0,"R",0
181400,11,"R",1,"R",1,"Z",0,"R",0,"R",1,"Z",0,"Z",0,"Z",0,"R",0
181400,12,"R",55,"R",55,"Z",0,"R",0,"R",40,"R",15,"Z",0,"Z",0,"R",0
181419, 1,"R",200,"R",26,"R",121,"R",53,"R",26,"Z",0,"Z",0,"Z",0,"R",0
181419, 2,"R",200,"R",26,"R",121,"R",53,"R",26,"Z",0,"Z",0,"Z",0,"R",0
181419, 3,"R",124,"R",0,"R",121,"R",3,"A",,"A",,"A",,"A",,"A",
181419,11,"R",76,"R",26,"R",0,"R",50,"R",26,"Z",0,"Z",0,"Z",0,"R",0
181428, 1,"R",3972,"R",657,"R",99,"R",3216,"R",514,"R",139,"R",0,"R",4,"R",0
181428, 2,"R",869,"R",135,"R",20,"R",714,"R",92,"R",43,"R",0,"R",0,"R",0
181428, 3,"R",844,"R",110,"R",20,"R",714,"R",71,"R",39,"R",0,"R",0,"R",0
181428,11,"R",25,"R",25,"R",0,"R",0,"R",21,"R",4,"R",0,"R",0,"R",0
181428,12,"R",3103,"R",522,"R",79,"R",2502,"R",422,"R",96,"R",0,"R",4,"R",0
181446, 1,"R",2095,"R",0,"R",494,"R",1601,"A",,"A",,"A",,"A",,"A",
181446, 2,"R",1851,"R",0,"R",313,"R",1538,"A",,"A",,"A",,"A",,"A",
181446, 3,"R",1839,"R",0,"R",312,"R",1527,"A",,"A",,"A",,"A",,"A",
181446,11,"R",12,"R",0,"R",1,"R",11,"A",,"A",,"A",,"A",,"A",
181446,12,"R",244,"R",0,"R",181,"R",63,"A",,"A",,"A",,"A",,"A",
181464, 1,"R",25820,"R",1649,"R",10178,"R",13993,"R",916,"R",715,"R",0,"R",18,"R",0
181464, 2,"R",20830,"R",285,"R",9800,"R",10745,"R",250,"R",35,"R",0,"R",0,"R",0
181464, 3,"R",20592,"R",125,"R",9797,"R",10670,"R",114,"R",11,"R",0,"R",0,"R",0
181464,11,"R",238,"R",160,"R",3,"R",75,"R",136,"R",24,"R",0,"R",0,"R",0
181464,12,"R",4990,"R",1364,"R",378,"R",3248,"R",666,"R",680,"R",0,"R",18,"R",0
181491, 1,"R",5016,"R",906,"R",1156,"R",2954,"R",827,"R",71,"R",6,"R",2,"R",0
181491, 2,"R",5016,"R",906,"R",1156,"R",2954,"R",827,"R",71,"R",6,"R",2,"R",0
181491, 3,"R",2664,"R",384,"R",1019,"R",1261,"R",333,"R",48,"R",1,"R",2,"R",0
181491,11,"R",2352,"R",522,"R",137,"R",1693,"R",494,"R",23,"R",5,"Z",0,"R",0
181534, 1,"R",2114,"R",912,"R",359,"R",843,"R",705,"R",204,"R",0,"R",3,"R",0
181534, 2,"R",1851,"R",650,"R",359,"R",842,"R",503,"R",145,"R",0,"R",2,"R",0
181534, 3,"R",1324,"R",429,"R",356,"R",539,"R",290,"R",137,"R",0,"R",2,"R",0
181534,11,"R",527,"R",221,"R",3,"R",303,"R",213,"R",8,"R",0,"R",0,"R",0
181534,12,"R",263,"R",262,"R",0,"R",1,"R",202,"R",59,"R",0,"R",1,"R",0
181543, 1,"R",27,"R",5,"R",2,"R",20,"R",0,"R",5,"R",0,"R",0,"R",0
181543, 2,"R",27,"R",5,"R",2,"R",20,"R",0,"R",5,"R",0,"R",0,"R",0
181543, 3,"R",23,"R",5,"R",2,"R",16,"R",0,"R",5,"R",0,"R",0,"R",0
181543,11,"R",4,"R",0,"R",0,"R",4,"A",,"A",,"A",,"A",,"A",
181604, 1,"R",1168,"R",48,"R",401,"R",719,"R",31,"R",16,"Z",0,"R",1,"R",0
181604, 2,"R",861,"Z",0,"R",321,"R",540,"A",,"A",,"A",,"A",,"A",
181604, 3,"R",810,"Z",0,"R",321,"R",489,"A",,"A",,"A",,"A",,"A",
181604,11,"R",51,"Z",0,"R",0,"R",51,"A",,"A",,"A",,"A",,"A",
181604,12,"R",307,"R",48,"R",80,"R",179,"R",31,"R",16,"Z",0,"R",1,"R",0
181640, 1,"R",9240,"R",2225,"R",1540,"R",5475,"R",2091,"R",133,"R",1,"Z",0,"R",0
181640, 2,"R",9240,"R",2225,"R",1540,"R",5475,"R",2091,"R",133,"R",1,"Z",0,"R",0
181640, 3,"R",6057,"R",1209,"R",1280,"R",3568,"R",1115,"R",94,"Z",0,"Z",0,"R",0
181640,11,"R",3183,"R",1016,"R",260,"R",1907,"R",976,"R",39,"R",1,"Z",0,"R",0
181738, 1,"R",807,"R",13,"R",14,"R",780,"R",2,"R",10,"R",0,"R",1,"R",0
181738, 2,"R",720,"R",13,"R",14,"R",693,"R",2,"R",10,"R",0,"R",1,"R",0
181738, 3,"R",696,"R",2,"R",14,"R",680,"R",0,"R",1,"R",0,"R",1,"R",0
181738,11,"R",24,"R",11,"R",0,"R",13,"R",2,"R",9,"R",0,"R",0,"R",0
181738,12,"R",87,"A",,"A",,"R",87,"A",,"A",,"A",,"A",,"A",
181765, 1,"R",335,"R",50,"Z",0,"R",285,"R",46,"R",4,"Z",0,"Z",0,"R",0
181765, 2,"R",335,"R",50,"Z",0,"R",285,"R",46,"R",4,"Z",0,"Z",0,"R",0
181765, 3,"R",281,"Z",0,"Z",0,"R",281,"A",,"A",,"A",,"A",,"A",
181765,11,"R",54,"R",50,"Z",0,"R",4,"R",46,"R",4,"Z",0,"Z",0,"R",0
181783, 1,"R",3633,"R",556,"R",562,"R",2515,"R",417,"R",137,"R",0,"R",2,"R",0
181783, 2,"R",2975,"R",132,"R",482,"R",2361,"R",107,"R",25,"R",0,"R",0,"R",0
181783, 3,"R",2754,"R",108,"R",477,"R",2169,"R",88,"R",20,"R",0,"R",0,"R",0
181783,11,"R",221,"R",24,"R",5,"R",192,"R",19,"R",5,"R",0,"R",0,"R",0
181783,12,"R",658,"R",424,"R",80,"R",154,"R",310,"R",112,"R",0,"R",2,"R",0
181817, 1,"R",1825,"R",172,"R",614,"R",1039,"R",148,"R",24,"R",0,"R",0,"R",0
181817, 2,"R",1825,"R",172,"R",614,"R",1039,"R",148,"R",24,"R",0,"R",0,"R",0
181817, 3,"R",1134,"R",136,"R",574,"R",424,"R",115,"R",21,"R",0,"R",0,"R",0
181817,11,"R",691,"R",36,"R",40,"R",615,"R",33,"R",3,"R",0,"R",0,"R",0
181853, 1,"R",440,"R",47,"R",0,"R",393,"R",19,"R",27,"R",0,"R",1,"R",0
181853, 2,"R",400,"R",7,"R",0,"R",393,"R",3,"R",4,"R",0,"R",0,"R",0
181853, 3,"R",396,"R",6,"R",0,"R",390,"R",3,"R",3,"R",0,"R",0,"R",0
181853,11,"R",4,"R",1,"R",0,"R",3,"R",0,"R",1,"R",0,"R",0,"R",0
181853,12,"R",40,"R",40,"R",0,"R",0,"R",16,"R",23,"R",0,"R",1,"R",0
181880, 1,"R",225,"A",,"A",,"R",225,"A",,"A",,"A",,"A",,"A",
181880, 2,"R",225,"A",,"A",,"R",225,"A",,"A",,"A",,"A",,"A",
181941, 1,"R",359,"A",,"A",,"R",359,"A",,"A",,"A",,"A",,"A",
181941, 2,"R",359,"A",,"A",,"R",359,"A",,"A",,"A",,"A",,"A",
181941, 3,"R",359,"A",,"A",,"R",359,"A",,"A",,"A",,"A",,"A",
182005, 1,"R",34169,"R",6621,"R",9291,"R",18257,"R",6446,"R",137,"R",0,"R",8,"R",30
182005, 2,"R",34169,"R",6621,"R",9291,"R",18257,"R",6446,"R",137,"R",0,"R",8,"R",30
182005, 3,"R",29660,"R",5761,"R",8856,"R",15043,"R",5611,"R",118,"R",0,"R",7,"R",25
182005,11,"R",4509,"R",860,"R",435,"R",3214,"R",835,"R",19,"R",0,"R",1,"R",5
182111, 1,"R",592,"Z",0,"R",185,"R",407,"A",,"A",,"A",,"A",,"A",
182111, 2,"R",592,"Z",0,"R",185,"R",407,"A",,"A",,"A",,"A",,"A",
182111, 3,"R",545,"Z",0,"R",185,"R",360,"A",,"A",,"A",,"A",,"A",
182111,11,"R",47,"Z",0,"Z",0,"R",47,"A",,"A",,"A",,"A",,"A",
182148, 1,"R",97,"R",0,"R",54,"R",43,"A",,"A",,"A",,"A",,"A",
182148, 2,"R",97,"R",0,"R",54,"R",43,"A",,"A",,"A",,"A",,"A",
182148, 3,"R",97,"R",0,"R",54,"R",43,"A",,"A",,"A",,"A",,"A",
182281, 1,"R",30457,"R",1492,"R",11188,"R",17777,"R",1178,"R",309,"Z",0,"R",5,"R",0
182281, 2,"R",25282,"R",1021,"R",10356,"R",13905,"R",867,"R",152,"Z",0,"R",2,"R",0
182281, 3,"R",24707,"R",987,"R",10320,"R",13400,"R",837,"R",148,"Z",0,"R",2,"R",0
182281,11,"R",575,"R",34,"R",36,"R",505,"R",30,"R",4,"Z",0,"Z",0,"R",0
182281,12,"R",5175,"R",471,"R",832,"R",3872,"R",311,"R",157,"Z",0,"R",3,"R",0
182290, 1,"R",21463,"R",955,"R",3706,"R",16802,"R",652,"R",297,"R",3,"R",3,"R",0
182290, 2,"R",17930,"R",214,"R",3461,"R",14255,"R",175,"R",39,"R",0,"R",0,"R",0
182290, 3,"R",17513,"R",195,"R",3448,"R",13870,"R",158,"R",37,"R",0,"R",0,"R",0
182290,11,"R",417,"R",19,"R",13,"R",385,"R",17,"R",2,"R",0,"R",0,"R",0
182290,12,"R",3533,"R",741,"R",245,"R",2547,"R",477,"R",258,"R",3,"R",3,"R",0
182306, 1,"R",3451,"R",2194,"R",661,"R",596,"R",1971,"R",221,"R",0,"R",2,"R",0
182306, 2,"R",3451,"R",2194,"R",661,"R",596,"R",1971,"R",221,"R",0,"R",2,"R",0
182306, 3,"R",1996,"R",1087,"R",554,"R",355,"R",893,"R",192,"R",0,"R",2,"R",0
182306,11,"R",1455,"R",1107,"R",107,"R",241,"R",1078,"R",29,"R",0,"R",0,"R",0
182458, 1,"R",889,"A",,"A",,"R",889,"A",,"A",,"A",,"A",,"A",
182458, 2,"R",397,"A",,"A",,"R",397,"A",,"A",,"A",,"A",,"A",
182458, 3,"R",397,"A",,"A",,"R",397,"A",,"A",,"A",,"A",,"A",
182458,12,"R",492,"A",,"A",,"R",492,"A",,"A",,"A",,"A",,"A",
182500, 1,"R",10861,"R",1732,"R",2975,"R",6154,"R",1660,"R",72,"Z",0,"Z",0,"R",0
182500, 2,"R",10861,"R",1732,"R",2975,"R",6154,"R",1660,"R",72,"Z",0,"Z",0,"R",0
182500, 3,"R",7611,"R",1117,"R",2509,"R",3985,"R",1076,"R",41,"Z",0,"Z",0,"R",0
182500,11,"R",3250,"R",615,"R",466,"R",2169,"R",584,"R",31,"Z",0,"Z",0,"R",0
182564, 1,"R",3327,"R",679,"R",929,"R",1719,"R",664,"R",15,"Z",0,"Z",0,"R",0
182564, 2,"R",3327,"R",679,"R",929,"R",1719,"R",664,"R",15,"Z",0,"Z",0,"R",0
182564, 3,"R",2310,"R",510,"R",711,"R",1089,"R",501,"R",9,"Z",0,"Z",0,"R",0
182564,11,"R",1017,"R",169,"R",218,"R",630,"R",163,"R",6,"Z",0,"Z",0,"R",0
182634, 1,"R",859,"R",20,"R",113,"R",726,"R",13,"R",7,"R",0,"R",0,"R",0
182634, 2,"R",859,"R",20,"R",113,"R",726,"R",13,"R",7,"R",0,"R",0,"R",0
182634, 3,"R",851,"R",20,"R",112,"R",719,"R",13,"R",7,"R",0,"R",0,"R",0
182634,11,"R",8,"R",0,"R",1,"R",7,"A",,"A",,"A",,"A",,"A",
182652, 1,"R",36,"A",,"A",,"R",36,"A",,"A",,"A",,"A",,"A",
182652, 2,"R",36,"A",,"A",,"R",36,"A",,"A",,"A",,"A",,"A",
182670, 1,"R",6572,"R",0,"R",140,"R",6432,"A",,"A",,"A",,"A",,"A",
182670, 2,"R",4418,"A",,"A",,"R",4418,"A",,"A",,"A",,"A",,"A",
182670, 3,"R",4312,"A",,"A",,"R",4312,"A",,"A",,"A",,"A",,"A",
182670,11,"R",106,"A",,"A",,"R",106,"A",,"A",,"A",,"A",,"A",
182670,12,"R",2154,"R",0,"R",140,"R",2014,"A",,"A",,"A",,"A",,"A",
182704, 1,"R",80,"A",,"A",,"R",80,"A",,"A",,"A",,"A",,"A",
182704, 2,"R",80,"A",,"A",,"R",80,"A",,"A",,"A",,"A",,"A",
182722, 1,"R",173,"A",,"A",,"R",173,"A",,"A",,"A",,"A",,"A",
182722, 2,"R",173,"A",,"A",,"R",173,"A",,"A",,"A",,"A",,"A",
182795, 1,"R",2178,"R",452,"R",175,"R",1551,"R",230,"R",217,"Z",0,"R",4,"R",1
182795, 2,"R",1634,"R",212,"R",174,"R",1248,"R",124,"R",87,"Z",0,"Z",0,"R",1
182795, 3,"R",1627,"R",208,"R",174,"R",1245,"R",121,"R",86,"Z",0,"Z",0,"R",1
182795,11,"R",7,"R",4,"R",0,"R",3,"R",3,"R",1,"Z",0,"Z",0,"R",0
182795,12,"R",544,"R",240,"R",1,"R",303,"R",106,"R",130,"Z",0,"R",4,"R",0
182829, 1,"R",275,"R",40,"R",0,"R",235,"R",6,"R",26,"R",0,"R",8,"R",0
182829,12,"R",275,"R",40,"R",0,"R",235,"R",6,"R",26,"R",0,"R",8,"R",0
182892, 1,"R",37,"A",,"A",,"R",37,"A",,"A",,"A",,"A",,"A",
182892, 2,"R",37,"A",,"A",,"R",37,"A",,"A",,"A",,"A",,"A",
182917, 1,"R",83,"A",,"A",,"R",83,"A",,"A",,"A",,"A",,"A",
182917, 2,"R",83,"A",,"A",,"R",83,"A",,"A",,"A",,"A",,"A",
182917, 3,"R",78,"A",,"A",,"R",78,"A",,"A",,"A",,"A",,"A",
182917,11,"R",5,"A",,"A",,"R",5,"A",,"A",,"A",,"A",,"A",
182953, 1,"R",134,"A",,"A",,"R",134,"A",,"A",,"A",,"A",,"A",
182953, 2,"R",134,"A",,"A",,"R",134,"A",,"A",,"A",,"A",,"A",
182980, 1,"R",2521,"R",1055,"R",44,"R",1422,"R",164,"R",863,"R",0,"R",26,"R",2
182980, 2,"R",1696,"R",648,"R",44,"R",1004,"R",35,"R",601,"R",0,"R",12,"R",0
182980, 3,"R",1684,"R",646,"R",44,"R",994,"R",34,"R",600,"R",0,"R",12,"R",0
182980,11,"R",12,"R",2,"R",0,"R",10,"R",1,"R",1,"R",0,"R",0,"R",0
182980,12,"R",825,"R",407,"R",0,"R",418,"R",129,"R",262,"R",0,"R",14,"R",2
182999, 1,"R",25,"A",,"A",,"R",25,"A",,"A",,"A",,"A",,"A",
182999, 2,"R",25,"A",,"A",,"R",25,"A",,"A",,"A",,"A",,"A",
183026, 1,"R",104068,"R",96912,"R",500,"R",6656,"R",7152,"R",89025,"R",46,"R",689,"R",0
183026, 2,"R",82693,"R",76929,"R",409,"R",5355,"R",5012,"R",71341,"R",42,"R",534,"R",0
183026, 3,"R",80170,"R",76175,"R",406,"R",3589,"R",4929,"R",70694,"R",34,"R",518,"R",0
183026,11,"R",2523,"R",754,"R",3,"R",1766,"R",83,"R",647,"R",8,"R",16,"R",0
183026,12,"R",21375,"R",19983,"R",91,"R",1301,"R",2140,"R",17684,"R",4,"R",155,"R",0
183035, 1,"R",25,"A",,"A",,"R",25,"A",,"A",,"A",,"A",,"A",
183035, 2,"R",25,"A",,"A",,"R",25,"A",,"A",,"A",,"A",,"A",
183044, 1,"R",15298,"R",440,"R",1816,"R",13042,"R",299,"R",130,"R",0,"R",11,"R",0
183044, 2,"R",12815,"R",10,"R",1500,"R",11305,"R",9,"R",1,"R",0,"R",0,"R",0
183044, 3,"R",12668,"R",8,"R",1497,"R",11163,"R",7,"R",1,"R",0,"R",0,"R",0
183044,11,"R",147,"R",2,"R",3,"R",142,"R",2,"R",0,"R",0,"R",0,"R",0
183044,12,"R",2483,"R",430,"R",316,"R",1737,"R",290,"R",129,"R",0,"R",11,"R",0
183062, 1,"R",3543,"R",20,"R",17,"R",3506,"R",6,"R",14,"Z",0,"Z",0,"R",0
183062, 2,"R",3477,"Z",0,"R",17,"R",3460,"A",,"A",,"A",,"A",,"A",
183062, 3,"R",3416,"Z",0,"R",17,"R",3399,"A",,"A",,"A",,"A",,"A",
183062,11,"R",61,"Z",0,"Z",0,"R",61,"A",,"A",,"A",,"A",,"A",
183062,12,"R",66,"R",20,"Z",0,"R",46,"R",6,"R",14,"Z",0,"Z",0,"R",0
183071, 1,"R",750,"R",5,"R",190,"R",555,"R",4,"R",1,"R",0,"R",0,"R",0
183071, 2,"R",727,"R",5,"R",190,"R",532,"R",4,"R",1,"R",0,"R",0,"R",0
183071, 3,"R",703,"R",1,"R",190,"R",512,"R",1,"R",0,"R",0,"R",0,"R",0
183071,11,"R",24,"R",4,"R",0,"R",20,"R",3,"R",1,"R",0,"R",0,"R",0
183071,12,"R",23,"R",0,"R",0,"R",23,"A",,"A",,"A",,"A",,"A",
183080, 1,"R",5059,"R",360,"R",1276,"R",3423,"R",259,"R",100,"R",1,"R",0,"R",0
183080, 2,"R",4222,"R",34,"R",1208,"R",2980,"R",26,"R",8,"R",0,"R",0,"R",0
183080, 3,"R",4135,"R",32,"R",1204,"R",2899,"R",25,"R",7,"R",0,"R",0,"R",0
183080,11,"R",87,"R",2,"R",4,"R",81,"R",1,"R",1,"R",0,"R",0,"R",0
183080,12,"R",837,"R",326,"R",68,"R",443,"R",233,"R",92,"R",1,"R",0,"R",0
183099, 1,"R",3478,"R",519,"R",618,"R",2341,"R",499,"R",19,"Z",0,"Z",0,"R",1
183099, 2,"R",3478,"R",519,"R",618,"R",2341,"R",499,"R",19,"Z",0,"Z",0,"R",1
183099, 3,"R",3104,"R",420,"R",594,"R",2090,"R",405,"R",15,"Z",0,"Z",0,"R",0
183099,11,"R",374,"R",99,"R",24,"R",251,"R",94,"R",4,"Z",0,"Z",0,"R",1
183105, 1,"R",699,"R",110,"R",180,"R",409,"R",98,"R",12,"Z",0,"Z",0,"R",0
183105, 2,"R",699,"R",110,"R",180,"R",409,"R",98,"R",12,"Z",0,"Z",0,"R",0
183105, 3,"R",617,"R",90,"R",172,"R",355,"R",78,"R",12,"Z",0,"Z",0,"R",0
183105,11,"R",82,"R",20,"R",8,"R",54,"R",20,"Z",0,"Z",0,"Z",0,"R",0
183114, 1,"R",799,"R",113,"R",207,"R",479,"R",102,"R",11,"R",0,"R",0,"R",0
183114, 2,"R",799,"R",113,"R",207,"R",479,"R",102,"R",11,"R",0,"R",0,"R",0
183114, 3,"R",726,"R",92,"R",199,"R",435,"R",83,"R",9,"R",0,"R",0,"R",0
183114,11,"R",73,"R",21,"R",8,"R",44,"R",19,"R",2,"R",0,"R",0,"R",0
183123, 1,"R",729,"R",53,"R",133,"R",543,"R",52,"R",1,"R",0,"R",0,"R",0
183123, 2,"R",729,"R",53,"R",133,"R",543,"R",52,"R",1,"R",0,"R",0,"R",0
183123, 3,"R",646,"R",40,"R",130,"R",476,"R",39,"R",1,"R",0,"R",0,"R",0
183123,11,"R",83,"R",13,"R",3,"R",67,"R",13,"R",0,"R",0,"R",0,"R",0
183132, 1,"R",2574,"R",401,"R",620,"R",1553,"R",386,"R",15,"Z",0,"Z",0,"R",0
183132, 2,"R",2574,"R",401,"R",620,"R",1553,"R",386,"R",15,"Z",0,"Z",0,"R",0
183132, 3,"R",2241,"R",278,"R",573,"R",1390,"R",267,"R",11,"Z",0,"Z",0,"R",0
183132,11,"R",333,"R",123,"R",47,"R",163,"R",119,"R",4,"Z",0,"Z",0,"R",0
183141, 1,"R",1626,"R",131,"R",264,"R",1231,"R",122,"R",9,"Z",0,"Z",0,"R",0
183141, 2,"R",1626,"R",131,"R",264,"R",1231,"R",122,"R",9,"Z",0,"Z",0,"R",0
183141, 3,"R",1385,"R",104,"R",251,"R",1030,"R",97,"R",7,"Z",0,"Z",0,"R",0
183141,11,"R",241,"R",27,"R",13,"R",201,"R",25,"R",2,"Z",0,"Z",0,"R",0
183150, 1,"R",1887,"R",124,"R",315,"R",1448,"R",112,"R",11,"R",0,"R",1,"R",0
183150, 2,"R",1887,"R",124,"R",315,"R",1448,"R",112,"R",11,"R",0,"R",1,"R",0
183150, 3,"R",1609,"R",100,"R",309,"R",1200,"R",93,"R",7,"R",0,"R",0,"R",0
183150,11,"R",278,"R",24,"R",6,"R",248,"R",19,"R",4,"R",0,"R",1,"R",0
183202, 1,"R",50,"A",,"A",,"R",50,"A",,"A",,"A",,"A",,"A",
183202, 2,"R",50,"A",,"A",,"R",50,"A",,"A",,"A",,"A",,"A",
183211, 1,"R",2319,"R",750,"R",282,"R",1287,"R",418,"R",330,"R",0,"R",0,"R",2
183211, 2,"R",1445,"R",327,"R",145,"R",973,"R",188,"R",137,"Z",0,"Z",0,"R",2
183211, 3,"R",1376,"R",321,"R",145,"R",910,"R",183,"R",136,"Z",0,"Z",0,"R",2
183211,11,"R",69,"R",6,"Z",0,"R",63,"R",5,"R",1,"Z",0,"Z",0,"R",0
183211,12,"R",874,"R",423,"R",137,"R",314,"R",230,"R",193,"R",0,"R",0,"R",0
183239, 1,"R",2024,"R",0,"R",0,"R",2024,"A",,"A",,"A",,"A",,"A",
183239, 2,"R",2024,"R",0,"R",0,"R",2024,"A",,"A",,"A",,"A",,"A",
183239, 3,"R",2016,"R",0,"R",0,"R",2016,"A",,"A",,"A",,"A",,"A",
183239,11,"R",8,"R",0,"R",0,"R",8,"A",,"A",,"A",,"A",,"A",
183248, 1,"R",112,"A",,"A",,"R",112,"A",,"A",,"A",,"A",,"A",
183248, 2,"R",112,"A",,"A",,"R",112,"A",,"A",,"A",,"A",,"A",
183248, 3,"R",110,"A",,"A",,"R",110,"A",,"A",,"A",,"A",,"A",
183248,11,"R",2,"A",,"A",,"R",2,"A",,"A",,"A",,"A",,"A",
183257, 1,"R",2025,"R",1670,"R",179,"R",176,"R",1311,"R",356,"R",0,"R",3,"R",0
183257, 2,"R",1736,"R",1431,"R",169,"R",136,"R",1109,"R",319,"R",0,"R",3,"R",0
183257, 3,"R",1628,"R",1325,"R",169,"R",134,"R",1061,"R",261,"R",0,"R",3,"R",0
183257,11,"R",108,"R",106,"R",0,"R",2,"R",48,"R",58,"R",0,"R",0,"R",0
183257,12,"R",289,"R",239,"R",10,"R",40,"R",202,"R",37,"R",0,"R",0,"R",0
183275, 1,"R",90,"A",,"A",,"R",90,"A",,"A",,"A",,"A",,"A",
183275, 2,"R",90,"A",,"A",,"R",90,"A",,"A",,"A",,"A",,"A",
183275, 3,"R",90,"A",,"A",,"R",90,"A",,"A",,"A",,"A",,"A",
183488, 1,"R",376,"A",,"A",,"R",376,"A",,"A",,"A",,"A",,"A",
183488, 2,"R",376,"A",,"A",,"R",376,"A",,"A",,"A",,"A",,"A",
183488, 3,"R",376,"A",,"A",,"R",376,"A",,"A",,"A",,"A",,"A",
183600, 1,"R",53,"R",0,"R",8,"R",45,"A",,"A",,"A",,"A",,"A",
183600, 2,"R",53,"R",0,"R",8,"R",45,"A",,"A",,"A",,"A",,"A",
183600, 3,"R",42,"R",0,"R",8,"R",34,"A",,"A",,"A",,"A",,"A",
183600,11,"R",11,"R",0,"R",0,"R",11,"A",,"A",,"A",,"A",,"A",
183655, 1,"R",4973,"R",620,"R",1237,"R",3116,"R",599,"R",21,"Z",0,"Z",0,"R",0
183655, 2,"R",4973,"R",620,"R",1237,"R",3116,"R",599,"R",21,"Z",0,"Z",0,"R",0
183655, 3,"R",4768,"R",573,"R",1213,"R",2982,"R",561,"R",12,"Z",0,"Z",0,"R",0
183655,11,"R",205,"R",47,"R",24,"R",134,"R",38,"R",9,"Z",0,"Z",0,"R",0
183725, 1,"R",539,"A",,"A",,"R",539,"A",,"A",,"A",,"A",,"A",
183725, 2,"R",539,"A",,"A",,"R",539,"A",,"A",,"A",,"A",,"A",
183743, 1,"R",13352,"R",698,"R",2734,"R",9920,"R",688,"R",6,"R",1,"R",3,"R",0
183743, 2,"R",13352,"R",698,"R",2734,"R",9920,"R",688,"R",6,"R",1,"R",3,"R",0
183743, 3,"R",12358,"R",582,"R",2628,"R",9148,"R",576,"R",3,"Z",0,"R",3,"R",0
183743,11,"R",994,"R",116,"R",106,"R",772,"R",112,"R",3,"R",1,"Z",0,"R",0
183789, 1,"R",3468,"R",796,"R",823,"R",1849,"R",695,"R",99,"R",0,"R",2,"R",0
183789, 2,"R",3324,"R",677,"R",805,"R",1842,"R",640,"R",37,"R",0,"R",0,"R",0
183789, 3,"R",3298,"R",661,"R",804,"R",1833,"R",626,"R",35,"R",0,"R",0,"R",0
183789,11,"R",26,"R",16,"R",1,"R",9,"R",14,"R",2,"R",0,"R",0,"R",0
183789,12,"R",144,"R",119,"R",18,"R",7,"R",55,"R",62,"R",0,"R",2,"R",0
183804, 1,"R",6655,"A",,"A",,"R",6655,"A",,"A",,"A",,"A",,"A",
183804, 2,"R",2680,"A",,"A",,"R",2680,"A",,"A",,"A",,"A",,"A",
183804, 3,"R",2680,"A",,"A",,"R",2680,"A",,"A",,"A",,"A",,"A",
183804,12,"R",3975,"A",,"A",,"R",3975,"A",,"A",,"A",,"A",,"A",
183822, 1,"R",1685,"R",35,"R",403,"R",1247,"R",35,"Z",0,"Z",0,"Z",0,"R",0
183822, 2,"R",1662,"R",27,"R",397,"R",1238,"R",27,"Z",0,"Z",0,"Z",0,"R",0
183822, 3,"R",1660,"R",27,"R",397,"R",1236,"R",27,"Z",0,"Z",0,"Z",0,"R",0
183822,11,"R",2,"Z",0,"Z",0,"R",2,"A",,"A",,"A",,"A",,"A",
183822,12,"R",23,"R",8,"R",6,"R",9,"R",8,"Z",0,"Z",0,"Z",0,"R",0
183859, 1,"R",11856,"R",427,"R",1591,"R",9838,"R",418,"R",9,"Z",0,"Z",0,"R",0
183859, 2,"R",11856,"R",427,"R",1591,"R",9838,"R",418,"R",9,"Z",0,"Z",0,"R",0
183859, 3,"R",10097,"R",324,"R",1545,"R",8228,"R",319,"R",5,"Z",0,"Z",0,"R",0
183859,11,"R",1759,"R",103,"R",46,"R",1610,"R",99,"R",4,"Z",0,"Z",0,"R",0
183877, 1,"R",8890,"R",1298,"R",2894,"R",4698,"R",1260,"R",36,"R",1,"R",0,"R",1
183877, 2,"R",8890,"R",1298,"R",2894,"R",4698,"R",1260,"R",36,"R",1,"R",0,"R",1
183877, 3,"R",8134,"R",1078,"R",2761,"R",4295,"R",1048,"R",28,"R",1,"R",0,"R",1
183877,11,"R",756,"R",220,"R",133,"R",403,"R",212,"R",8,"R",0,"R",0,"R",0
183910, 1,"R",2189,"R",108,"R",283,"R",1798,"R",99,"R",8,"R",1,"Z",0,"R",0
183910, 2,"R",1651,"R",21,"R",239,"R",1391,"R",21,"Z",0,"Z",0,"Z",0,"R",0
183910, 3,"R",1625,"R",21,"R",239,"R",1365,"R",21,"Z",0,"Z",0,"Z",0,"R",0
183910,11,"R",26,"Z",0,"Z",0,"R",26,"A",,"A",,"A",,"A",,"A",
183910,12,"R",538,"R",87,"R",44,"R",407,"R",78,"R",8,"R",1,"Z",0,"R",0
183938, 1,"R",9675,"R",1024,"R",1515,"R",7136,"R",956,"R",66,"R",2,"R",0,"R",0
183938, 2,"R",9675,"R",1024,"R",1515,"R",7136,"R",956,"R",66,"R",2,"R",0,"R",0
183938, 3,"R",8285,"R",883,"R",1476,"R",5926,"R",826,"R",55,"R",2,"R",0,"R",0
183938,11,"R",1390,"R",141,"R",39,"R",1210,"R",130,"R",11,"R",0,"R",0,"R",0
183974, 1,"R",1802,"R",201,"R",129,"R",1472,"R",171,"R",29,"R",0,"R",1,"R",0
183974, 2,"R",1266,"R",70,"R",110,"R",1086,"R",55,"R",15,"R",0,"R",0,"R",0
183974, 3,"R",1241,"R",70,"R",110,"R",1061,"R",55,"R",15,"R",0,"R",0,"R",0
183974,11,"R",25,"R",0,"R",0,"R",25,"A",,"A",,"A",,"A",,"A",
183974,12,"R",536,"R",131,"R",19,"R",386,"R",116,"R",14,"R",0,"R",1,"R",0
183983, 1,"R",70,"A",,"A",,"R",70,"A",,"A",,"A",,"A",,"A",
183983, 2,"R",70,"A",,"A",,"R",70,"A",,"A",,"A",,"A",,"A",
183983, 3,"R",70,"A",,"A",,"R",70,"A",,"A",,"A",,"A",,"A",
184047, 1,"R",14,"A",,"A",,"R",14,"A",,"A",,"A",,"A",,"A",
184047, 2,"R",14,"A",,"A",,"R",14,"A",,"A",,"A",,"A",,"A",
184056, 1,"R",459,"A",,"A",,"R",459,"A",,"A",,"A",,"A",,"A",
184056, 2,"R",459,"A",,"A",,"R",459,"A",,"A",,"A",,"A",,"A",
184092, 1,"R",655,"R",0,"R",582,"R",73,"A",,"A",,"A",,"A",,"A",
184092, 2,"R",655,"R",0,"R",582,"R",73,"A",,"A",,"A",,"A",,"A",
184180, 1,"R",7556,"R",268,"R",1404,"R",5884,"R",266,"R",2,"Z",0,"Z",0,"R",0
184180, 2,"R",7556,"R",268,"R",1404,"R",5884,"R",266,"R",2,"Z",0,"Z",0,"R",0
184180, 3,"R",6654,"R",183,"R",1344,"R",5127,"R",183,"Z",0,"Z",0,"Z",0,"R",0
184180,11,"R",902,"R",85,"R",60,"R",757,"R",83,"R",2,"Z",0,"Z",0,"R",0
184205, 1,"R",2934,"R",193,"R",945,"R",1796,"R",190,"R",3,"R",0,"R",0,"R",0
184205, 2,"R",2934,"R",193,"R",945,"R",1796,"R",190,"R",3,"R",0,"R",0,"R",0
184205, 3,"R",2620,"R",173,"R",940,"R",1507,"R",170,"R",3,"R",0,"R",0,"R",0
184205,11,"R",314,"R",20,"R",5,"R",289,"R",20,"R",0,"R",0,"R",0,"R",0
184278, 1,"R",27,"A",,"A",,"R",27,"A",,"A",,"A",,"A",,"A",
184278, 2,"R",27,"A",,"A",,"R",27,"A",,"A",,"A",,"A",,"A",
184348, 1,"R",2263,"R",27,"R",81,"R",2155,"R",4,"R",6,"Z",0,"R",17,"R",0
184348, 2,"R",1668,"A",,"A",,"R",1668,"A",,"A",,"A",,"A",,"A",
184348, 3,"R",1530,"A",,"A",,"R",1530,"A",,"A",,"A",,"A",,"A",
184348,11,"R",138,"A",,"A",,"R",138,"A",,"A",,"A",,"A",,"A",
184348,12,"R",595,"R",27,"R",81,"R",487,"R",4,"R",6,"Z",0,"R",17,"R",0
184427, 1,"R",318,"A",,"A",,"R",318,"A",,"A",,"A",,"A",,"A",
184427, 2,"R",318,"A",,"A",,"R",318,"A",,"A",,"A",,"A",,"A",
184481, 1,"R",7514,"R",122,"R",440,"R",6952,"R",122,"R",0,"R",0,"R",0,"R",0
184481, 2,"R",7514,"R",122,"R",440,"R",6952,"R",122,"R",0,"R",0,"R",0,"R",0
184481, 3,"R",7014,"R",98,"R",431,"R",6485,"R",98,"R",0,"R",0,"R",0,"R",0
184481,11,"R",500,"R",24,"R",9,"R",467,"R",24,"R",0,"R",0,"R",0,"R",0
184506, 1,"R",113,"A",,"A",,"R",113,"A",,"A",,"A",,"A",,"A",
184506, 2,"R",113,"A",,"A",,"R",113,"A",,"A",,"A",,"A",,"A",
184603, 1,"R",7871,"R",542,"R",948,"R",6381,"R",411,"R",126,"Z",0,"R",5,"R",0
184603, 2,"R",5860,"R",221,"R",688,"R",4951,"R",177,"R",44,"Z",0,"Z",0,"R",0
184603, 3,"R",3245,"R",218,"R",685,"R",2342,"R",174,"R",44,"Z",0,"Z",0,"R",0
184603,11,"R",2615,"R",3,"R",3,"R",2609,"R",3,"R",0,"Z",0,"Z",0,"R",0
184603,12,"R",2011,"R",321,"R",260,"R",1430,"R",234,"R",82,"Z",0,"R",5,"R",0
184612, 1,"R",2004,"R",190,"R",707,"R",1107,"R",169,"R",20,"R",0,"R",1,"R",0
184612, 2,"R",1624,"R",40,"R",644,"R",940,"R",36,"R",4,"R",0,"R",0,"R",0
184612, 3,"R",1617,"R",39,"R",644,"R",934,"R",36,"R",3,"R",0,"R",0,"R",0
184612,11,"R",7,"R",1,"R",0,"R",6,"R",0,"R",1,"R",0,"R",0,"R",0
184612,12,"R",380,"R",150,"R",63,"R",167,"R",133,"R",16,"R",0,"R",1,"R",0
184694, 1,"R",3483,"R",36,"R",314,"R",3133,"R",26,"R",10,"R",0,"R",0,"R",0
184694, 2,"R",2730,"R",7,"R",234,"R",2489,"R",6,"R",1,"R",0,"R",0,"R",0
184694, 3,"R",2713,"R",6,"R",232,"R",2475,"R",5,"R",1,"R",0,"R",0,"R",0
184694,11,"R",17,"R",1,"R",2,"R",14,"R",1,"R",0,"R",0,"R",0,"R",0
184694,12,"R",753,"R",29,"R",80,"R",644,"R",20,"R",9,"R",0,"R",0,"R",0
184746, 1,"R",214,"A",,"A",,"R",214,"A",,"A",,"A",,"A",,"A",
184746, 2,"R",214,"A",,"A",,"R",214,"A",,"A",,"A",,"A",,"A",
184773, 1,"R",2458,"R",179,"R",855,"R",1424,"R",159,"R",19,"R",0,"R",1,"R",0
184773, 2,"R",1783,"R",34,"R",758,"R",991,"R",28,"R",5,"R",0,"R",1,"R",0
184773, 3,"R",1574,"R",22,"R",758,"R",794,"R",19,"R",3,"R",0,"R",0,"R",0
184773,11,"R",209,"R",12,"R",0,"R",197,"R",9,"R",2,"R",0,"R",1,"R",0
184773,12,"R",675,"R",145,"R",97,"R",433,"R",131,"R",14,"R",0,"R",0,"R",0
184782, 1,"R",19465,"R",1524,"R",4688,"R",13253,"R",1400,"R",99,"R",25,"Z",0,"R",0
184782, 2,"R",16120,"R",532,"R",4484,"R",11104,"R",477,"R",50,"R",5,"Z",0,"R",0
184782, 3,"R",15755,"R",499,"R",4423,"R",10833,"R",444,"R",50,"R",5,"Z",0,"R",0
184782,11,"R",365,"R",33,"R",61,"R",271,"R",33,"Z",0,"Z",0,"Z",0,"R",0
184782,12,"R",3345,"R",992,"R",204,"R",2149,"R",923,"R",49,"R",20,"Z",0,"R",0
184791, 1,"R",7130,"R",449,"R",1854,"R",4827,"R",447,"R",2,"R",0,"R",0,"R",0
184791, 2,"R",7130,"R",449,"R",1854,"R",4827,"R",447,"R",2,"R",0,"R",0,"R",0
184791, 3,"R",5942,"R",350,"R",1735,"R",3857,"R",348,"R",2,"R",0,"R",0,"R",0
184791,11,"R",1188,"R",99,"R",119,"R",970,"R",99,"R",0,"R",0,"R",0,"R",0
184816, 1,"R",71,"A",,"A",,"R",71,"A",,"A",,"A",,"A",,"A",
184816, 2,"R",71,"A",,"A",,"R",71,"A",,"A",,"A",,"A",,"A",
184870, 1,"R",191,"A",,"A",,"R",191,"A",,"A",,"A",,"A",,"A",
184870, 2,"R",191,"A",,"A",,"R",191,"A",,"A",,"A",,"A",,"A",
184959, 1,"R",740,"A",,"A",,"R",740,"A",,"A",,"A",,"A",,"A",
184959, 2,"R",740,"A",,"A",,"R",740,"A",,"A",,"A",,"A",,"A",
184959, 3,"R",737,"A",,"A",,"R",737,"A",,"A",,"A",,"A",,"A",
184959,11,"R",3,"A",,"A",,"R",3,"A",,"A",,"A",,"A",,"A",
184968, 1,"R",151,"A",,"A",,"R",151,"A",,"A",,"A",,"A",,"A",
184968, 2,"R",151,"A",,"A",,"R",151,"A",,"A",,"A",,"A",,"A",
184995, 1,"R",8408,"R",197,"R",1324,"R",6887,"R",193,"R",4,"Z",0,"Z",0,"R",0
184995, 2,"R",8408,"R",197,"R",1324,"R",6887,"R",193,"R",4,"Z",0,"Z",0,"R",0
184995, 3,"R",7540,"R",153,"R",1267,"R",6120,"R",151,"R",2,"Z",0,"Z",0,"R",0
184995,11,"R",868,"R",44,"R",57,"R",767,"R",42,"R",2,"Z",0,"Z",0,"R",0
185129, 1,"R",7991,"R",781,"R",1951,"R",5259,"R",756,"R",23,"R",2,"Z",0,"R",0
185129, 2,"R",6237,"R",132,"R",1753,"R",4352,"R",127,"R",4,"R",1,"Z",0,"R",0
185129, 3,"R",6121,"R",125,"R",1739,"R",4257,"R",120,"R",4,"R",1,"Z",0,"R",0
185129,11,"R",116,"R",7,"R",14,"R",95,"R",7,"R",0,"Z",0,"Z",0,"R",0
185129,12,"R",1754,"R",649,"R",198,"R",907,"R",629,"R",19,"R",1,"Z",0,"R",0
185174, 1,"R",86,"A",,"A",,"R",86,"A",,"A",,"A",,"A",,"A",
185174, 2,"R",86,"A",,"A",,"R",86,"A",,"A",,"A",,"A",,"A",
185262, 1,"R",14056,"R",491,"R",826,"R",12739,"R",478,"R",13,"R",0,"R",0,"R",0
185262, 2,"R",11824,"R",380,"R",781,"R",10663,"R",376,"R",4,"R",0,"R",0,"R",0
185262, 3,"R",11679,"R",377,"R",781,"R",10521,"R",373,"R",4,"R",0,"R",0,"R",0
185262,11,"R",145,"R",3,"R",0,"R",142,"R",3,"R",0,"R",0,"R",0,"R",0
185262,12,"R",2232,"R",111,"R",45,"R",2076,"R",102,"R",9,"R",0,"R",0,"R",0
185332, 1,"R",274,"A",,"A",,"R",274,"A",,"A",,"A",,"A",,"A",
185332, 2,"R",274,"A",,"A",,"R",274,"A",,"A",,"A",,"A",,"A",
185396, 1,"R",1368,"A",,"A",,"R",1368,"A",,"A",,"A",,"A",,"A",
185396, 2,"R",1368,"A",,"A",,"R",1368,"A",,"A",,"A",,"A",,"A",
185466, 1,"R",295,"A",,"A",,"R",295,"A",,"A",,"A",,"A",,"A",
185466, 2,"R",295,"A",,"A",,"R",295,"A",,"A",,"A",,"A",,"A",
185509, 1,"R",7686,"R",497,"R",1080,"R",6109,"R",473,"R",24,"R",0,"R",0,"R",0
185509, 2,"R",7686,"R",497,"R",1080,"R",6109,"R",473,"R",24,"R",0,"R",0,"R",0
185509, 3,"R",6530,"R",367,"R",986,"R",5177,"R",345,"R",22,"R",0,"R",0,"R",0
185509,11,"R",1156,"R",130,"R",94,"R",932,"R",128,"R",2,"R",0,"R",0,"R",0
185536, 1,"R",10894,"R",467,"R",1629,"R",8798,"R",464,"R",2,"R",1,"Z",0,"R",0
185536, 2,"R",10894,"R",467,"R",1629,"R",8798,"R",464,"R",2,"R",1,"Z",0,"R",0
185536, 3,"R",9999,"R",365,"R",1577,"R",8057,"R",364,"R",1,"R",0,"Z",0,"R",0
185536,11,"R",895,"R",102,"R",52,"R",741,"R",100,"R",1,"R",1,"Z",0,"R",0
185572, 1,"R",6167,"R",186,"R",588,"R",5393,"R",177,"R",9,"R",0,"R",0,"R",0
185572, 2,"R",4630,"R",5,"R",339,"R",4286,"R",5,"Z",0,"Z",0,"Z",0,"R",0
185572, 3,"R",4595,"R",3,"R",339,"R",4253,"R",3,"Z",0,"Z",0,"Z",0,"R",0
185572,11,"R",35,"R",2,"R",0,"R",33,"R",2,"Z",0,"Z",0,"Z",0,"R",0
185572,12,"R",1537,"R",181,"R",249,"R",1107,"R",172,"R",9,"R",0,"R",0,"R",0
185590, 1,"R",21115,"R",890,"R",4951,"R",15274,"R",827,"R",59,"R",3,"R",1,"R",0
185590, 2,"R",16988,"R",168,"R",4425,"R",12395,"R",164,"R",2,"R",2,"R",0,"R",0
185590, 3,"R",16812,"R",167,"R",4418,"R",12227,"R",163,"R",2,"R",2,"R",0,"R",0
185590,11,"R",176,"R",1,"R",7,"R",168,"R",1,"R",0,"R",0,"R",0,"R",0
185590,12,"R",4127,"R",722,"R",526,"R",2879,"R",663,"R",57,"R",1,"R",1,"R",0
185651, 1,"R",70,"R",1,"R",36,"R",33,"R",1,"Z",0,"Z",0,"Z",0,"R",0
185651, 2,"R",70,"R",1,"R",36,"R",33,"R",1,"Z",0,"Z",0,"Z",0,"R",0
185679, 1,"R",587,"R",18,"R",88,"R",481,"R",17,"R",1,"R",0,"R",0,"R",0
185679, 2,"R",587,"R",18,"R",88,"R",481,"R",17,"R",1,"R",0,"R",0,"R",0
185721, 1,"R",487,"A",,"A",,"R",487,"A",,"A",,"A",,"A",,"A",
185721, 2,"R",487,"A",,"A",,"R",487,"A",,"A",,"A",,"A",,"A",
185721, 3,"R",486,"A",,"A",,"R",486,"A",,"A",,"A",,"A",,"A",
185721,11,"R",1,"A",,"A",,"R",1,"A",,"A",,"A",,"A",,"A",
185758, 1,"R",128,"A",,"A",,"R",128,"A",,"A",,"A",,"A",,"A",
185758,12,"R",128,"A",,"A",,"R",128,"A",,"A",,"A",,"A",,"A",
185767, 1,"R",64,"A",,"A",,"R",64,"A",,"A",,"A",,"A",,"A",
185767, 2,"R",64,"A",,"A",,"R",64,"A",,"A",,"A",,"A",,"A",
185828, 1,"R",11423,"R",628,"R",2782,"R",8013,"R",528,"R",95,"R",0,"R",5,"R",0
185828, 2,"R",8532,"R",30,"R",2184,"R",6318,"R",29,"R",1,"R",0,"R",0,"R",0
185828, 3,"R",7820,"R",29,"R",2177,"R",5614,"R",28,"R",1,"R",0,"R",0,"R",0
185828,11,"R",712,"R",1,"R",7,"R",704,"R",1,"R",0,"R",0,"R",0,"R",0
185828,12,"R",2891,"R",598,"R",598,"R",1695,"R",499,"R",94,"R",0,"R",5,"R",0
185873, 1,"R",8176,"R",1367,"R",1331,"R",5478,"R",1019,"R",225,"R",0,"R",123,"R",0
185873, 2,"R",8176,"R",1367,"R",1331,"R",5478,"R",1019,"R",225,"R",0,"R",123,"R",0
185873, 3,"R",7026,"R",861,"R",1266,"R",4899,"R",776,"R",47,"R",0,"R",38,"R",0
185873,11,"R",1150,"R",506,"R",65,"R",579,"R",243,"R",178,"R",0,"R",85,"R",0
185970, 1,"R",132,"A",,"A",,"R",132,"A",,"A",,"A",,"A",,"A",
185970, 2,"R",132,"A",,"A",,"R",132,"A",,"A",,"A",,"A",,"A",
186016, 1,"R",412,"A",,"A",,"R",412,"A",,"A",,"A",,"A",,"A",
186016, 2,"R",412,"A",,"A",,"R",412,"A",,"A",,"A",,"A",,"A",
186034, 1,"R",6480,"R",252,"R",700,"R",5528,"R",250,"R",2,"R",0,"R",0,"R",0
186034, 2,"R",6480,"R",252,"R",700,"R",5528,"R",250,"R",2,"R",0,"R",0,"R",0
186034, 3,"R",5964,"R",211,"R",675,"R",5078,"R",210,"R",1,"R",0,"R",0,"R",0
186034,11,"R",516,"R",41,"R",25,"R",450,"R",40,"R",1,"Z",0,"R",0,"R",0
186052, 1,"R",558,"A",,"A",,"R",558,"A",,"A",,"A",,"A",,"A",
186052, 2,"R",558,"A",,"A",,"R",558,"A",,"A",,"A",,"A",,"A",
186122, 1,"R",441,"A",,"A",,"R",441,"A",,"A",,"A",,"A",,"A",
186122,12,"R",441,"A",,"A",,"R",441,"A",,"A",,"A",,"A",,"A",
186131, 1,"R",8374,"A",,"A",,"R",8374,"A",,"A",,"A",,"A",,"A",
186131, 2,"R",5428,"A",,"A",,"R",5428,"A",,"A",,"A",,"A",,"A",
186131, 3,"R",5301,"A",,"A",,"R",5301,"A",,"A",,"A",,"A",,"A",
186131,11,"R",127,"A",,"A",,"R",127,"A",,"A",,"A",,"A",,"A",
186131,12,"R",2946,"A",,"A",,"R",2946,"A",,"A",,"A",,"A",,"A",
186186, 1,"R",230,"A",,"A",,"R",230,"A",,"A",,"A",,"A",,"A",
186186, 2,"R",224,"A",,"A",,"R",224,"A",,"A",,"A",,"A",,"A",
186186, 3,"R",224,"A",,"A",,"R",224,"A",,"A",,"A",,"A",,"A",
186186,12,"R",6,"A",,"A",,"R",6,"A",,"A",,"A",,"A",,"A",
186201, 1,"R",6174,"R",132,"R",653,"R",5389,"R",125,"R",7,"R",0,"Z",0,"R",0
186201, 2,"R",5609,"R",116,"R",563,"R",4930,"R",109,"R",7,"R",0,"Z",0,"R",0
186201, 3,"R",5262,"R",109,"R",562,"R",4591,"R",104,"R",5,"R",0,"Z",0,"R",0
186201,11,"R",347,"R",7,"R",1,"R",339,"R",5,"R",2,"R",0,"Z",0,"R",0
186201,12,"R",565,"R",16,"R",90,"R",459,"R",16,"R",0,"R",0,"Z",0,"R",0
186274, 1,"R",102,"A",,"A",,"R",102,"A",,"A",,"A",,"A",,"A",
186274, 2,"R",102,"A",,"A",,"R",102,"A",,"A",,"A",,"A",,"A",
186283, 1,"R",4824,"R",349,"R",813,"R",3662,"R",277,"R",70,"R",0,"R",2,"R",0
186283, 2,"R",3920,"R",79,"R",661,"R",3180,"R",59,"R",20,"R",0,"R",0,"R",0
186283, 3,"R",3830,"R",78,"R",659,"R",3093,"R",59,"R",19,"R",0,"R",0,"R",0
186283,11,"R",90,"R",1,"R",2,"R",87,"R",0,"R",1,"R",0,"R",0,"R",0
186283,12,"R",904,"R",270,"R",152,"R",482,"R",218,"R",50,"R",0,"R",2,"R",0
186371, 1,"R",7171,"R",838,"R",1950,"R",4383,"Z",0,"Z",0,"R",838,"Z",0,"R",0
186371, 2,"R",5776,"R",498,"R",1903,"R",3375,"Z",0,"Z",0,"R",498,"Z",0,"R",0
186371, 3,"R",5618,"R",495,"R",1900,"R",3223,"Z",0,"Z",0,"R",495,"Z",0,"R",0
186371,11,"R",158,"R",3,"R",3,"R",152,"Z",0,"Z",0,"R",3,"Z",0,"R",0
186371,12,"R",1395,"R",340,"R",47,"R",1008,"Z",0,"Z",0,"R",340,"Z",0,"R",0
186380, 1,"R",50254,"R",2501,"R",10368,"R",37385,"Z",0,"Z",0,"R",2501,"Z",0,"R",0
186380, 2,"R",36039,"R",347,"R",9061,"R",26631,"Z",0,"Z",0,"R",347,"Z",0,"R",0
186380, 3,"R",35656,"R",320,"R",9049,"R",26287,"Z",0,"Z",0,"R",320,"Z",0,"R",0
186380,11,"R",383,"R",27,"R",12,"R",344,"Z",0,"Z",0,"R",27,"Z",0,"R",0
186380,12,"R",14215,"R",2154,"R",1307,"R",10754,"Z",0,"Z",0,"R",2154,"Z",0,"R",0
186399, 1,"R",13451,"R",616,"R",1198,"R",11637,"Z",0,"Z",0,"R",616,"Z",0,"R",0
186399, 2,"R",9142,"R",93,"R",851,"R",8198,"Z",0,"Z",0,"R",93,"Z",0,"R",0
186399, 3,"R",8761,"R",93,"R",850,"R",7818,"Z",0,"Z",0,"R",93,"Z",0,"R",0
186399,11,"R",381,"R",0,"R",1,"R",380,"A",,"A",,"A",,"A",,"A",
186399,12,"R",4309,"R",523,"R",347,"R",3439,"Z",0,"Z",0,"R",523,"Z",0,"R",0
186405, 1,"R",15,"A",,"A",,"R",15,"A",,"A",,"A",,"A",,"A",
186405, 2,"R",15,"A",,"A",,"R",15,"A",,"A",,"A",,"A",,"A",
186423, 1,"R",85,"A",,"A",,"R",85,"A",,"A",,"A",,"A",,"A",
186423, 2,"R",85,"A",,"A",,"R",85,"A",,"A",,"A",,"A",,"A",
186432, 1,"R",3452,"R",254,"R",577,"R",2621,"R",233,"R",21,"R",0,"R",0,"R",0
186432, 2,"R",2641,"R",158,"R",410,"R",2073,"R",144,"R",14,"R",0,"R",0,"R",0
186432, 3,"R",2512,"R",127,"R",404,"R",1981,"R",113,"R",14,"R",0,"R",0,"R",0
186432,11,"R",129,"R",31,"R",6,"R",92,"R",31,"R",0,"R",0,"R",0,"R",0
186432,12,"R",811,"R",96,"R",167,"R",548,"R",89,"R",7,"R",0,"R",0,"R",0
186469, 1,"R",879,"R",62,"R",275,"R",542,"R",48,"R",14,"R",0,"R",0,"R",0
186469, 2,"R",879,"R",62,"R",275,"R",542,"R",48,"R",14,"R",0,"R",0,"R",0
186469, 3,"R",804,"R",57,"R",269,"R",478,"R",43,"R",14,"R",0,"R",0,"R",0
186469,11,"R",75,"R",5,"R",6,"R",64,"R",5,"R",0,"R",0,"R",0,"R",0
186584, 1,"R",10162,"R",872,"R",1377,"R",7913,"R",508,"R",360,"R",3,"R",1,"R",0
186584, 2,"R",6136,"R",8,"R",904,"R",5224,"R",3,"R",5,"Z",0,"Z",0,"R",0
186584, 3,"R",5919,"R",8,"R",904,"R",5007,"R",3,"R",5,"Z",0,"Z",0,"R",0
186584,11,"R",217,"R",0,"R",0,"R",217,"A",,"A",,"A",,"A",,"A",
186584,12,"R",4026,"R",864,"R",473,"R",2689,"R",505,"R",355,"R",3,"R",1,"R",0
186593, 1,"R",115,"A",,"A",,"R",115,"A",,"A",,"A",,"A",,"A",
186593, 2,"R",115,"A",,"A",,"R",115,"A",,"A",,"A",,"A",,"A",
186618, 1,"R",1186,"R",109,"R",203,"R",874,"R",97,"R",12,"R",0,"R",0,"R",0
186618, 2,"R",800,"R",12,"R",144,"R",644,"R",12,"R",0,"R",0,"R",0,"R",0
186618, 3,"R",751,"R",11,"R",144,"R",596,"R",11,"R",0,"R",0,"R",0,"R",0
186618,11,"R",49,"R",1,"R",0,"R",48,"R",1,"R",0,"R",0,"R",0,"R",0
186618,12,"R",386,"R",97,"R",59,"R",230,"R",85,"R",12,"R",0,"R",0,"R",0
186645, 1,"R",7887,"R",362,"R",1193,"R",6332,"R",353,"R",9,"Z",0,"Z",0,"R",0
186645, 2,"R",7887,"R",362,"R",1193,"R",6332,"R",353,"R",9,"Z",0,"Z",0,"R",0
186645, 3,"R",6491,"R",288,"R",1149,"R",5054,"R",281,"R",7,"Z",0,"Z",0,"R",0
186645,11,"R",1396,"R",74,"R",44,"R",1278,"R",72,"R",2,"Z",0,"Z",0,"R",0
186867, 1,"R",6929,"R",545,"R",1377,"R",5007,"R",270,"R",18,"R",0,"R",0,"R",257
186867, 2,"R",3431,"R",0,"R",358,"R",3073,"A",,"A",,"A",,"A",,"A",
186867, 3,"R",3420,"R",0,"R",358,"R",3062,"A",,"A",,"A",,"A",,"A",
186867,11,"R",11,"R",0,"R",0,"R",11,"A",,"A",,"A",,"A",,"A",
186867,12,"R",3498,"R",545,"R",1019,"R",1934,"R",270,"R",18,"R",0,"R",0,"R",257
186876, 1,"R",9621,"R",333,"R",2167,"R",7121,"R",314,"R",13,"R",0,"R",6,"R",0
186876, 2,"R",8604,"R",63,"R",2074,"R",6467,"R",62,"R",1,"R",0,"R",0,"R",0
186876, 3,"R",8569,"R",61,"R",2073,"R",6435,"R",60,"R",1,"R",0,"R",0,"R",0
186876,11,"R",35,"R",2,"R",1,"R",32,"R",2,"R",0,"R",0,"R",0,"R",0
186876,12,"R",1017,"R",270,"R",93,"R",654,"R",252,"R",12,"R",0,"R",6,"R",0
186900, 1,"R",58,"A",,"A",,"R",58,"A",,"A",,"A",,"A",,"A",
186900, 2,"R",58,"A",,"A",,"R",58,"A",,"A",,"A",,"A",,"A",
186900, 3,"R",58,"A",,"A",,"R",58,"A",,"A",,"A",,"A",,"A",
187000, 1,"R",233,"A",,"A",,"R",233,"A",,"A",,"A",,"A",,"A",
187000, 2,"R",233,"A",,"A",,"R",233,"A",,"A",,"A",,"A",,"A",
187046, 1,"R",10934,"R",10836,"R",98,"R",0,"R",4344,"R",6265,"Z",0,"R",67,"R",160
187046, 2,"R",10217,"R",10140,"R",77,"R",0,"R",3835,"R",6088,"Z",0,"R",65,"R",152
187046, 3,"R",9883,"R",9806,"R",77,"R",0,"R",3773,"R",5824,"Z",0,"R",58,"R",151
187046,11,"R",334,"R",334,"R",0,"R",0,"R",62,"R",264,"Z",0,"R",7,"R",1
187046,12,"R",717,"R",696,"R",21,"R",0,"R",509,"R",177,"Z",0,"R",2,"R",8
187134, 1,"R",7686,"R",0,"R",306,"R",7380,"A",,"A",,"A",,"A",,"A",
187134, 2,"R",7048,"R",0,"R",183,"R",6865,"A",,"A",,"A",,"A",,"A",
187134, 3,"R",6886,"R",0,"R",183,"R",6703,"A",,"A",,"A",,"A",,"A",
187134,11,"R",162,"Z",0,"Z",0,"R",162,"A",,"A",,"A",,"A",,"A",
187134,12,"R",638,"Z",0,"R",123,"R",515,"A",,"A",,"A",,"A",,"A",
187198, 1,"R",9412,"R",486,"R",1655,"R",7271,"R",466,"R",20,"R",0,"R",0,"R",0
187198, 2,"R",9412,"R",486,"R",1655,"R",7271,"R",466,"R",20,"R",0,"R",0,"R",0
187198, 3,"R",8975,"R",433,"R",1626,"R",6916,"R",414,"R",19,"R",0,"R",0,"R",0
187198,11,"R",437,"R",53,"R",29,"R",355,"R",52,"R",1,"R",0,"R",0,"R",0
187444, 1,"R",10198,"R",545,"R",2328,"R",7325,"R",529,"R",15,"R",1,"R",0,"R",0
187444, 2,"R",8735,"R",357,"R",2261,"R",6117,"R",346,"R",10,"R",1,"R",0,"R",0
187444, 3,"R",8643,"R",356,"R",2259,"R",6028,"R",345,"R",10,"R",1,"R",0,"R",0
187444,11,"R",92,"R",1,"R",2,"R",89,"R",1,"R",0,"R",0,"R",0,"R",0
187444,12,"R",1463,"R",188,"R",67,"R",1208,"R",183,"R",5,"R",0,"R",0,"R",0
187505, 1,"R",742,"A",,"A",,"R",742,"A",,"A",,"A",,"A",,"A",
187505, 2,"R",742,"A",,"A",,"R",742,"A",,"A",,"A",,"A",,"A",
187532, 1,"R",23553,"R",4221,"R",5660,"R",13672,"R",4064,"R",157,"Z",0,"Z",0,"R",0
187532, 2,"R",23553,"R",4221,"R",5660,"R",13672,"R",4064,"R",157,"Z",0,"Z",0,"R",0
187532, 3,"R",19052,"R",2593,"R",5163,"R",11296,"R",2462,"R",131,"Z",0,"Z",0,"R",0
187532,11,"R",4501,"R",1628,"R",497,"R",2376,"R",1602,"R",26,"Z",0,"Z",0,"R",0
187596, 1,"R",1600,"R",0,"R",267,"R",1333,"A",,"A",,"A",,"A",,"A",
187596, 2,"R",1595,"R",0,"R",267,"R",1328,"A",,"A",,"A",,"A",,"A",
187596, 3,"R",1172,"R",0,"R",256,"R",916,"A",,"A",,"A",,"A",,"A",
187596,11,"R",423,"R",0,"R",11,"R",412,"A",,"A",,"A",,"A",,"A",
187596,12,"R",5,"A",,"A",,"R",5,"A",,"A",,"A",,"A",,"A",
187620, 1,"R",7876,"R",1255,"R",1829,"R",4792,"R",1123,"R",130,"Z",0,"R",2,"R",0
187620, 2,"R",7876,"R",1255,"R",1829,"R",4792,"R",1123,"R",130,"Z",0,"R",2,"R",0
187620, 3,"R",5472,"R",731,"R",1672,"R",3069,"R",683,"R",47,"Z",0,"R",1,"R",0
187620,11,"R",2404,"R",524,"R",157,"R",1723,"R",440,"R",83,"Z",0,"R",1,"R",0
187639, 1,"R",3107,"R",1013,"R",584,"R",1510,"R",615,"R",375,"Z",0,"R",14,"R",9
187639, 2,"R",3107,"R",1013,"R",584,"R",1510,"R",615,"R",375,"Z",0,"R",14,"R",9
187639, 3,"R",1879,"R",711,"R",458,"R",710,"R",417,"R",288,"Z",0,"R",6,"R",0
187639,11,"R",1228,"R",302,"R",126,"R",800,"R",198,"R",87,"Z",0,"R",8,"R",9
187648, 1,"R",6005,"R",2672,"R",1484,"R",1849,"R",1989,"R",671,"R",10,"R",2,"R",0
187648, 2,"R",4700,"R",1693,"R",1297,"R",1710,"R",1289,"R",399,"R",4,"R",1,"R",0
187648, 3,"R",3347,"R",1273,"R",1249,"R",825,"R",896,"R",372,"R",4,"R",1,"R",0
187648,11,"R",1353,"R",420,"R",48,"R",885,"R",393,"R",27,"R",0,"R",0,"R",0
187648,12,"R",1305,"R",979,"R",187,"R",139,"R",700,"R",272,"R",6,"R",1,"R",0
187666, 1,"R",2427,"R",618,"R",575,"R",1234,"R",513,"R",62,"R",35,"R",1,"R",7
187666, 2,"R",2427,"R",618,"R",575,"R",1234,"R",513,"R",62,"R",35,"R",1,"R",7
187666, 3,"R",1399,"R",325,"R",465,"R",609,"R",245,"R",53,"R",19,"R",1,"R",7
187666,11,"R",1028,"R",293,"R",110,"R",625,"R",268,"R",9,"R",16,"R",0,"R",0
187745, 1,"R",589,"R",29,"R",103,"R",457,"R",10,"R",19,"R",0,"R",0,"R",0
187745, 2,"R",543,"R",27,"R",59,"R",457,"R",9,"R",18,"R",0,"R",0,"R",0
187745, 3,"R",327,"R",26,"R",59,"R",242,"R",9,"R",17,"R",0,"R",0,"R",0
187745,11,"R",216,"R",1,"R",0,"R",215,"R",0,"R",1,"R",0,"R",0,"R",0
187745,12,"R",46,"R",2,"R",44,"R",0,"R",1,"R",1,"R",0,"R",0,"R",0
187897, 1,"R",3037,"R",1014,"R",609,"R",1414,"R",952,"R",62,"R",0,"R",0,"R",0
187897, 2,"R",1868,"R",575,"R",379,"R",914,"R",540,"R",35,"R",0,"R",0,"R",0
187897, 3,"R",1778,"R",571,"R",376,"R",831,"R",537,"R",34,"R",0,"R",0,"R",0
187897,11,"R",90,"R",4,"R",3,"R",83,"R",3,"R",1,"R",0,"R",0,"R",0
187897,12,"R",1169,"R",439,"R",230,"R",500,"R",412,"R",27,"R",0,"R",0,"R",0
187903, 1,"R",2247,"R",295,"R",1952,"R",0,"R",257,"R",38,"R",0,"R",0,"R",0
187903, 2,"R",2247,"R",295,"R",1952,"R",0,"R",257,"R",38,"R",0,"R",0,"R",0
187903, 3,"R",1710,"R",168,"R",1542,"R",0,"R",152,"R",16,"R",0,"R",0,"R",0
187903,11,"R",537,"R",127,"R",410,"R",0,"R",105,"R",22,"Z",0,"R",0,"R",0
187912, 1,"R",412,"A",,"A",,"R",412,"A",,"A",,"A",,"A",,"A",
187912, 2,"R",412,"A",,"A",,"R",412,"A",,"A",,"A",,"A",,"A",
187912, 3,"R",412,"A",,"A",,"R",412,"A",,"A",,"A",,"A",,"A",
187958, 1,"R",2190,"R",137,"R",338,"R",1715,"R",120,"R",17,"R",0,"R",0,"R",0
187958, 2,"R",2190,"R",137,"R",338,"R",1715,"R",120,"R",17,"R",0,"R",0,"R",0
187958, 3,"R",1565,"R",127,"R",285,"R",1153,"R",111,"R",16,"R",0,"R",0,"R",0
187958,11,"R",625,"R",10,"R",53,"R",562,"R",9,"R",1,"R",0,"R",0,"R",0
187967, 1,"R",1895,"R",71,"R",45,"R",1779,"R",52,"R",18,"R",1,"R",0,"R",0
187967, 2,"R",1412,"R",1,"R",24,"R",1387,"R",1,"R",0,"R",0,"R",0,"R",0
187967, 3,"R",1333,"R",1,"R",24,"R",1308,"R",1,"R",0,"R",0,"R",0,"R",0
187967,11,"R",79,"R",0,"R",0,"R",79,"A",,"A",,"A",,"A",,"A",
187967,12,"R",483,"R",70,"R",21,"R",392,"R",51,"R",18,"R",1,"R",0,"R",0
187976, 1,"R",871,"R",468,"R",168,"R",235,"R",440,"R",28,"R",0,"R",0,"R",0
187976, 2,"R",871,"R",468,"R",168,"R",235,"R",440,"R",28,"R",0,"R",0,"R",0
187976, 3,"R",666,"R",390,"R",149,"R",127,"R",365,"R",25,"R",0,"R",0,"R",0
187976,11,"R",205,"R",78,"R",19,"R",108,"R",75,"R",3,"R",0,"R",0,"R",0
187985, 1,"R",24319,"R",2144,"R",7371,"R",14804,"R",1932,"R",207,"R",2,"R",3,"R",0
187985, 2,"R",18621,"R",1761,"R",6790,"R",10070,"R",1585,"R",173,"R",2,"R",1,"R",0
187985, 3,"R",17321,"R",1563,"R",6700,"R",9058,"R",1403,"R",158,"R",1,"R",1,"R",0
187985,11,"R",1300,"R",198,"R",90,"R",1012,"R",182,"R",15,"R",1,"R",0,"R",0
187985,12,"R",5698,"R",383,"R",581,"R",4734,"R",347,"R",34,"R",0,"R",2,"R",0
187994, 1,"R",1636,"R",794,"R",375,"R",467,"R",692,"R",95,"R",0,"R",7,"R",0
187994, 2,"R",1636,"R",794,"R",375,"R",467,"R",692,"R",95,"R",0,"R",7,"R",0
187994, 3,"R",682,"R",142,"R",298,"R",242,"R",135,"R",5,"R",0,"R",2,"R",0
187994,11,"R",954,"R",652,"R",77,"R",225,"R",557,"R",90,"R",0,"R",5,"R",0
188003, 1,"R",1791,"R",516,"R",358,"R",917,"R",452,"R",62,"Z",0,"R",2,"R",0
188003, 2,"R",1791,"R",516,"R",358,"R",917,"R",452,"R",62,"Z",0,"R",2,"R",0
188003, 3,"R",606,"R",144,"R",268,"R",194,"R",142,"R",2,"Z",0,"Z",0,"R",0
188003,11,"R",1185,"R",372,"R",90,"R",723,"R",310,"R",60,"Z",0,"R",2,"R",0
188021, 1,"R",996,"R",693,"R",182,"R",121,"R",646,"R",46,"Z",0,"R",1,"R",0
188021, 2,"R",996,"R",693,"R",182,"R",121,"R",646,"R",46,"Z",0,"R",1,"R",0
188021, 3,"R",274,"R",70,"R",152,"R",52,"R",70,"Z",0,"Z",0,"Z",0,"R",0
188021,11,"R",722,"R",623,"R",30,"R",69,"R",576,"R",46,"Z",0,"R",1,"R",0
188030, 1,"R",14289,"R",1602,"R",4521,"R",8166,"R",1165,"R",391,"Z",0,"R",10,"R",36
188030, 2,"R",11687,"R",951,"R",4117,"R",6619,"R",767,"R",151,"Z",0,"R",3,"R",30
188030, 3,"R",11139,"R",888,"R",4097,"R",6154,"R",714,"R",144,"Z",0,"R",3,"R",27
188030,11,"R",548,"R",63,"R",20,"R",465,"R",53,"R",7,"Z",0,"Z",0,"R",3
188030,12,"R",2602,"R",651,"R",404,"R",1547,"R",398,"R",240,"Z",0,"R",7,"R",6
188049, 1,"R",2041,"R",1059,"R",416,"R",566,"R",1023,"R",31,"R",0,"R",0,"R",5
188049, 2,"R",2041,"R",1059,"R",416,"R",566,"R",1023,"R",31,"R",0,"R",0,"R",5
188049, 3,"R",1266,"R",388,"R",388,"R",490,"R",358,"R",30,"R",0,"R",0,"R",0
188049,11,"R",775,"R",671,"R",28,"R",76,"R",665,"R",1,"R",0,"R",0,"R",5
188058, 1,"R",926,"R",41,"R",360,"R",525,"R",39,"R",1,"R",0,"R",1,"R",0
188058, 2,"R",926,"R",41,"R",360,"R",525,"R",39,"R",1,"R",0,"R",1,"R",0
188058, 3,"R",878,"R",36,"R",353,"R",489,"R",34,"R",1,"Z",0,"R",1,"R",0
188058,11,"R",48,"R",5,"R",7,"R",36,"R",5,"R",0,"R",0,"Z",0,"R",0
188100, 1,"R",6679,"R",1944,"R",1027,"R",3708,"R",888,"R",1044,"R",9,"R",3,"R",0
188100, 2,"R",6679,"R",1944,"R",1027,"R",3708,"R",888,"R",1044,"R",9,"R",3,"R",0
188100, 3,"R",4790,"R",1567,"R",870,"R",2353,"R",601,"R",957,"R",6,"R",3,"R",0
188100,11,"R",1889,"R",377,"R",157,"R",1355,"R",287,"R",87,"R",3,"R",0,"R",0
188137, 1,"R",4207,"R",658,"R",833,"R",2716,"R",634,"R",24,"R",0,"R",0,"R",0
188137, 2,"R",4207,"R",658,"R",833,"R",2716,"R",634,"R",24,"R",0,"R",0,"R",0
188137, 3,"R",2820,"R",528,"R",751,"R",1541,"R",509,"R",19,"R",0,"R",0,"R",0
188137,11,"R",1387,"R",130,"R",82,"R",1175,"R",125,"R",5,"R",0,"R",0,"R",0
188182, 1,"R",951,"R",617,"R",271,"R",63,"R",0,"R",0,"R",0,"R",0,"R",617
188182, 2,"R",416,"R",83,"R",271,"R",62,"R",0,"R",0,"R",0,"R",0,"R",83
188182, 3,"R",416,"R",83,"R",271,"R",62,"R",0,"R",0,"R",0,"R",0,"R",83
188182,12,"R",535,"R",534,"R",0,"R",1,"R",0,"R",0,"R",0,"R",0,"R",534
188207, 1,"R",176,"R",0,"R",12,"R",164,"A",,"A",,"A",,"A",,"A",
188207,12,"R",176,"R",0,"R",12,"R",164,"A",,"A",,"A",,"A",,"A",
188216, 1,"R",367,"R",2,"R",38,"R",327,"R",2,"R",0,"R",0,"R",0,"R",0
188216, 2,"R",367,"R",2,"R",38,"R",327,"R",2,"R",0,"R",0,"R",0,"R",0
188216, 3,"R",362,"R",2,"R",38,"R",322,"R",2,"R",0,"R",0,"R",0,"R",0
188216,11,"R",5,"R",0,"R",0,"R",5,"A",,"A",,"A",,"A",,"A",
188225, 1,"R",1219,"R",164,"R",117,"R",938,"R",161,"R",2,"R",0,"R",1,"R",0
188225, 2,"R",1219,"R",164,"R",117,"R",938,"R",161,"R",2,"R",0,"R",1,"R",0
188225, 3,"R",616,"R",146,"R",102,"R",368,"R",144,"R",2,"R",0,"R",0,"R",0
188225,11,"R",603,"R",18,"R",15,"R",570,"R",17,"R",0,"R",0,"R",1,"R",0
188261, 1,"R",1068,"R",180,"R",249,"R",639,"R",174,"R",6,"Z",0,"Z",0,"R",0
188261, 2,"R",1068,"R",180,"R",249,"R",639,"R",174,"R",6,"Z",0,"Z",0,"R",0
188261, 3,"R",385,"R",77,"R",181,"R",127,"R",71,"R",6,"Z",0,"Z",0,"R",0
188261,11,"R",683,"R",103,"R",68,"R",512,"R",103,"Z",0,"Z",0,"Z",0,"R",0
188289, 1,"R",66,"A",,"A",,"R",66,"A",,"A",,"A",,"A",,"A",
188289, 2,"R",66,"A",,"A",,"R",66,"A",,"A",,"A",,"A",,"A",
188304, 1,"R",3248,"R",1221,"R",1080,"R",947,"R",754,"R",460,"R",0,"R",7,"R",0
188304, 2,"R",2245,"R",535,"R",763,"R",947,"R",418,"R",117,"R",0,"R",0,"R",0
188304, 3,"R",1738,"R",531,"R",635,"R",572,"R",414,"R",117,"R",0,"R",0,"R",0
188304,11,"R",507,"R",4,"R",128,"R",375,"R",4,"R",0,"R",0,"R",0,"R",0
188304,12,"R",1003,"R",686,"R",317,"R",0,"R",336,"R",343,"R",0,"R",7,"R",0
188340, 1,"R",1542,"R",50,"R",395,"R",1097,"R",30,"R",14,"R",5,"R",1,"R",0
188340, 2,"R",1535,"R",45,"R",394,"R",1096,"R",26,"R",13,"R",5,"R",1,"R",0
188340, 3,"R",1533,"R",45,"R",393,"R",1095,"R",26,"R",13,"R",5,"R",1,"R",0
188340,11,"R",2,"Z",0,"R",1,"R",1,"A",,"A",,"A",,"A",,"A",
188340,12,"R",7,"R",5,"R",1,"R",1,"R",4,"R",1,"Z",0,"Z",0,"R",0
188429, 1,"R",8146,"R",268,"R",1314,"R",6564,"R",233,"R",35,"Z",0,"Z",0,"R",0
188429, 2,"R",5391,"R",39,"R",911,"R",4441,"R",36,"R",3,"Z",0,"Z",0,"R",0
188429, 3,"R",5307,"R",37,"R",911,"R",4359,"R",35,"R",2,"Z",0,"Z",0,"R",0
188429,11,"R",84,"R",2,"R",0,"R",82,"R",1,"R",1,"Z",0,"Z",0,"R",0
188429,12,"R",2755,"R",229,"R",403,"R",2123,"R",197,"R",32,"Z",0,"Z",0,"R",0
188438, 1,"R",3727,"R",172,"R",736,"R",2819,"R",171,"Z",0,"R",0,"R",1,"R",0
188438, 2,"R",3727,"R",172,"R",736,"R",2819,"R",171,"Z",0,"R",0,"R",1,"R",0
188438, 3,"R",2889,"R",125,"R",696,"R",2068,"R",125,"Z",0,"R",0,"R",0,"R",0
188438,11,"R",838,"R",47,"R",40,"R",751,"R",46,"Z",0,"R",0,"R",1,"R",0
188517, 1,"R",419,"R",3,"R",64,"R",352,"R",3,"R",0,"R",0,"R",0,"R",0
188517, 2,"R",419,"R",3,"R",64,"R",352,"R",3,"R",0,"R",0,"R",0,"R",0
188517, 3,"R",404,"R",3,"R",64,"R",337,"R",3,"R",0,"R",0,"R",0,"R",0
188517,11,"R",15,"R",0,"R",0,"R",15,"A",,"A",,"A",,"A",,"A",
188526, 1,"R",1331,"R",0,"R",107,"R",1224,"A",,"A",,"A",,"A",,"A",
188526, 2,"R",859,"R",0,"R",105,"R",754,"A",,"A",,"A",,"A",,"A",
188526, 3,"R",857,"R",0,"R",105,"R",752,"A",,"A",,"A",,"A",,"A",
188526,11,"R",2,"R",0,"R",0,"R",2,"A",,"A",,"A",,"A",,"A",
188526,12,"R",472,"R",0,"R",2,"R",470,"A",,"A",,"A",,"A",,"A",
188535, 1,"R",500,"R",17,"R",49,"R",434,"R",8,"R",9,"Z",0,"Z",0,"R",0
188535,12,"R",500,"R",17,"R",49,"R",434,"R",8,"R",9,"Z",0,"Z",0,"R",0
188580, 1,"R",828,"R",37,"Z",0,"R",791,"R",17,"R",20,"R",0,"R",0,"R",0
188580,12,"R",828,"R",37,"Z",0,"R",791,"R",17,"R",20,"R",0,"R",0,"R",0
188641, 1,"R",2302,"R",0,"R",71,"R",2231,"A",,"A",,"A",,"A",,"A",
188641, 2,"R",1671,"R",0,"R",35,"R",1636,"A",,"A",,"A",,"A",,"A",
188641, 3,"R",1591,"R",0,"R",35,"R",1556,"A",,"A",,"A",,"A",,"A",
188641,11,"R",80,"R",0,"R",0,"R",80,"A",,"A",,"A",,"A",,"A",
188641,12,"R",631,"R",0,"R",36,"R",595,"A",,"A",,"A",,"A",,"A",
188650, 1,"R",149,"A",,"A",,"R",149,"A",,"A",,"A",,"A",,"A",
188650, 2,"R",149,"A",,"A",,"R",149,"A",,"A",,"A",,"A",,"A",
188669, 1,"R",93,"A",,"A",,"R",93,"A",,"A",,"A",,"A",,"A",
188669, 2,"R",93,"A",,"A",,"R",93,"A",,"A",,"A",,"A",,"A",
188678, 1,"R",270,"A",,"A",,"R",270,"A",,"A",,"A",,"A",,"A",
188678, 2,"R",270,"A",,"A",,"R",270,"A",,"A",,"A",,"A",,"A",
188678, 3,"R",270,"A",,"A",,"R",270,"A",,"A",,"A",,"A",,"A",
188687, 1,"R",440,"R",334,"R",62,"R",44,"R",130,"R",204,"Z",0,"Z",0,"R",0
188687, 2,"R",440,"R",334,"R",62,"R",44,"R",130,"R",204,"Z",0,"Z",0,"R",0
188687, 3,"R",440,"R",334,"R",62,"R",44,"R",130,"R",204,"Z",0,"Z",0,"R",0
188696, 1,"R",173,"A",,"A",,"R",173,"A",,"A",,"A",,"A",,"A",
188696, 2,"R",173,"A",,"A",,"R",173,"A",,"A",,"A",,"A",,"A",
188854, 1,"R",1676,"A",,"A",,"R",1676,"A",,"A",,"A",,"A",,"A",
188854, 2,"R",1676,"A",,"A",,"R",1676,"A",,"A",,"A",,"A",,"A",
188854, 3,"R",1676,"A",,"A",,"R",1676,"A",,"A",,"A",,"A",,"A",
188890, 1,"R",1288,"A",,"A",,"R",1288,"A",,"A",,"A",,"A",,"A",
188890, 2,"R",1288,"A",,"A",,"R",1288,"A",,"A",,"A",,"A",,"A",
188915, 1,"R",69,"A",,"A",,"R",69,"A",,"A",,"A",,"A",,"A",
188915, 2,"R",69,"A",,"A",,"R",69,"A",,"A",,"A",,"A",,"A",
188942, 1,"R",195,"A",,"A",,"R",195,"A",,"A",,"A",,"A",,"A",
188942, 2,"R",195,"A",,"A",,"R",195,"A",,"A",,"A",,"A",,"A",
188942, 3,"R",195,"A",,"A",,"R",195,"A",,"A",,"A",,"A",,"A",
189015, 1,"R",549,"R",49,"R",17,"R",483,"R",17,"R",32,"Z",0,"Z",0,"R",0
189015,12,"R",549,"R",49,"R",17,"R",483,"R",17,"R",32,"Z",0,"Z",0,"R",0
189088, 1,"R",2207,"A",,"A",,"R",2207,"A",,"A",,"A",,"A",,"A",
189088, 2,"R",1882,"A",,"A",,"R",1882,"A",,"A",,"A",,"A",,"A",
189088, 3,"R",1795,"A",,"A",,"R",1795,"A",,"A",,"A",,"A",,"A",
189088,11,"R",87,"A",,"A",,"R",87,"A",,"A",,"A",,"A",,"A",
189088,12,"R",325,"A",,"A",,"R",325,"A",,"A",,"A",,"A",,"A",
189097, 1,"R",2562,"A",,"A",,"R",2562,"A",,"A",,"A",,"A",,"A",
189097, 2,"R",2562,"A",,"A",,"R",2562,"A",,"A",,"A",,"A",,"A",
189097, 3,"R",2557,"A",,"A",,"R",2557,"A",,"A",,"A",,"A",,"A",
189097,11,"R",5,"A",,"A",,"R",5,"A",,"A",,"A",,"A",,"A",
189219, 1,"R",261,"A",,"A",,"R",261,"A",,"A",,"A",,"A",,"A",
189219, 2,"R",261,"A",,"A",,"R",261,"A",,"A",,"A",,"A",,"A",
189228, 1,"R",3696,"R",681,"R",930,"R",2085,"R",549,"R",114,"R",0,"R",18,"R",0
189228, 2,"R",3696,"R",681,"R",930,"R",2085,"R",549,"R",114,"R",0,"R",18,"R",0
189228, 3,"R",3505,"R",677,"R",928,"R",1900,"R",545,"R",114,"R",0,"R",18,"R",0
189228,11,"R",191,"R",4,"R",2,"R",185,"R",4,"R",0,"R",0,"R",0,"R",0
189255, 1,"R",139,"A",,"A",,"R",139,"A",,"A",,"A",,"A",,"A",
189255, 2,"R",139,"A",,"A",,"R",139,"A",,"A",,"A",,"A",,"A",
189264, 1,"R",6,"A",,"A",,"R",6,"A",,"A",,"A",,"A",,"A",
189264, 2,"R",6,"A",,"A",,"R",6,"A",,"A",,"A",,"A",,"A",
189264, 3,"R",6,"A",,"A",,"R",6,"A",,"A",,"A",,"A",,"A",
189273, 1,"R",74,"A",,"A",,"R",74,"A",,"A",,"A",,"A",,"A",
189273, 2,"R",74,"A",,"A",,"R",74,"A",,"A",,"A",,"A",,"A",
189273, 3,"R",74,"A",,"A",,"R",74,"A",,"A",,"A",,"A",,"A",
189282, 1,"R",199,"A",,"A",,"R",199,"A",,"A",,"A",,"A",,"A",
189282, 2,"R",199,"A",,"A",,"R",199,"A",,"A",,"A",,"A",,"A",
189282, 3,"R",199,"A",,"A",,"R",199,"A",,"A",,"A",,"A",,"A",
189404, 1,"R",105,"A",,"A",,"R",105,"A",,"A",,"A",,"A",,"A",
189404, 2,"R",105,"A",,"A",,"R",105,"A",,"A",,"A",,"A",,"A",
189413, 1,"R",731,"A",,"A",,"R",731,"A",,"A",,"A",,"A",,"A",
189413, 2,"R",639,"A",,"A",,"R",639,"A",,"A",,"A",,"A",,"A",
189413, 3,"R",639,"A",,"A",,"R",639,"A",,"A",,"A",,"A",,"A",
189413,12,"R",92,"A",,"A",,"R",92,"A",,"A",,"A",,"A",,"A",
189468, 1,"R",219,"A",,"A",,"R",219,"A",,"A",,"A",,"A",,"A",
189468, 2,"R",219,"A",,"A",,"R",219,"A",,"A",,"A",,"A",,"A",
189477, 1,"R",151,"A",,"A",,"R",151,"A",,"A",,"A",,"A",,"A",
189477, 2,"R",151,"A",,"A",,"R",151,"A",,"A",,"A",,"A",,"A",
189501, 1,"R",1032,"A",,"A",,"R",1032,"A",,"A",,"A",,"A",,"A",
189501,12,"R",1032,"A",,"A",,"R",1032,"A",,"A",,"A",,"A",,"A",
189547, 1,"R",6507,"R",757,"R",1571,"R",4179,"R",726,"Z",0,"R",0,"R",0,"R",31
189547, 2,"R",6507,"R",757,"R",1571,"R",4179,"R",726,"Z",0,"R",0,"R",0,"R",31
189547, 3,"R",4911,"R",573,"R",1526,"R",2812,"R",549,"Z",0,"R",0,"R",0,"R",24
189547,11,"R",1596,"R",184,"R",45,"R",1367,"R",177,"Z",0,"R",0,"R",0,"R",7
189556, 1,"R",317,"R",16,"R",98,"R",203,"R",15,"R",1,"R",0,"R",0,"R",0
189556, 2,"R",317,"R",16,"R",98,"R",203,"R",15,"R",1,"R",0,"R",0,"R",0
189556, 3,"R",281,"R",16,"R",98,"R",167,"R",15,"R",1,"R",0,"R",0,"R",0
189556,11,"R",36,"R",0,"R",0,"R",36,"A",,"A",,"A",,"A",,"A",
189565, 1,"R",263,"R",8,"R",96,"R",159,"R",8,"R",0,"R",0,"R",0,"R",0
189565, 2,"R",263,"R",8,"R",96,"R",159,"R",8,"R",0,"R",0,"R",0,"R",0
189565, 3,"R",263,"R",8,"R",96,"R",159,"R",8,"R",0,"R",0,"R",0,"R",0
189574, 1,"R",413,"R",12,"R",93,"R",308,"R",12,"R",0,"R",0,"R",0,"R",0
189574, 2,"R",413,"R",12,"R",93,"R",308,"R",12,"R",0,"R",0,"R",0,"R",0
189574, 3,"R",413,"R",12,"R",93,"R",308,"R",12,"R",0,"R",0,"R",0,"R",0
189583, 1,"R",499,"R",1,"R",36,"R",462,"R",1,"R",0,"R",0,"R",0,"R",0
189583, 2,"R",499,"R",1,"R",36,"R",462,"R",1,"R",0,"R",0,"R",0,"R",0
189583, 3,"R",498,"R",1,"R",36,"R",461,"R",1,"R",0,"R",0,"R",0,"R",0
189583,11,"R",1,"R",0,"R",0,"R",1,"A",,"A",,"A",,"A",,"A",
189592, 1,"R",223,"R",4,"R",64,"R",155,"R",4,"R",0,"R",0,"R",0,"R",0
189592, 2,"R",223,"R",4,"R",64,"R",155,"R",4,"R",0,"R",0,"R",0,"R",0
189592, 3,"R",216,"R",3,"R",64,"R",149,"R",3,"R",0,"R",0,"R",0,"R",0
189592,11,"R",7,"R",1,"R",0,"R",6,"R",1,"R",0,"R",0,"R",0,"R",0
189705, 1,"R",3244,"R",337,"R",640,"R",2267,"R",234,"R",83,"R",4,"R",5,"R",11
189705, 2,"R",2256,"R",0,"R",368,"R",1888,"A",,"A",,"A",,"A",,"A",
189705, 3,"R",2191,"R",0,"R",365,"R",1826,"A",,"A",,"A",,"A",,"A",
189705,11,"R",65,"R",0,"R",3,"R",62,"A",,"A",,"A",,"A",,"A",
189705,12,"R",988,"R",337,"R",272,"R",379,"R",234,"R",83,"R",4,"R",5,"R",11
189714, 1,"R",271,"A",,"A",,"R",271,"A",,"A",,"A",,"A",,"A",
189714, 2,"R",271,"A",,"A",,"R",271,"A",,"A",,"A",,"A",,"A",
189811, 1,"R",552,"A",,"A",,"R",552,"A",,"A",,"A",,"A",,"A",
189811, 2,"R",552,"A",,"A",,"R",552,"A",,"A",,"A",,"A",,"A",
189811, 3,"R",552,"A",,"A",,"R",552,"A",,"A",,"A",,"A",,"A",
189839, 1,"R",3775,"R",689,"R",628,"R",2458,"R",673,"R",13,"R",0,"R",3,"R",0
189839, 2,"R",3775,"R",689,"R",628,"R",2458,"R",673,"R",13,"R",0,"R",3,"R",0
189839, 3,"R",2039,"R",373,"R",603,"R",1063,"R",369,"R",3,"R",0,"R",1,"R",0
189839,11,"R",1736,"R",316,"R",25,"R",1395,"R",304,"R",10,"R",0,"R",2,"R",0
189848, 1,"R",915,"R",28,"Z",0,"R",887,"R",27,"R",1,"Z",0,"Z",0,"R",0
189848, 2,"R",915,"R",28,"Z",0,"R",887,"R",27,"R",1,"Z",0,"Z",0,"R",0
189848, 3,"R",845,"R",26,"Z",0,"R",819,"R",25,"R",1,"Z",0,"Z",0,"R",0
189848,11,"R",70,"R",2,"Z",0,"R",68,"R",2,"Z",0,"Z",0,"Z",0,"R",0
189857, 1,"R",536,"A",,"A",,"R",536,"A",,"A",,"A",,"A",,"A",
189857, 2,"R",449,"A",,"A",,"R",449,"A",,"A",,"A",,"A",,"A",
189857, 3,"R",449,"A",,"A",,"R",449,"A",,"A",,"A",,"A",,"A",
189857,12,"R",87,"A",,"A",,"R",87,"A",,"A",,"A",,"A",,"A",
189954, 1,"R",17,"A",,"A",,"R",17,"A",,"A",,"A",,"A",,"A",
189954, 2,"R",17,"A",,"A",,"R",17,"A",,"A",,"A",,"A",,"A",
189981, 1,"R",64,"A",,"A",,"R",64,"A",,"A",,"A",,"A",,"A",
189981,12,"R",64,"A",,"A",,"R",64,"A",,"A",,"A",,"A",,"A",
189990, 1,"R",495,"A",,"A",,"R",495,"A",,"A",,"A",,"A",,"A",
189990, 2,"R",495,"A",,"A",,"R",495,"A",,"A",,"A",,"A",,"A",
190008, 1,"R",48,"A",,"A",,"R",48,"A",,"A",,"A",,"A",,"A",
190008, 2,"R",48,"A",,"A",,"R",48,"A",,"A",,"A",,"A",,"A",
190044, 1,"R",4274,"R",252,"R",489,"R",3533,"R",136,"R",74,"Z",0,"R",42,"R",0
190044, 2,"R",3091,"Z",0,"R",347,"R",2744,"A",,"A",,"A",,"A",,"A",
190044, 3,"R",2983,"Z",0,"R",346,"R",2637,"A",,"A",,"A",,"A",,"A",
190044,11,"R",108,"Z",0,"R",1,"R",107,"A",,"A",,"A",,"A",,"A",
190044,12,"R",1183,"R",252,"R",142,"R",789,"R",136,"R",74,"Z",0,"R",42,"R",0
190053, 1,"R",1353,"R",105,"R",188,"R",1060,"R",100,"R",5,"R",0,"R",0,"R",0
190053, 2,"R",1353,"R",105,"R",188,"R",1060,"R",100,"R",5,"R",0,"R",0,"R",0
190053, 3,"R",807,"R",71,"R",187,"R",549,"R",70,"R",1,"R",0,"Z",0,"R",0
190053,11,"R",546,"R",34,"R",1,"R",511,"R",30,"R",4,"R",0,"R",0,"R",0
190071, 1,"R",107,"R",0,"R",3,"R",104,"A",,"A",,"A",,"A",,"A",
190071, 2,"R",107,"R",0,"R",3,"R",104,"A",,"A",,"A",,"A",,"A",
190071, 3,"R",107,"R",0,"R",3,"R",104,"A",,"A",,"A",,"A",,"A",
190080, 1,"R",79,"A",,"A",,"R",79,"A",,"A",,"A",,"A",,"A",
190080,12,"R",79,"A",,"A",,"R",79,"A",,"A",,"A",,"A",,"A",
190099, 1,"R",2969,"A",,"A",,"R",2969,"A",,"A",,"A",,"A",,"A",
190099, 2,"R",2958,"A",,"A",,"R",2958,"A",,"A",,"A",,"A",,"A",
190099, 3,"R",2934,"A",,"A",,"R",2934,"A",,"A",,"A",,"A",,"A",
190099,11,"R",24,"A",,"A",,"R",24,"A",,"A",,"A",,"A",,"A",
190099,12,"R",11,"A",,"A",,"R",11,"A",,"A",,"A",,"A",,"A",
190114, 1,"R",1027,"R",43,"R",630,"R",354,"R",39,"R",4,"R",0,"R",0,"R",0
190114, 2,"R",698,"R",21,"R",395,"R",282,"R",19,"R",2,"R",0,"R",0,"R",0
190114, 3,"R",697,"R",21,"R",395,"R",281,"R",19,"R",2,"R",0,"R",0,"R",0
190114,11,"R",1,"R",0,"R",0,"R",1,"A",,"A",,"A",,"A",,"A",
190114,12,"R",329,"R",22,"R",235,"R",72,"R",20,"R",2,"R",0,"R",0,"R",0
190150, 1,"R",31077,"R",586,"R",1138,"R",29353,"R",163,"R",350,"R",0,"R",73,"R",0
190150, 2,"R",8216,"A",,"A",,"R",8216,"A",,"A",,"A",,"A",,"A",
190150, 3,"R",8216,"A",,"A",,"R",8216,"A",,"A",,"A",,"A",,"A",
190150,12,"R",22861,"R",586,"R",1138,"R",21137,"R",163,"R",350,"R",0,"R",73,"R",0
190169, 1,"R",1584,"R",67,"R",235,"R",1282,"R",66,"Z",0,"R",0,"R",0,"R",1
190169, 2,"R",1584,"R",67,"R",235,"R",1282,"R",66,"Z",0,"R",0,"R",0,"R",1
190169, 3,"R",1111,"R",50,"R",228,"R",833,"R",49,"Z",0,"R",0,"R",0,"R",1
190169,11,"R",473,"R",17,"R",7,"R",449,"R",17,"Z",0,"R",0,"R",0,"R",0
190239, 1,"R",141,"A",,"A",,"R",141,"A",,"A",,"A",,"A",,"A",
190239, 2,"R",141,"A",,"A",,"R",141,"A",,"A",,"A",,"A",,"A",
190248, 1,"R",1737,"R",116,"R",349,"R",1272,"R",62,"R",22,"R",2,"R",20,"R",10
190248, 2,"R",1226,"R",20,"R",349,"R",857,"Z",0,"Z",0,"Z",0,"R",20,"R",0
190248, 3,"R",1202,"R",0,"R",349,"R",853,"A",,"A",,"A",,"A",,"A",
190248,11,"R",24,"R",20,"R",0,"R",4,"Z",0,"Z",0,"Z",0,"R",20,"R",0
190248,12,"R",511,"R",96,"R",0,"R",415,"R",62,"R",22,"R",2,"R",0,"R",10
190318, 1,"R",335,"A",,"A",,"R",335,"A",,"A",,"A",,"A",,"A",
190318, 2,"R",335,"A",,"A",,"R",335,"A",,"A",,"A",,"A",,"A",
190372, 1,"R",952,"A",,"A",,"R",952,"A",,"A",,"A",,"A",,"A",
190372, 2,"R",858,"A",,"A",,"R",858,"A",,"A",,"A",,"A",,"A",
190372, 3,"R",845,"A",,"A",,"R",845,"A",,"A",,"A",,"A",,"A",
190372,11,"R",13,"A",,"A",,"R",13,"A",,"A",,"A",,"A",,"A",
190372,12,"R",94,"A",,"A",,"R",94,"A",,"A",,"A",,"A",,"A",
190415, 1,"R",23600,"R",204,"R",309,"R",23087,"R",47,"R",147,"R",0,"R",10,"R",0
190415, 2,"R",15182,"Z",0,"R",194,"R",14988,"A",,"A",,"A",,"A",,"A",
190415, 3,"R",15105,"Z",0,"R",193,"R",14912,"A",,"A",,"A",,"A",,"A",
190415,11,"R",77,"Z",0,"R",1,"R",76,"A",,"A",,"A",,"A",,"A",
190415,12,"R",8418,"R",204,"R",115,"R",8099,"R",47,"R",147,"R",0,"R",10,"R",0
190424, 1,"R",1248,"R",0,"R",7,"R",1241,"A",,"A",,"A",,"A",,"A",
190424,12,"R",1248,"R",0,"R",7,"R",1241,"A",,"A",,"A",,"A",,"A",
190442, 1,"R",3424,"R",228,"R",735,"R",2461,"R",179,"R",49,"R",0,"R",0,"R",0
190442, 2,"R",3424,"R",228,"R",735,"R",2461,"R",179,"R",49,"R",0,"R",0,"R",0
190442, 3,"R",2171,"R",142,"R",621,"R",1408,"R",127,"R",15,"R",0,"R",0,"R",0
190442,11,"R",1253,"R",86,"R",114,"R",1053,"R",52,"R",34,"R",0,"R",0,"R",0
190451, 1,"R",247,"A",,"A",,"R",247,"A",,"A",,"A",,"A",,"A",
190451, 2,"R",247,"A",,"A",,"R",247,"A",,"A",,"A",,"A",,"A",
190451, 3,"R",247,"A",,"A",,"R",247,"A",,"A",,"A",,"A",,"A",
190503, 1,"R",2990,"R",0,"R",22,"R",2968,"A",,"A",,"A",,"A",,"A",
190503, 2,"R",2956,"A",,"A",,"R",2956,"A",,"A",,"A",,"A",,"A",
190503, 3,"R",2956,"A",,"A",,"R",2956,"A",,"A",,"A",,"A",,"A",
190503,12,"R",34,"R",0,"R",22,"R",12,"A",,"A",,"A",,"A",,"A",
190512, 1,"R",18029,"R",88,"R",1271,"R",16670,"R",75,"R",12,"R",1,"R",0,"R",0
190512, 2,"R",15024,"R",34,"R",984,"R",14006,"R",33,"R",1,"R",0,"R",0,"R",0
190512, 3,"R",14629,"R",33,"R",983,"R",13613,"R",32,"R",1,"R",0,"R",0,"R",0
190512,11,"R",395,"R",1,"R",1,"R",393,"R",1,"R",0,"R",0,"R",0,"R",0
190512,12,"R",3005,"R",54,"R",287,"R",2664,"R",42,"R",11,"R",1,"R",0,"R",0
190521, 1,"R",26506,"R",243,"R",3110,"R",23153,"R",220,"R",8,"R",15,"R",0,"R",0
190521, 2,"R",26506,"R",243,"R",3110,"R",23153,"R",220,"R",8,"R",15,"R",0,"R",0
190521, 3,"R",25063,"R",218,"R",3088,"R",21757,"R",196,"R",8,"R",14,"R",0,"R",0
190521,11,"R",1443,"R",25,"R",22,"R",1396,"R",24,"R",0,"R",1,"R",0,"R",0
190530, 1,"R",10519,"R",37,"R",683,"R",9799,"R",36,"R",1,"R",0,"R",0,"R",0
190530, 2,"R",10519,"R",37,"R",683,"R",9799,"R",36,"R",1,"R",0,"R",0,"R",0
190530, 3,"R",9533,"R",33,"R",680,"R",8820,"R",32,"R",1,"R",0,"R",0,"R",0
190530,11,"R",986,"R",4,"R",3,"R",979,"R",4,"R",0,"R",0,"R",0,"R",0
190549, 1,"R",18161,"R",67,"R",1426,"R",16668,"R",63,"R",2,"R",2,"R",0,"R",0
190549, 2,"R",14978,"R",35,"R",1267,"R",13676,"R",32,"R",2,"R",1,"R",0,"R",0
190549, 3,"R",13954,"R",32,"R",1267,"R",12655,"R",29,"R",2,"R",1,"R",0,"R",0
190549,11,"R",1024,"R",3,"R",0,"R",1021,"R",3,"R",0,"R",0,"R",0,"R",0
190549,12,"R",3183,"R",32,"R",159,"R",2992,"R",31,"R",0,"R",1,"R",0,"R",0
190558, 1,"R",13247,"R",28,"R",463,"R",12756,"R",15,"R",2,"R",11,"R",0,"R",0
190558, 2,"R",12211,"R",13,"R",440,"R",11758,"R",10,"R",2,"R",1,"R",0,"R",0
190558, 3,"R",11815,"R",13,"R",440,"R",11362,"R",10,"R",2,"R",1,"R",0,"R",0
190558,11,"R",396,"R",0,"R",0,"R",396,"A",,"A",,"A",,"A",,"A",
190558,12,"R",1036,"R",15,"R",23,"R",998,"R",5,"R",0,"R",10,"R",0,"R",0
190567, 1,"R",16043,"R",0,"R",103,"R",15940,"A",,"A",,"A",,"A",,"A",
190567, 2,"R",13186,"R",0,"R",99,"R",13087,"A",,"A",,"A",,"A",,"A",
190567, 3,"R",12503,"R",0,"R",98,"R",12405,"A",,"A",,"A",,"A",,"A",
190567,11,"R",683,"R",0,"R",1,"R",682,"A",,"A",,"A",,"A",,"A",
190567,12,"R",2857,"R",0,"R",4,"R",2853,"A",,"A",,"A",,"A",,"A",
190576, 1,"R",8041,"R",2981,"R",287,"R",4773,"R",2411,"R",450,"R",120,"R",0,"R",0
190576, 2,"R",2287,"R",1985,"R",38,"R",264,"R",1669,"R",240,"R",76,"R",0,"R",0
190576, 3,"R",2105,"R",1848,"R",38,"R",219,"R",1587,"R",239,"R",22,"R",0,"R",0
190576,11,"R",182,"R",137,"R",0,"R",45,"R",82,"R",1,"R",54,"R",0,"R",0
190576,12,"R",5754,"R",996,"R",249,"R",4509,"R",742,"R",210,"R",44,"R",0,"R",0
190585, 1,"R",7331,"R",61,"R",679,"R",6591,"R",59,"R",1,"R",1,"R",0,"R",0
190585, 2,"R",7331,"R",61,"R",679,"R",6591,"R",59,"R",1,"R",1,"R",0,"R",0
190585, 3,"R",6563,"R",58,"R",673,"R",5832,"R",56,"R",1,"R",1,"R",0,"R",0
190585,11,"R",768,"R",3,"R",6,"R",759,"R",3,"R",0,"R",0,"R",0,"R",0
190594, 1,"R",23202,"R",137,"R",976,"R",22089,"R",133,"R",4,"R",0,"R",0,"R",0
190594, 2,"R",17212,"R",83,"R",594,"R",16535,"R",80,"R",3,"R",0,"R",0,"R",0
190594, 3,"R",16205,"R",81,"R",592,"R",15532,"R",79,"R",2,"R",0,"R",0,"R",0
190594,11,"R",1007,"R",2,"R",2,"R",1003,"R",1,"R",1,"R",0,"R",0,"R",0
190594,12,"R",5990,"R",54,"R",382,"R",5554,"R",53,"R",1,"R",0,"R",0,"R",0
190600, 1,"R",15394,"R",1092,"R",3927,"R",10375,"R",903,"R",162,"R",27,"R",0,"R",0
190600, 2,"R",13319,"R",514,"R",3521,"R",9284,"R",482,"R",20,"R",12,"R",0,"R",0
190600, 3,"R",12852,"R",509,"R",3519,"R",8824,"R",478,"R",19,"R",12,"R",0,"R",0
190600,11,"R",467,"R",5,"R",2,"R",460,"R",4,"R",1,"R",0,"R",0,"R",0
190600,12,"R",2075,"R",578,"R",406,"R",1091,"R",421,"R",142,"R",15,"R",0,"R",0
190619, 1,"R",15051,"R",73,"R",853,"R",14125,"R",71,"R",2,"R",0,"R",0,"R",0
190619, 2,"R",15051,"R",73,"R",853,"R",14125,"R",71,"R",2,"R",0,"R",0,"R",0
190619, 3,"R",10506,"R",65,"R",824,"R",9617,"R",63,"R",2,"R",0,"R",0,"R",0
190619,11,"R",4545,"R",8,"R",29,"R",4508,"R",8,"R",0,"R",0,"R",0,"R",0
190628, 1,"R",19300,"R",34,"R",810,"R",18456,"R",34,"R",0,"R",0,"R",0,"R",0
190628, 2,"R",19300,"R",34,"R",810,"R",18456,"R",34,"R",0,"R",0,"R",0,"R",0
190628, 3,"R",15592,"R",33,"R",808,"R",14751,"R",33,"R",0,"R",0,"R",0,"R",0
190628,11,"R",3708,"R",1,"R",2,"R",3705,"R",1,"R",0,"R",0,"R",0,"R",0
190637, 1,"R",14787,"R",407,"R",3044,"R",11336,"R",399,"R",4,"R",4,"R",0,"R",0
190637, 2,"R",12639,"R",310,"R",2914,"R",9415,"R",306,"R",2,"R",2,"R",0,"R",0
190637, 3,"R",11559,"R",302,"R",2892,"R",8365,"R",298,"R",2,"R",2,"R",0,"R",0
190637,11,"R",1080,"R",8,"R",22,"R",1050,"R",8,"R",0,"R",0,"R",0,"R",0
190637,12,"R",2148,"R",97,"R",130,"R",1921,"R",93,"R",2,"R",2,"R",0,"R",0
190646, 1,"R",6638,"R",60,"R",729,"R",5849,"R",20,"R",0,"R",40,"R",0,"R",0
190646, 2,"R",6638,"R",60,"R",729,"R",5849,"R",20,"R",0,"R",40,"R",0,"R",0
190646, 3,"R",5919,"R",20,"R",714,"R",5185,"R",20,"R",0,"R",0,"R",0,"R",0
190646,11,"R",719,"R",40,"R",15,"R",664,"R",0,"R",0,"R",40,"R",0,"R",0
190655, 1,"R",17269,"R",0,"R",0,"R",17269,"A",,"A",,"A",,"A",,"A",
190655, 2,"R",17269,"R",0,"R",0,"R",17269,"A",,"A",,"A",,"A",,"A",
190655, 3,"R",16204,"R",0,"R",0,"R",16204,"A",,"A",,"A",,"A",,"A",
190655,11,"R",1065,"R",0,"R",0,"R",1065,"A",,"A",,"A",,"A",,"A",
190664, 1,"R",19746,"R",134,"R",506,"R",19106,"R",128,"R",2,"R",4,"R",0,"R",0
190664, 2,"R",16620,"R",14,"R",233,"R",16373,"R",14,"R",0,"R",0,"R",0,"R",0
190664, 3,"R",15645,"R",14,"R",231,"R",15400,"R",14,"R",0,"R",0,"R",0,"R",0
190664,11,"R",975,"R",0,"R",2,"R",973,"A",,"A",,"A",,"A",,"A",
190664,12,"R",3126,"R",120,"R",273,"R",2733,"R",114,"R",2,"R",4,"R",0,"R",0
190673, 1,"R",15411,"R",17,"R",303,"R",15091,"R",16,"R",0,"R",1,"R",0,"R",0
190673, 2,"R",15411,"R",17,"R",303,"R",15091,"R",16,"R",0,"R",1,"R",0,"R",0
190673, 3,"R",13101,"R",15,"R",299,"R",12787,"R",14,"R",0,"R",1,"R",0,"R",0
190673,11,"R",2310,"R",2,"R",4,"R",2304,"R",2,"R",0,"R",0,"R",0,"R",0
190682, 1,"R",583,"A",,"A",,"R",583,"A",,"A",,"A",,"A",,"A",
190682,12,"R",583,"A",,"A",,"R",583,"A",,"A",,"A",,"A",,"A",
190691, 1,"R",8693,"R",49,"R",1866,"R",6778,"R",49,"R",0,"R",0,"R",0,"R",0
190691, 2,"R",8495,"R",49,"R",1837,"R",6609,"R",49,"R",0,"R",0,"R",0,"R",0
190691, 3,"R",7126,"R",48,"R",1835,"R",5243,"R",48,"R",0,"R",0,"R",0,"R",0
190691,11,"R",1369,"R",1,"R",2,"R",1366,"R",1,"R",0,"R",0,"R",0,"R",0
190691,12,"R",198,"R",0,"R",29,"R",169,"A",,"A",,"A",,"A",,"A",
190707, 1,"R",8,"A",,"A",,"R",8,"A",,"A",,"A",,"A",,"A",
190707, 2,"R",8,"A",,"A",,"R",8,"A",,"A",,"A",,"A",,"A",
190716, 1,"R",3045,"R",112,"R",1225,"R",1708,"R",94,"R",10,"R",0,"R",7,"R",1
190716, 2,"R",1699,"R",42,"R",849,"R",808,"R",39,"R",3,"R",0,"R",0,"R",0
190716, 3,"R",1620,"R",42,"R",846,"R",732,"R",39,"R",3,"R",0,"R",0,"R",0
190716,11,"R",79,"R",0,"R",3,"R",76,"A",,"A",,"A",,"A",,"A",
190716,12,"R",1346,"R",70,"R",376,"R",900,"R",55,"R",7,"R",0,"R",7,"R",1
190725, 1,"R",2574,"R",172,"R",342,"R",2060,"R",154,"R",18,"Z",0,"Z",0,"R",0
190725, 2,"R",1739,"R",81,"R",292,"R",1366,"R",81,"Z",0,"Z",0,"Z",0,"R",0
190725, 3,"R",1712,"R",71,"R",292,"R",1349,"R",71,"Z",0,"Z",0,"Z",0,"R",0
190725,11,"R",27,"R",10,"R",0,"R",17,"R",10,"Z",0,"Z",0,"Z",0,"R",0
190725,12,"R",835,"R",91,"R",50,"R",694,"R",73,"R",18,"Z",0,"Z",0,"R",0
190752, 1,"R",33,"A",,"A",,"R",33,"A",,"A",,"A",,"A",,"A",
190752, 2,"R",33,"A",,"A",,"R",33,"A",,"A",,"A",,"A",,"A",
190752, 3,"R",33,"A",,"A",,"R",33,"A",,"A",,"A",,"A",,"A",
190761, 1,"R",1956,"R",196,"R",208,"R",1552,"R",107,"R",80,"R",9,"R",0,"R",0
190761, 2,"R",1450,"R",47,"R",208,"R",1195,"R",35,"R",12,"R",0,"R",0,"R",0
190761, 3,"R",1433,"R",47,"R",208,"R",1178,"R",35,"R",12,"R",0,"R",0,"R",0
190761,11,"R",17,"Z",0,"Z",0,"R",17,"A",,"A",,"A",,"A",,"A",
190761,12,"R",506,"R",149,"R",0,"R",357,"R",72,"R",68,"R",9,"R",0,"R",0
190840, 1,"R",8582,"R",114,"R",456,"R",8012,"R",112,"R",1,"R",0,"R",1,"R",0
190840, 2,"R",8582,"R",114,"R",456,"R",8012,"R",112,"R",1,"R",0,"R",1,"R",0
190840, 3,"R",5224,"R",89,"R",443,"R",4692,"R",87,"R",1,"R",0,"R",1,"R",0
190840,11,"R",3358,"R",25,"R",13,"R",3320,"R",25,"R",0,"R",0,"R",0,"R",0
190956, 1,"R",105,"R",0,"R",67,"R",38,"A",,"A",,"A",,"A",,"A",
190956, 2,"R",105,"R",0,"R",67,"R",38,"A",,"A",,"A",,"A",,"A",
190956, 3,"R",105,"R",0,"R",67,"R",38,"A",,"A",,"A",,"A",,"A",
190974, 1,"R",146,"A",,"A",,"R",146,"A",,"A",,"A",,"A",,"A",
190974, 2,"R",146,"A",,"A",,"R",146,"A",,"A",,"A",,"A",,"A",
190974, 3,"R",146,"A",,"A",,"R",146,"A",,"A",,"A",,"A",,"A",
190983, 1,"R",892,"R",29,"R",8,"R",855,"R",23,"R",6,"R",0,"R",0,"R",0
190983, 2,"R",819,"R",1,"R",1,"R",817,"R",1,"R",0,"R",0,"R",0,"R",0
190983, 3,"R",787,"R",1,"R",1,"R",785,"R",1,"R",0,"R",0,"R",0,"R",0
190983,11,"R",32,"R",0,"R",0,"R",32,"A",,"A",,"A",,"A",,"A",
190983,12,"R",73,"R",28,"R",7,"R",38,"R",22,"R",6,"R",0,"R",0,"R",0
191083, 1,"R",10529,"R",875,"R",1980,"R",7674,"R",861,"Z",0,"R",0,"R",8,"R",6
191083, 2,"R",10529,"R",875,"R",1980,"R",7674,"R",861,"Z",0,"R",0,"R",8,"R",6
191083, 3,"R",8773,"R",627,"R",1915,"R",6231,"R",624,"Z",0,"R",0,"R",0,"R",3
191083,11,"R",1756,"R",248,"R",65,"R",1443,"R",237,"Z",0,"R",0,"R",8,"R",3
191126, 1,"R",8767,"R",204,"R",2451,"R",6112,"R",133,"Z",0,"R",0,"R",14,"R",57
191126, 2,"R",8555,"R",204,"R",2451,"R",5900,"R",133,"Z",0,"R",0,"R",14,"R",57
191126, 3,"R",7938,"R",182,"R",2439,"R",5317,"R",116,"Z",0,"R",0,"R",14,"R",52
191126,11,"R",617,"R",22,"R",12,"R",583,"R",17,"Z",0,"R",0,"R",0,"R",5
191126,12,"R",212,"R",0,"R",0,"R",212,"A",,"A",,"A",,"A",,"A",
191199, 1,"R",5944,"R",650,"R",805,"R",4489,"R",635,"Z",0,"R",0,"R",1,"R",14
191199, 2,"R",5944,"R",650,"R",805,"R",4489,"R",635,"Z",0,"R",0,"R",1,"R",14
191199, 3,"R",3146,"R",395,"R",767,"R",1984,"R",392,"Z",0,"R",0,"R",0,"R",3
191199,11,"R",2798,"R",255,"R",38,"R",2505,"R",243,"Z",0,"R",0,"R",1,"R",11
191205, 1,"R",636,"A",,"A",,"R",636,"A",,"A",,"A",,"A",,"A",
191205, 2,"R",590,"A",,"A",,"R",590,"A",,"A",,"A",,"A",,"A",
191205, 3,"R",590,"A",,"A",,"R",590,"A",,"A",,"A",,"A",,"A",
191205,12,"R",46,"A",,"A",,"R",46,"A",,"A",,"A",,"A",,"A",
191241, 1,"R",16515,"R",946,"R",585,"R",14984,"R",503,"R",414,"R",13,"R",16,"R",0
191241, 2,"R",9645,"R",20,"R",290,"R",9335,"R",15,"R",5,"R",0,"R",0,"R",0
191241, 3,"R",9392,"R",19,"R",284,"R",9089,"R",14,"R",5,"R",0,"R",0,"R",0
191241,11,"R",253,"R",1,"R",6,"R",246,"R",1,"R",0,"R",0,"R",0,"R",0
191241,12,"R",6870,"R",926,"R",295,"R",5649,"R",488,"R",409,"R",13,"R",16,"R",0
191287, 1,"R",428,"A",,"A",,"R",428,"A",,"A",,"A",,"A",,"A",
191287, 2,"R",428,"A",,"A",,"R",428,"A",,"A",,"A",,"A",,"A",
191302, 1,"R",2451,"R",86,"R",201,"R",2164,"R",82,"Z",0,"R",0,"R",1,"R",3
191302, 2,"R",2451,"R",86,"R",201,"R",2164,"R",82,"Z",0,"R",0,"R",1,"R",3
191302, 3,"R",1647,"R",77,"R",200,"R",1370,"R",74,"Z",0,"R",0,"R",1,"R",2
191302,11,"R",804,"R",9,"R",1,"R",794,"R",8,"Z",0,"R",0,"R",0,"R",1
191311, 1,"R",139,"A",,"A",,"R",139,"A",,"A",,"A",,"A",,"A",
191311, 2,"R",139,"A",,"A",,"R",139,"A",,"A",,"A",,"A",,"A",
191320, 1,"R",43,"A",,"A",,"R",43,"A",,"A",,"A",,"A",,"A",
191320,12,"R",43,"A",,"A",,"R",43,"A",,"A",,"A",,"A",,"A",
191339, 1,"R",5530,"R",570,"R",1126,"R",3834,"R",549,"R",14,"R",0,"R",6,"R",1
191339, 2,"R",5530,"R",570,"R",1126,"R",3834,"R",549,"R",14,"R",0,"R",6,"R",1
191339, 3,"R",2839,"R",407,"R",1022,"R",1410,"R",393,"R",12,"R",0,"R",1,"R",1
191339,11,"R",2691,"R",163,"R",104,"R",2424,"R",156,"R",2,"R",0,"R",5,"R",0
191515, 1,"R",2005,"A",,"A",,"R",2005,"A",,"A",,"A",,"A",,"A",
191515, 2,"R",2005,"A",,"A",,"R",2005,"A",,"A",,"A",,"A",,"A",
191515, 3,"R",1989,"A",,"A",,"R",1989,"A",,"A",,"A",,"A",,"A",
191515,11,"R",16,"A",,"A",,"R",16,"A",,"A",,"A",,"A",,"A",
191533, 1,"R",1176,"R",0,"R",34,"R",1142,"A",,"A",,"A",,"A",,"A",
191533, 2,"R",1176,"R",0,"R",34,"R",1142,"A",,"A",,"A",,"A",,"A",
191533, 3,"R",1165,"R",0,"R",34,"R",1131,"A",,"A",,"A",,"A",,"A",
191533,11,"R",11,"R",0,"R",0,"R",11,"A",,"A",,"A",,"A",,"A",
191597, 1,"R",488,"A",,"A",,"R",488,"A",,"A",,"A",,"A",,"A",
191597, 2,"R",488,"A",,"A",,"R",488,"A",,"A",,"A",,"A",,"A",
191597, 3,"R",488,"A",,"A",,"R",488,"A",,"A",,"A",,"A",,"A",
191612, 1,"R",2398,"R",524,"R",362,"R",1512,"R",506,"R",18,"R",0,"R",0,"R",0
191612, 2,"R",2398,"R",524,"R",362,"R",1512,"R",506,"R",18,"R",0,"R",0,"R",0
191612, 3,"R",1704,"R",447,"R",349,"R",908,"R",433,"R",14,"R",0,"R",0,"R",0
191612,11,"R",694,"R",77,"R",13,"R",604,"R",73,"R",4,"R",0,"R",0,"R",0
191621, 1,"R",764,"R",6,"R",117,"R",641,"R",5,"R",1,"R",0,"R",0,"R",0
191621, 2,"R",732,"R",6,"R",117,"R",609,"R",5,"R",1,"R",0,"R",0,"R",0
191621, 3,"R",725,"R",6,"R",117,"R",602,"R",5,"R",1,"R",0,"R",0,"R",0
191621,11,"R",7,"R",0,"R",0,"R",7,"A",,"A",,"A",,"A",,"A",
191621,12,"R",32,"A",,"A",,"R",32,"A",,"A",,"A",,"A",,"A",
191630, 1,"R",2241,"A",,"A",,"R",2241,"A",,"A",,"A",,"A",,"A",
191630, 2,"R",2229,"A",,"A",,"R",2229,"A",,"A",,"A",,"A",,"A",
191630, 3,"R",2206,"A",,"A",,"R",2206,"A",,"A",,"A",,"A",,"A",
191630,11,"R",23,"A",,"A",,"R",23,"A",,"A",,"A",,"A",,"A",
191630,12,"R",12,"A",,"A",,"R",12,"A",,"A",,"A",,"A",,"A",
191649, 1,"R",10871,"R",197,"R",960,"R",9714,"R",114,"R",81,"R",0,"R",2,"R",0
191649, 2,"R",6701,"R",9,"R",410,"R",6282,"R",5,"R",4,"R",0,"R",0,"R",0
191649, 3,"R",6616,"R",8,"R",408,"R",6200,"R",4,"R",4,"R",0,"R",0,"R",0
191649,11,"R",85,"R",1,"R",2,"R",82,"R",1,"R",0,"R",0,"R",0,"R",0
191649,12,"R",4170,"R",188,"R",550,"R",3432,"R",109,"R",77,"R",0,"R",2,"R",0
191676, 1,"R",1001,"R",62,"R",0,"R",939,"R",40,"R",19,"R",0,"R",3,"R",0
191676, 2,"R",988,"R",62,"R",0,"R",926,"R",40,"R",19,"R",0,"R",3,"R",0
191676, 3,"R",981,"R",62,"R",0,"R",919,"R",40,"R",19,"R",0,"R",3,"R",0
191676,11,"R",7,"R",0,"R",0,"R",7,"A",,"A",,"A",,"A",,"A",
191676,12,"R",13,"A",,"A",,"R",13,"A",,"A",,"A",,"A",,"A",
191719, 1,"R",10896,"R",1158,"R",2290,"R",7448,"R",1131,"R",24,"R",0,"R",3,"R",0
191719, 2,"R",10896,"R",1158,"R",2290,"R",7448,"R",1131,"R",24,"R",0,"R",3,"R",0
191719, 3,"R",7562,"R",717,"R",2074,"R",4771,"R",695,"R",20,"R",0,"R",2,"R",0
191719,11,"R",3334,"R",441,"R",216,"R",2677,"R",436,"R",4,"R",0,"R",1,"R",0
191728, 1,"R",1093,"A",,"A",,"R",1093,"A",,"A",,"A",,"A",,"A",
191728, 2,"R",1093,"A",,"A",,"R",1093,"A",,"A",,"A",,"A",,"A",
191931, 1,"R",3926,"R",27,"R",253,"R",3646,"R",24,"R",3,"R",0,"R",0,"R",0
191931, 2,"R",3287,"R",1,"R",119,"R",3167,"R",0,"R",1,"R",0,"R",0,"R",0
191931, 3,"R",3005,"R",1,"R",119,"R",2885,"R",0,"R",1,"R",0,"R",0,"R",0
191931,11,"R",282,"R",0,"R",0,"R",282,"A",,"A",,"A",,"A",,"A",
191931,12,"R",639,"R",26,"R",134,"R",479,"R",24,"R",2,"R",0,"R",0,"R",0
191940, 1,"R",78,"A",,"A",,"R",78,"A",,"A",,"A",,"A",,"A",
191940, 2,"R",78,"A",,"A",,"R",78,"A",,"A",,"A",,"A",,"A",
191959, 1,"R",82,"A",,"A",,"R",82,"A",,"A",,"A",,"A",,"A",
191959, 2,"R",82,"A",,"A",,"R",82,"A",,"A",,"A",,"A",,"A",
191959, 3,"R",82,"A",,"A",,"R",82,"A",,"A",,"A",,"A",,"A",
191968, 1,"R",6517,"R",6,"R",768,"R",5743,"R",5,"R",1,"Z",0,"Z",0,"R",0
191968, 2,"R",6101,"R",6,"R",766,"R",5329,"R",5,"R",1,"Z",0,"Z",0,"R",0
191968, 3,"R",6072,"R",6,"R",766,"R",5300,"R",5,"R",1,"Z",0,"Z",0,"R",0
191968,11,"R",29,"R",0,"R",0,"R",29,"A",,"A",,"A",,"A",,"A",
191968,12,"R",416,"R",0,"R",2,"R",414,"A",,"A",,"A",,"A",,"A",
191986, 1,"R",4476,"R",249,"R",619,"R",3608,"R",219,"R",30,"R",0,"R",0,"R",0
191986, 2,"R",4476,"R",249,"R",619,"R",3608,"R",219,"R",30,"R",0,"R",0,"R",0
191986, 3,"R",2389,"R",221,"R",599,"R",1569,"R",197,"R",24,"R",0,"R",0,"R",0
191986,11,"R",2087,"R",28,"R",20,"R",2039,"R",22,"R",6,"R",0,"R",0,"R",0
192004, 1,"R",298,"A",,"A",,"R",298,"A",,"A",,"A",,"A",,"A",
192004, 2,"R",298,"A",,"A",,"R",298,"A",,"A",,"A",,"A",,"A",
192004, 3,"R",298,"A",,"A",,"R",298,"A",,"A",,"A",,"A",,"A",
192022, 1,"R",3277,"R",264,"R",693,"R",2320,"R",229,"R",19,"R",0,"R",1,"R",15
192022, 2,"R",3277,"R",264,"R",693,"R",2320,"R",229,"R",19,"R",0,"R",1,"R",15
192022, 3,"R",2409,"R",201,"R",665,"R",1543,"R",169,"R",19,"R",0,"R",1,"R",12
192022,11,"R",868,"R",63,"R",28,"R",777,"R",60,"Z",0,"R",0,"R",0,"R",3
192040, 1,"R",336,"R",27,"R",21,"R",288,"R",5,"R",20,"Z",0,"R",2,"R",0
192040, 2,"R",147,"A",,"A",,"R",147,"A",,"A",,"A",,"A",,"A",
192040, 3,"R",146,"A",,"A",,"R",146,"A",,"A",,"A",,"A",,"A",
192040,11,"R",1,"A",,"A",,"R",1,"A",,"A",,"A",,"A",,"A",
192040,12,"R",189,"R",27,"R",21,"R",141,"R",5,"R",20,"Z",0,"R",2,"R",0
192110, 1,"R",942,"A",,"A",,"R",942,"A",,"A",,"A",,"A",,"A",
192110, 2,"R",585,"A",,"A",,"R",585,"A",,"A",,"A",,"A",,"A",
192110, 3,"R",487,"A",,"A",,"R",487,"A",,"A",,"A",,"A",,"A",
192110,11,"R",98,"A",,"A",,"R",98,"A",,"A",,"A",,"A",,"A",
192110,12,"R",357,"A",,"A",,"R",357,"A",,"A",,"A",,"A",,"A",
192165, 1,"R",159,"A",,"A",,"R",159,"A",,"A",,"A",,"A",,"A",
192165, 2,"R",159,"A",,"A",,"R",159,"A",,"A",,"A",,"A",,"A",
192165, 3,"R",159,"A",,"A",,"R",159,"A",,"A",,"A",,"A",,"A",
192192, 1,"R",1926,"Z",0,"R",128,"R",1798,"A",,"A",,"A",,"A",,"A",
192192, 2,"R",1673,"Z",0,"R",78,"R",1595,"A",,"A",,"A",,"A",,"A",
192192, 3,"R",1671,"Z",0,"R",78,"R",1593,"A",,"A",,"A",,"A",,"A",
192192,11,"R",2,"Z",0,"Z",0,"R",2,"A",,"A",,"A",,"A",,"A",
192192,12,"R",253,"Z",0,"R",50,"R",203,"A",,"A",,"A",,"A",,"A",
192271, 1,"R",1781,"R",257,"R",957,"R",567,"R",80,"R",169,"R",0,"R",8,"R",0
192271, 2,"R",1503,"R",146,"R",915,"R",442,"R",50,"R",90,"R",0,"R",6,"R",0
192271, 3,"R",1503,"R",146,"R",915,"R",442,"R",50,"R",90,"R",0,"R",6,"R",0
192271,12,"R",278,"R",111,"R",42,"R",125,"R",30,"R",79,"R",0,"R",2,"R",0
192323, 1,"R",3356,"R",0,"R",52,"R",3304,"A",,"A",,"A",,"A",,"A",
192323, 2,"R",2747,"R",0,"R",0,"R",2747,"A",,"A",,"A",,"A",,"A",
192323, 3,"R",2607,"R",0,"R",0,"R",2607,"A",,"A",,"A",,"A",,"A",
192323,11,"R",140,"R",0,"R",0,"R",140,"A",,"A",,"A",,"A",,"A",
192323,12,"R",609,"R",0,"R",52,"R",557,"A",,"A",,"A",,"A",,"A",
192448, 1,"R",15196,"R",137,"R",396,"R",14663,"R",118,"R",18,"R",0,"R",1,"R",0
192448, 2,"R",9918,"R",4,"R",105,"R",9809,"R",4,"R",0,"R",0,"R",0,"R",0
192448, 3,"R",6323,"R",4,"R",105,"R",6214,"R",4,"R",0,"R",0,"R",0,"R",0
192448,11,"R",3595,"R",0,"R",0,"R",3595,"A",,"A",,"A",,"A",,"A",
192448,12,"R",5278,"R",133,"R",291,"R",4854,"R",114,"R",18,"R",0,"R",1,"R",0
192484, 1,"R",104,"A",,"A",,"R",104,"A",,"A",,"A",,"A",,"A",
192484, 2,"R",104,"A",,"A",,"R",104,"A",,"A",,"A",,"A",,"A",
192509, 1,"R",665,"A",,"A",,"R",665,"A",,"A",,"A",,"A",,"A",
192509, 2,"R",665,"A",,"A",,"R",665,"A",,"A",,"A",,"A",,"A",
192509, 3,"R",637,"A",,"A",,"R",637,"A",,"A",,"A",,"A",,"A",
192509,11,"R",28,"A",,"A",,"R",28,"A",,"A",,"A",,"A",,"A",
192624, 1,"R",149,"A",,"A",,"R",149,"A",,"A",,"A",,"A",,"A",
192624, 2,"R",149,"A",,"A",,"R",149,"A",,"A",,"A",,"A",,"A",
192624, 3,"R",149,"A",,"A",,"R",149,"A",,"A",,"A",,"A",,"A",
192688, 1,"R",581,"A",,"A",,"R",581,"A",,"A",,"A",,"A",,"A",
192688, 2,"R",581,"A",,"A",,"R",581,"A",,"A",,"A",,"A",,"A",
192688, 3,"R",581,"A",,"A",,"R",581,"A",,"A",,"A",,"A",,"A",
192703, 1,"R",4232,"R",65,"Z",0,"R",4167,"R",55,"R",9,"Z",0,"Z",0,"R",1
192703, 2,"R",3654,"R",0,"Z",0,"R",3654,"A",,"A",,"A",,"A",,"A",
192703, 3,"R",3654,"R",0,"Z",0,"R",3654,"A",,"A",,"A",,"A",,"A",
192703,12,"R",578,"R",65,"Z",0,"R",513,"R",55,"R",9,"Z",0,"Z",0,"R",1
192712, 1,"R",1008,"R",0,"R",25,"R",983,"A",,"A",,"A",,"A",,"A",
192712, 2,"R",511,"R",0,"R",22,"R",489,"A",,"A",,"A",,"A",,"A",
192712, 3,"R",511,"R",0,"R",22,"R",489,"A",,"A",,"A",,"A",,"A",
192712,12,"R",497,"R",0,"R",3,"R",494,"A",,"A",,"A",,"A",,"A",
192749, 1,"R",2494,"R",0,"R",27,"R",2467,"A",,"A",,"A",,"A",,"A",
192749, 2,"R",1590,"A",,"A",,"R",1590,"A",,"A",,"A",,"A",,"A",
192749, 3,"R",1546,"A",,"A",,"R",1546,"A",,"A",,"A",,"A",,"A",
192749,11,"R",44,"A",,"A",,"R",44,"A",,"A",,"A",,"A",,"A",
192749,12,"R",904,"R",0,"R",27,"R",877,"A",,"A",,"A",,"A",,"A",
192785, 1,"R",912,"R",11,"R",347,"R",554,"R",10,"R",1,"Z",0,"Z",0,"R",0
192785, 2,"R",912,"R",11,"R",347,"R",554,"R",10,"R",1,"Z",0,"Z",0,"R",0
192785, 3,"R",876,"R",11,"R",346,"R",519,"R",10,"R",1,"Z",0,"Z",0,"R",0
192785,11,"R",36,"R",0,"R",1,"R",35,"A",,"A",,"A",,"A",,"A",
192800, 1,"R",24,"A",,"A",,"R",24,"A",,"A",,"A",,"A",,"A",
192800, 2,"R",24,"A",,"A",,"R",24,"A",,"A",,"A",,"A",,"A",
192819, 1,"R",6624,"R",705,"R",1054,"R",4865,"R",503,"R",196,"R",0,"R",3,"R",3
192819, 2,"R",5670,"R",100,"R",911,"R",4659,"R",74,"R",23,"R",0,"R",3,"R",0
192819, 3,"R",5405,"R",96,"R",911,"R",4398,"R",70,"R",23,"R",0,"R",3,"R",0
192819,11,"R",265,"R",4,"R",0,"R",261,"R",4,"R",0,"R",0,"R",0,"R",0
192819,12,"R",954,"R",605,"R",143,"R",206,"R",429,"R",173,"R",0,"R",0,"R",3
192864, 1,"R",2063,"R",3,"R",190,"R",1870,"Z",0,"Z",0,"Z",0,"Z",0,"R",3
192864, 2,"R",2063,"R",3,"R",190,"R",1870,"Z",0,"Z",0,"Z",0,"Z",0,"R",3
192864, 3,"R",2032,"R",3,"R",187,"R",1842,"Z",0,"Z",0,"Z",0,"Z",0,"R",3
192864,11,"R",31,"Z",0,"R",3,"R",28,"A",,"A",,"A",,"A",,"A",
192925, 1,"R",2146,"R",294,"R",341,"R",1511,"R",251,"R",40,"Z",0,"Z",0,"R",3
192925, 2,"R",1511,"R",174,"R",87,"R",1250,"R",148,"R",24,"Z",0,"Z",0,"R",2
192925, 3,"R",1490,"R",174,"R",86,"R",1230,"R",148,"R",24,"Z",0,"Z",0,"R",2
192925,11,"R",21,"Z",0,"R",1,"R",20,"A",,"A",,"A",,"A",,"A",
192925,12,"R",635,"R",120,"R",254,"R",261,"R",103,"R",16,"Z",0,"Z",0,"R",1
192961, 1,"R",114,"A",,"A",,"R",114,"A",,"A",,"A",,"A",,"A",
192961, 2,"R",114,"A",,"A",,"R",114,"A",,"A",,"A",,"A",,"A",
192961, 3,"R",114,"A",,"A",,"R",114,"A",,"A",,"A",,"A",,"A",
192970, 1,"R",15,"A",,"A",,"R",15,"A",,"A",,"A",,"A",,"A",
192970, 2,"R",15,"A",,"A",,"R",15,"A",,"A",,"A",,"A",,"A",
193016, 1,"R",9031,"R",1147,"R",2533,"R",5351,"R",1010,"R",134,"R",2,"R",1,"R",0
193016, 2,"R",6611,"R",508,"R",1931,"R",4172,"R",432,"R",75,"R",0,"R",1,"R",0
193016, 3,"R",5870,"R",502,"R",1904,"R",3464,"R",426,"R",75,"R",0,"R",1,"R",0
193016,11,"R",741,"R",6,"R",27,"R",708,"R",6,"R",0,"R",0,"R",0,"R",0
193016,12,"R",2420,"R",639,"R",602,"R",1179,"R",578,"R",59,"R",2,"R",0,"R",0
193052, 1,"R",318,"A",,"A",,"R",318,"A",,"A",,"A",,"A",,"A",
193052, 2,"R",206,"A",,"A",,"R",206,"A",,"A",,"A",,"A",,"A",
193052, 3,"R",206,"A",,"A",,"R",206,"A",,"A",,"A",,"A",,"A",
193052,12,"R",112,"A",,"A",,"R",112,"A",,"A",,"A",,"A",,"A",
193061, 1,"R",36,"A",,"A",,"R",36,"A",,"A",,"A",,"A",,"A",
193061, 2,"R",33,"A",,"A",,"R",33,"A",,"A",,"A",,"A",,"A",
193061, 3,"R",33,"A",,"A",,"R",33,"A",,"A",,"A",,"A",,"A",
193061,12,"R",3,"A",,"A",,"R",3,"A",,"A",,"A",,"A",,"A",
193070, 1,"R",65,"R",0,"R",0,"R",65,"A",,"A",,"A",,"A",,"A",
193070, 2,"R",43,"R",0,"R",0,"R",43,"A",,"A",,"A",,"A",,"A",
193070, 3,"R",43,"R",0,"R",0,"R",43,"A",,"A",,"A",,"A",,"A",
193070,12,"R",22,"A",,"A",,"R",22,"A",,"A",,"A",,"A",,"A",
193122, 1,"R",106,"A",,"A",,"R",106,"A",,"A",,"A",,"A",,"A",
193122, 2,"R",106,"A",,"A",,"R",106,"A",,"A",,"A",,"A",,"A",
193122, 3,"R",106,"A",,"A",,"R",106,"A",,"A",,"A",,"A",,"A",
193186, 1,"R",68,"A",,"A",,"R",68,"A",,"A",,"A",,"A",,"A",
193186, 2,"R",68,"A",,"A",,"R",68,"A",,"A",,"A",,"A",,"A",
193201, 1,"R",422,"R",29,"R",253,"R",140,"R",25,"R",4,"R",0,"R",0,"R",0
193201, 2,"R",422,"R",29,"R",253,"R",140,"R",25,"R",4,"R",0,"R",0,"R",0
193201, 3,"R",422,"R",29,"R",253,"R",140,"R",25,"R",4,"R",0,"R",0,"R",0
193247, 1,"R",172,"A",,"A",,"R",172,"A",,"A",,"A",,"A",,"A",
193247, 2,"R",133,"A",,"A",,"R",133,"A",,"A",,"A",,"A",,"A",
193247, 3,"R",133,"A",,"A",,"R",133,"A",,"A",,"A",,"A",,"A",
193247,12,"R",39,"A",,"A",,"R",39,"A",,"A",,"A",,"A",,"A",
193265, 1,"R",86,"A",,"A",,"R",86,"A",,"A",,"A",,"A",,"A",
193265, 2,"R",86,"A",,"A",,"R",86,"A",,"A",,"A",,"A",,"A",
193283, 1,"R",6317,"R",264,"R",930,"R",5123,"R",260,"R",3,"Z",0,"R",1,"R",0
193283, 2,"R",6317,"R",264,"R",930,"R",5123,"R",260,"R",3,"Z",0,"R",1,"R",0
193283, 3,"R",3946,"R",217,"R",912,"R",2817,"R",214,"R",3,"Z",0,"Z",0,"R",0
193283,11,"R",2371,"R",47,"R",18,"R",2306,"R",46,"Z",0,"Z",0,"R",1,"R",0
193292, 1,"R",4929,"R",101,"R",818,"R",4010,"R",98,"R",3,"R",0,"R",0,"R",0
193292, 2,"R",3439,"R",15,"R",698,"R",2726,"R",15,"R",0,"R",0,"R",0,"R",0
193292, 3,"R",3409,"R",13,"R",696,"R",2700,"R",13,"R",0,"R",0,"R",0,"R",0
193292,11,"R",30,"R",2,"R",2,"R",26,"R",2,"R",0,"R",0,"R",0,"R",0
193292,12,"R",1490,"R",86,"R",120,"R",1284,"R",83,"R",3,"R",0,"R",0,"R",0
193308, 1,"R",6386,"R",708,"R",997,"R",4681,"R",203,"R",46,"Z",0,"R",459,"R",0
193308, 2,"R",5568,"R",601,"R",786,"R",4181,"R",146,"R",33,"Z",0,"R",422,"R",0
193308, 3,"R",5482,"R",596,"R",786,"R",4100,"R",145,"R",33,"Z",0,"R",418,"R",0
193308,11,"R",86,"R",5,"R",0,"R",81,"R",1,"Z",0,"Z",0,"R",4,"R",0
193308,12,"R",818,"R",107,"R",211,"R",500,"R",57,"R",13,"Z",0,"R",37,"R",0
193326, 1,"R",12273,"R",1176,"R",2363,"R",8734,"R",1119,"Z",0,"R",0,"R",16,"R",41
193326, 2,"R",12273,"R",1176,"R",2363,"R",8734,"R",1119,"Z",0,"R",0,"R",16,"R",41
193326, 3,"R",11251,"R",866,"R",2316,"R",8069,"R",850,"Z",0,"R",0,"R",3,"R",13
193326,11,"R",1022,"R",310,"R",47,"R",665,"R",269,"Z",0,"R",0,"R",13,"R",28
193353, 1,"R",2352,"R",18,"R",164,"R",2170,"R",17,"R",1,"Z",0,"Z",0,"R",0
193353, 2,"R",2005,"R",18,"R",163,"R",1824,"R",17,"R",1,"Z",0,"Z",0,"R",0
193353, 3,"R",1996,"R",18,"R",163,"R",1815,"R",17,"R",1,"Z",0,"Z",0,"R",0
193353,11,"R",9,"R",0,"R",0,"R",9,"A",,"A",,"A",,"A",,"A",
193353,12,"R",347,"R",0,"R",1,"R",346,"A",,"A",,"A",,"A",,"A",
193380, 1,"R",148,"A",,"A",,"R",148,"A",,"A",,"A",,"A",,"A",
193380, 2,"R",148,"A",,"A",,"R",148,"A",,"A",,"A",,"A",,"A",
193380, 3,"R",148,"A",,"A",,"R",148,"A",,"A",,"A",,"A",,"A",
193399, 1,"R",1861,"R",11,"R",43,"R",1807,"R",11,"Z",0,"Z",0,"Z",0,"R",0
193399, 2,"R",1636,"A",,"A",,"R",1636,"A",,"A",,"A",,"A",,"A",
193399, 3,"R",1630,"A",,"A",,"R",1630,"A",,"A",,"A",,"A",,"A",
193399,11,"R",6,"A",,"A",,"R",6,"A",,"A",,"A",,"A",,"A",
193399,12,"R",225,"R",11,"R",43,"R",171,"R",11,"Z",0,"Z",0,"Z",0,"R",0
193405, 1,"R",1214,"R",0,"R",38,"R",1176,"A",,"A",,"A",,"A",,"A",
193405,12,"R",1214,"R",0,"R",38,"R",1176,"A",,"A",,"A",,"A",,"A",
193478, 1,"R",17406,"R",741,"R",3098,"R",13567,"R",740,"Z",0,"R",0,"R",1,"R",0
193478, 2,"R",17406,"R",741,"R",3098,"R",13567,"R",740,"Z",0,"R",0,"R",1,"R",0
193478, 3,"R",15322,"R",499,"R",2844,"R",11979,"R",498,"Z",0,"R",0,"R",1,"R",0
193478,11,"R",2084,"R",242,"R",254,"R",1588,"R",242,"Z",0,"R",0,"R",0,"R",0
193584, 1,"R",2987,"R",27,"R",601,"R",2359,"R",27,"Z",0,"Z",0,"Z",0,"R",0
193584, 2,"R",2269,"R",3,"R",391,"R",1875,"R",3,"Z",0,"Z",0,"Z",0,"R",0
193584, 3,"R",2252,"R",2,"R",390,"R",1860,"R",2,"Z",0,"Z",0,"Z",0,"R",0
193584,11,"R",17,"R",1,"R",1,"R",15,"R",1,"Z",0,"Z",0,"Z",0,"R",0
193584,12,"R",718,"R",24,"R",210,"R",484,"R",24,"Z",0,"Z",0,"Z",0,"R",0
193609, 1,"R",83,"A",,"A",,"R",83,"A",,"A",,"A",,"A",,"A",
193609, 2,"R",83,"A",,"A",,"R",83,"A",,"A",,"A",,"A",,"A",
193645, 1,"R",2853,"R",12,"R",155,"R",2686,"R",12,"Z",0,"Z",0,"Z",0,"R",0
193645, 2,"R",2305,"R",3,"R",127,"R",2175,"R",3,"Z",0,"Z",0,"Z",0,"R",0
193645, 3,"R",2305,"R",3,"R",127,"R",2175,"R",3,"Z",0,"Z",0,"Z",0,"R",0
193645,12,"R",548,"R",9,"R",28,"R",511,"R",9,"Z",0,"Z",0,"Z",0,"R",0
193654, 1,"R",10544,"R",248,"R",899,"R",9397,"R",71,"R",148,"R",0,"R",10,"R",19
193654, 2,"R",7436,"R",144,"R",747,"R",6545,"R",51,"R",80,"R",0,"R",3,"R",10
193654, 3,"R",7274,"R",134,"R",734,"R",6406,"R",46,"R",77,"R",0,"R",2,"R",9
193654,11,"R",162,"R",10,"R",13,"R",139,"R",5,"R",3,"R",0,"R",1,"R",1
193654,12,"R",3108,"R",104,"R",152,"R",2852,"R",20,"R",68,"R",0,"R",7,"R",9
193672, 1,"R",40,"A",,"A",,"R",40,"A",,"A",,"A",,"A",,"A",
193672, 2,"R",40,"A",,"A",,"R",40,"A",,"A",,"A",,"A",,"A",
193751, 1,"R",895,"R",177,"R",64,"R",654,"R",48,"R",125,"R",0,"R",4,"R",0
193751,12,"R",895,"R",177,"R",64,"R",654,"R",48,"R",125,"R",0,"R",4,"R",0
193821, 1,"R",1042,"A",,"A",,"R",1042,"A",,"A",,"A",,"A",,"A",
193821,12,"R",1042,"A",,"A",,"R",1042,"A",,"A",,"A",,"A",,"A",
193830, 1,"R",1462,"R",114,"R",158,"R",1190,"R",46,"R",60,"R",0,"R",8,"R",0
193830,12,"R",1462,"R",114,"R",158,"R",1190,"R",46,"R",60,"R",0,"R",8,"R",0
193858, 1,"R",354,"A",,"A",,"R",354,"A",,"A",,"A",,"A",,"A",
193858, 2,"R",354,"A",,"A",,"R",354,"A",,"A",,"A",,"A",,"A",
193894, 1,"R",317,"A",,"A",,"R",317,"A",,"A",,"A",,"A",,"A",
193894,12,"R",317,"A",,"A",,"R",317,"A",,"A",,"A",,"A",,"A",
193900, 1,"R",51847,"R",1593,"R",2264,"R",47990,"R",657,"R",841,"R",40,"R",46,"R",9
193900, 2,"R",26733,"R",90,"R",678,"R",25965,"R",62,"R",18,"R",4,"R",6,"R",0
193900, 3,"R",26339,"R",90,"R",678,"R",25571,"R",62,"R",18,"R",4,"R",6,"R",0
193900,11,"R",394,"Z",0,"Z",0,"R",394,"A",,"A",,"A",,"A",,"A",
193900,12,"R",25114,"R",1503,"R",1586,"R",22025,"R",595,"R",823,"R",36,"R",40,"R",9
193946, 1,"R",5218,"R",207,"R",925,"R",4086,"R",196,"R",3,"R",0,"R",0,"R",8
193946, 2,"R",5218,"R",207,"R",925,"R",4086,"R",196,"R",3,"R",0,"R",0,"R",8
193946, 3,"R",3735,"R",174,"R",919,"R",2642,"R",165,"R",2,"R",0,"R",0,"R",7
193946,11,"R",1483,"R",33,"R",6,"R",1444,"R",31,"R",1,"R",0,"R",0,"R",1
193973, 1,"R",3763,"R",300,"R",813,"R",2650,"R",277,"R",16,"Z",0,"R",7,"R",0
193973, 2,"R",2816,"R",10,"R",563,"R",2243,"R",8,"R",2,"Z",0,"Z",0,"R",0
193973, 3,"R",2749,"R",7,"R",562,"R",2180,"R",6,"R",1,"Z",0,"Z",0,"R",0
193973,11,"R",67,"R",3,"R",1,"R",63,"R",2,"R",1,"Z",0,"Z",0,"R",0
193973,12,"R",947,"R",290,"R",250,"R",407,"R",269,"R",14,"Z",0,"R",7,"R",0
193991, 1,"R",28,"A",,"A",,"R",28,"A",,"A",,"A",,"A",,"A",
193991, 2,"R",28,"A",,"A",,"R",28,"A",,"A",,"A",,"A",,"A",
194028, 1,"R",1978,"R",18,"R",374,"R",1586,"R",18,"Z",0,"Z",0,"Z",0,"R",0
194028, 2,"R",1978,"R",18,"R",374,"R",1586,"R",18,"Z",0,"Z",0,"Z",0,"R",0
194028, 3,"R",929,"R",16,"R",326,"R",587,"R",16,"Z",0,"Z",0,"Z",0,"R",0
194028,11,"R",1049,"R",2,"R",48,"R",999,"R",2,"Z",0,"Z",0,"Z",0,"R",0
194073, 1,"R",350,"A",,"A",,"R",350,"A",,"A",,"A",,"A",,"A",
194073,12,"R",350,"A",,"A",,"R",350,"A",,"A",,"A",,"A",,"A",
194091, 1,"R",7173,"R",389,"R",1563,"R",5221,"R",320,"R",60,"R",8,"R",1,"R",0
194091, 2,"R",3648,"R",25,"R",1150,"R",2473,"R",20,"R",4,"R",0,"R",1,"R",0
194091, 3,"R",3592,"R",25,"R",1138,"R",2429,"R",20,"R",4,"R",0,"R",1,"R",0
194091,11,"R",56,"R",0,"R",12,"R",44,"A",,"A",,"A",,"A",,"A",
194091,12,"R",3525,"R",364,"R",413,"R",2748,"R",300,"R",56,"R",8,"R",0,"R",0
194116, 1,"R",537,"R",115,"R",226,"R",196,"R",37,"R",67,"R",0,"R",11,"R",0
194116, 2,"R",378,"R",113,"R",159,"R",106,"R",37,"R",66,"R",0,"R",10,"R",0
194116, 3,"R",349,"R",103,"R",152,"R",94,"R",33,"R",61,"R",0,"R",9,"R",0
194116,11,"R",29,"R",10,"R",7,"R",12,"R",4,"R",5,"R",0,"R",1,"R",0
194116,12,"R",159,"R",2,"R",67,"R",90,"R",0,"R",1,"R",0,"R",1,"R",0
194161, 1,"R",2351,"R",344,"R",753,"R",1254,"R",164,"R",180,"R",0,"R",0,"R",0
194161, 2,"R",1339,"R",169,"R",549,"R",621,"R",60,"R",109,"R",0,"R",0,"R",0
194161, 3,"R",1329,"R",166,"R",549,"R",614,"R",57,"R",109,"R",0,"R",0,"R",0
194161,11,"R",10,"R",3,"R",0,"R",7,"R",3,"R",0,"R",0,"R",0,"R",0
194161,12,"R",1012,"R",175,"R",204,"R",633,"R",104,"R",71,"R",0,"R",0,"R",0
194189, 1,"R",94,"A",,"A",,"R",94,"A",,"A",,"A",,"A",,"A",
194189, 2,"R",94,"A",,"A",,"R",94,"A",,"A",,"A",,"A",,"A",
194189, 3,"R",94,"A",,"A",,"R",94,"A",,"A",,"A",,"A",,"A",
194222, 1,"R",9834,"R",491,"R",1275,"R",8068,"R",479,"R",12,"R",0,"R",0,"R",0
194222, 2,"R",9834,"R",491,"R",1275,"R",8068,"R",479,"R",12,"R",0,"R",0,"R",0
194222, 3,"R",6190,"R",397,"R",1241,"R",4552,"R",387,"R",10,"R",0,"R",0,"R",0
194222,11,"R",3644,"R",94,"R",34,"R",3516,"R",92,"R",2,"R",0,"R",0,"R",0
194240, 1,"R",6617,"R",125,"R",726,"R",5766,"R",123,"Z",0,"R",0,"R",0,"R",2
194240, 2,"R",6617,"R",125,"R",726,"R",5766,"R",123,"Z",0,"R",0,"R",0,"R",2
194240, 3,"R",4921,"R",101,"R",709,"R",4111,"R",99,"Z",0,"R",0,"R",0,"R",2
194240,11,"R",1696,"R",24,"R",17,"R",1655,"R",24,"Z",0,"R",0,"R",0,"R",0
194259, 1,"R",30,"A",,"A",,"R",30,"A",,"A",,"A",,"A",,"A",
194259, 2,"R",30,"A",,"A",,"R",30,"A",,"A",,"A",,"A",,"A",
194259, 3,"R",30,"A",,"A",,"R",30,"A",,"A",,"A",,"A",,"A",
194310, 1,"R",13326,"R",713,"R",3827,"R",8786,"R",220,"R",489,"R",1,"R",3,"R",0
194310, 2,"R",8677,"R",272,"R",2554,"R",5851,"R",137,"R",132,"R",0,"R",3,"R",0
194310, 3,"R",8439,"R",265,"R",2548,"R",5626,"R",137,"R",125,"R",0,"R",3,"R",0
194310,11,"R",238,"R",7,"R",6,"R",225,"R",0,"R",7,"R",0,"R",0,"R",0
194310,12,"R",4649,"R",441,"R",1273,"R",2935,"R",83,"R",357,"R",1,"R",0,"R",0
194392, 1,"R",745,"R",3,"R",167,"R",575,"Z",0,"Z",0,"R",3,"Z",0,"R",0
194392, 2,"R",745,"R",3,"R",167,"R",575,"Z",0,"Z",0,"R",3,"Z",0,"R",0
194392, 3,"R",740,"R",3,"R",167,"R",570,"Z",0,"Z",0,"R",3,"Z",0,"R",0
194392,11,"R",5,"R",0,"R",0,"R",5,"A",,"A",,"A",,"A",,"A",
194435, 1,"R",129,"A",,"A",,"R",129,"A",,"A",,"A",,"A",,"A",
194435, 2,"R",129,"A",,"A",,"R",129,"A",,"A",,"A",,"A",,"A",
194499, 1,"R",902,"A",,"A",,"R",902,"A",,"A",,"A",,"A",,"A",
194499, 2,"R",902,"A",,"A",,"R",902,"A",,"A",,"A",,"A",,"A",
194499, 3,"R",823,"A",,"A",,"R",823,"A",,"A",,"A",,"A",,"A",
194499,11,"R",79,"A",,"A",,"R",79,"A",,"A",,"A",,"A",,"A",
194569, 1,"R",241,"R",48,"R",43,"R",150,"R",34,"R",14,"Z",0,"Z",0,"R",0
194569, 2,"R",241,"R",48,"R",43,"R",150,"R",34,"R",14,"Z",0,"Z",0,"R",0
194569, 3,"R",139,"R",35,"R",43,"R",61,"R",26,"R",9,"Z",0,"Z",0,"R",0
194569,11,"R",102,"R",13,"R",0,"R",89,"R",8,"R",5,"Z",0,"Z",0,"R",0
194578, 1,"R",5015,"A",,"A",,"R",5015,"A",,"A",,"A",,"A",,"A",
194578, 2,"R",3634,"A",,"A",,"R",3634,"A",,"A",,"A",,"A",,"A",
194578, 3,"R",3591,"A",,"A",,"R",3591,"A",,"A",,"A",,"A",,"A",
194578,11,"R",43,"A",,"A",,"R",43,"A",,"A",,"A",,"A",,"A",
194578,12,"R",1381,"A",,"A",,"R",1381,"A",,"A",,"A",,"A",,"A",
194657, 1,"R",312,"A",,"A",,"R",312,"A",,"A",,"A",,"A",,"A",
194657, 2,"R",174,"A",,"A",,"R",174,"A",,"A",,"A",,"A",,"A",
194657, 3,"R",174,"A",,"A",,"R",174,"A",,"A",,"A",,"A",,"A",
194657,12,"R",138,"A",,"A",,"R",138,"A",,"A",,"A",,"A",,"A",
194666, 1,"R",386,"A",,"A",,"R",386,"A",,"A",,"A",,"A",,"A",
194666, 2,"R",359,"A",,"A",,"R",359,"A",,"A",,"A",,"A",,"A",
194666, 3,"R",359,"A",,"A",,"R",359,"A",,"A",,"A",,"A",,"A",
194666,12,"R",27,"A",,"A",,"R",27,"A",,"A",,"A",,"A",,"A",
194693, 1,"R",47,"A",,"A",,"R",47,"A",,"A",,"A",,"A",,"A",
194693, 2,"R",47,"A",,"A",,"R",47,"A",,"A",,"A",,"A",,"A",
194693, 3,"R",47,"A",,"A",,"R",47,"A",,"A",,"A",,"A",,"A",
194736, 1,"R",156,"A",,"A",,"R",156,"A",,"A",,"A",,"A",,"A",
194736, 2,"R",156,"A",,"A",,"R",156,"A",,"A",,"A",,"A",,"A",
194736, 3,"R",156,"A",,"A",,"R",156,"A",,"A",,"A",,"A",,"A",
194763, 1,"R",472,"A",,"A",,"R",472,"A",,"A",,"A",,"A",,"A",
194763, 2,"R",267,"A",,"A",,"R",267,"A",,"A",,"A",,"A",,"A",
194763, 3,"R",267,"A",,"A",,"R",267,"A",,"A",,"A",,"A",,"A",
194763,12,"R",205,"A",,"A",,"R",205,"A",,"A",,"A",,"A",,"A",
194824, 1,"R",7895,"A",,"A",,"R",7895,"A",,"A",,"A",,"A",,"A",
194824, 2,"R",6628,"A",,"A",,"R",6628,"A",,"A",,"A",,"A",,"A",
194824, 3,"R",6590,"A",,"A",,"R",6590,"A",,"A",,"A",,"A",,"A",
194824,11,"R",38,"A",,"A",,"R",38,"A",,"A",,"A",,"A",,"A",
194824,12,"R",1267,"A",,"A",,"R",1267,"A",,"A",,"A",,"A",,"A",
194958, 1,"R",1739,"R",153,"R",110,"R",1476,"R",146,"R",6,"Z",0,"R",1,"R",0
194958, 2,"R",1335,"R",86,"R",75,"R",1174,"R",85,"R",1,"Z",0,"Z",0,"R",0
194958, 3,"R",1329,"R",80,"R",75,"R",1174,"R",79,"R",1,"Z",0,"Z",0,"R",0
194958,11,"R",6,"R",6,"R",0,"R",0,"R",6,"Z",0,"Z",0,"Z",0,"R",0
194958,12,"R",404,"R",67,"R",35,"R",302,"R",61,"R",5,"Z",0,"R",1,"R",0
195003, 1,"R",16463,"R",418,"R",2247,"R",13798,"R",261,"R",146,"R",0,"R",5,"R",6
195003, 2,"R",13513,"R",130,"R",1935,"R",11448,"R",89,"R",37,"R",0,"R",2,"R",2
195003, 3,"R",12886,"R",96,"R",1927,"R",10863,"R",62,"R",32,"R",0,"R",2,"R",0
195003,11,"R",627,"R",34,"R",8,"R",585,"R",27,"R",5,"R",0,"R",0,"R",2
195003,12,"R",2950,"R",288,"R",312,"R",2350,"R",172,"R",109,"R",0,"R",3,"R",4
195030, 1,"R",11817,"R",86,"R",389,"R",11342,"R",82,"Z",0,"Z",0,"R",3,"R",1
195030, 2,"R",6535,"R",17,"R",220,"R",6298,"R",17,"Z",0,"Z",0,"Z",0,"R",0
195030, 3,"R",6348,"R",14,"R",219,"R",6115,"R",14,"Z",0,"Z",0,"Z",0,"R",0
195030,11,"R",187,"R",3,"R",1,"R",183,"R",3,"Z",0,"Z",0,"Z",0,"R",0
195030,12,"R",5282,"R",69,"R",169,"R",5044,"R",65,"Z",0,"Z",0,"R",3,"R",1
195049, 1,"R",239,"A",,"A",,"R",239,"A",,"A",,"A",,"A",,"A",
195049,12,"R",239,"A",,"A",,"R",239,"A",,"A",,"A",,"A",,"A",
195058, 1,"R",6859,"R",243,"R",1322,"R",5294,"R",231,"R",11,"R",0,"R",0,"R",1
195058, 2,"R",6859,"R",243,"R",1322,"R",5294,"R",231,"R",11,"R",0,"R",0,"R",1
195058, 3,"R",5430,"R",160,"R",1276,"R",3994,"R",154,"R",6,"R",0,"R",0,"R",0
195058,11,"R",1429,"R",83,"R",46,"R",1300,"R",77,"R",5,"R",0,"R",0,"R",1
195067, 1,"R",432,"A",,"A",,"R",432,"A",,"A",,"A",,"A",,"A",
195067, 2,"R",432,"A",,"A",,"R",432,"A",,"A",,"A",,"A",,"A",
195128, 1,"R",2633,"R",326,"R",158,"R",2149,"R",187,"R",120,"R",0,"R",19,"R",0
195128, 2,"R",1465,"R",22,"R",123,"R",1320,"R",20,"R",1,"R",0,"R",1,"R",0
195128, 3,"R",1438,"R",22,"R",122,"R",1294,"R",20,"R",1,"R",0,"R",1,"R",0
195128,11,"R",27,"R",0,"R",1,"R",26,"A",,"A",,"A",,"A",,"A",
195128,12,"R",1168,"R",304,"R",35,"R",829,"R",167,"R",119,"R",0,"R",18,"R",0
195155, 1,"R",72,"R",0,"R",6,"R",66,"A",,"A",,"A",,"A",,"A",
195155,12,"R",72,"R",0,"R",6,"R",66,"A",,"A",,"A",,"A",,"A",
195164, 1,"R",2379,"R",294,"R",351,"R",1734,"R",178,"R",112,"R",0,"R",4,"R",0
195164, 2,"R",1814,"R",0,"R",241,"R",1573,"A",,"A",,"A",,"A",,"A",
195164, 3,"R",1730,"R",0,"R",241,"R",1489,"A",,"A",,"A",,"A",,"A",
195164,11,"R",84,"R",0,"R",0,"R",84,"A",,"A",,"A",,"A",,"A",
195164,12,"R",565,"R",294,"R",110,"R",161,"R",178,"R",112,"R",0,"R",4,"R",0
195173, 1,"R",2413,"R",2,"R",565,"R",1846,"R",1,"R",1,"Z",0,"Z",0,"R",0
195173, 2,"R",2323,"R",2,"R",548,"R",1773,"R",1,"R",1,"Z",0,"Z",0,"R",0
195173, 3,"R",2315,"R",2,"R",545,"R",1768,"R",1,"R",1,"Z",0,"Z",0,"R",0
195173,11,"R",8,"R",0,"R",3,"R",5,"A",,"A",,"A",,"A",,"A",
195173,12,"R",90,"R",0,"R",17,"R",73,"A",,"A",,"A",,"A",,"A",
195191, 1,"R",318,"A",,"A",,"R",318,"A",,"A",,"A",,"A",,"A",
195191, 2,"R",318,"A",,"A",,"R",318,"A",,"A",,"A",,"A",,"A",
195191, 3,"R",318,"A",,"A",,"R",318,"A",,"A",,"A",,"A",,"A",
195216, 1,"R",2522,"R",0,"R",0,"R",2522,"A",,"A",,"A",,"A",,"A",
195216, 2,"R",2441,"R",0,"R",0,"R",2441,"A",,"A",,"A",,"A",,"A",
195216, 3,"R",2406,"R",0,"R",0,"R",2406,"A",,"A",,"A",,"A",,"A",
195216,11,"R",35,"R",0,"R",0,"R",35,"A",,"A",,"A",,"A",,"A",
195216,12,"R",81,"R",0,"R",0,"R",81,"A",,"A",,"A",,"A",,"A",
195234, 1,"R",3983,"R",28,"R",674,"R",3281,"R",28,"Z",0,"Z",0,"Z",0,"R",0
195234, 2,"R",2489,"R",2,"R",484,"R",2003,"R",2,"Z",0,"Z",0,"Z",0,"R",0
195234, 3,"R",2469,"R",1,"R",484,"R",1984,"R",1,"Z",0,"Z",0,"Z",0,"R",0
195234,11,"R",20,"R",1,"R",0,"R",19,"R",1,"Z",0,"Z",0,"Z",0,"R",0
195234,12,"R",1494,"R",26,"R",190,"R",1278,"R",26,"Z",0,"Z",0,"Z",0,"R",0
195243, 1,"R",2000,"R",8,"R",147,"R",1845,"R",6,"R",2,"R",0,"R",0,"R",0
195243, 2,"R",1862,"R",0,"R",147,"R",1715,"A",,"A",,"A",,"A",,"A",
195243, 3,"R",1180,"R",0,"R",146,"R",1034,"A",,"A",,"A",,"A",,"A",
195243,11,"R",682,"R",0,"R",1,"R",681,"A",,"A",,"A",,"A",,"A",
195243,12,"R",138,"R",8,"R",0,"R",130,"R",6,"R",2,"R",0,"R",0,"R",0
195289, 1,"R",130,"A",,"A",,"R",130,"A",,"A",,"A",,"A",,"A",
195289, 2,"R",130,"A",,"A",,"R",130,"A",,"A",,"A",,"A",,"A",
195289, 3,"R",130,"A",,"A",,"R",130,"A",,"A",,"A",,"A",,"A",
195304, 1,"R",1709,"R",0,"R",5,"R",1704,"A",,"A",,"A",,"A",,"A",
195304, 2,"R",1410,"A",,"A",,"R",1410,"A",,"A",,"A",,"A",,"A",
195304, 3,"R",1369,"A",,"A",,"R",1369,"A",,"A",,"A",,"A",,"A",
195304,11,"R",41,"A",,"A",,"R",41,"A",,"A",,"A",,"A",,"A",
195304,12,"R",299,"R",0,"R",5,"R",294,"A",,"A",,"A",,"A",,"A",
195322, 1,"R",5231,"R",500,"R",1078,"R",3653,"R",498,"Z",0,"R",0,"R",1,"R",1
195322, 2,"R",5231,"R",500,"R",1078,"R",3653,"R",498,"Z",0,"R",0,"R",1,"R",1
195322, 3,"R",2677,"R",257,"R",917,"R",1503,"R",255,"Z",0,"R",0,"R",1,"R",1
195322,11,"R",2554,"R",243,"R",161,"R",2150,"R",243,"Z",0,"R",0,"R",0,"R",0
195438, 1,"R",160,"A",,"A",,"R",160,"A",,"A",,"A",,"A",,"A",
195438, 2,"R",138,"A",,"A",,"R",138,"A",,"A",,"A",,"A",,"A",
195438, 3,"R",138,"A",,"A",,"R",138,"A",,"A",,"A",,"A",,"A",
195438,12,"R",22,"A",,"A",,"R",22,"A",,"A",,"A",,"A",,"A",
195474, 1,"R",3221,"R",5,"R",226,"R",2990,"R",3,"R",2,"R",0,"R",0,"R",0
195474, 2,"R",3164,"R",5,"R",226,"R",2933,"R",3,"R",2,"R",0,"R",0,"R",0
195474, 3,"R",3135,"R",5,"R",226,"R",2904,"R",3,"R",2,"R",0,"R",0,"R",0
195474,11,"R",29,"R",0,"R",0,"R",29,"A",,"A",,"A",,"A",,"A",
195474,12,"R",57,"A",,"A",,"R",57,"A",,"A",,"A",,"A",,"A",
195526, 1,"R",2613,"A",,"A",,"R",2613,"A",,"A",,"A",,"A",,"A",
195526, 2,"R",2612,"A",,"A",,"R",2612,"A",,"A",,"A",,"A",,"A",
195526, 3,"R",2598,"A",,"A",,"R",2598,"A",,"A",,"A",,"A",,"A",
195526,11,"R",14,"A",,"A",,"R",14,"A",,"A",,"A",,"A",,"A",
195526,12,"R",1,"A",,"A",,"R",1,"A",,"A",,"A",,"A",,"A",
195544, 1,"R",1179,"R",37,"R",297,"R",845,"R",36,"R",1,"R",0,"R",0,"R",0
195544, 2,"R",943,"R",12,"R",234,"R",697,"R",12,"R",0,"R",0,"R",0,"R",0
195544, 3,"R",937,"R",12,"R",233,"R",692,"R",12,"R",0,"R",0,"R",0,"R",0
195544,11,"R",6,"R",0,"R",1,"R",5,"A",,"A",,"A",,"A",,"A",
195544,12,"R",236,"R",25,"R",63,"R",148,"R",24,"R",1,"R",0,"R",0,"R",0
195562, 1,"R",4115,"R",593,"R",1039,"R",2483,"R",543,"R",50,"R",0,"R",0,"R",0
195562, 2,"R",3148,"R",276,"R",902,"R",1970,"R",246,"R",30,"R",0,"R",0,"R",0
195562, 3,"R",3120,"R",271,"R",901,"R",1948,"R",241,"R",30,"R",0,"R",0,"R",0
195562,11,"R",28,"R",5,"R",1,"R",22,"R",5,"R",0,"R",0,"R",0,"R",0
195562,12,"R",967,"R",317,"R",137,"R",513,"R",297,"R",20,"R",0,"R",0,"R",0
195580, 1,"R",90,"A",,"A",,"R",90,"A",,"A",,"A",,"A",,"A",
195580,12,"R",90,"A",,"A",,"R",90,"A",,"A",,"A",,"A",,"A",
195702, 1,"R",197,"R",0,"R",43,"R",154,"A",,"A",,"A",,"A",,"A",
195702, 2,"R",197,"R",0,"R",43,"R",154,"A",,"A",,"A",,"A",,"A",
195702, 3,"R",197,"R",0,"R",43,"R",154,"A",,"A",,"A",,"A",,"A",
195720, 1,"R",3712,"R",80,"R",306,"R",3326,"R",80,"R",0,"R",0,"R",0,"R",0
195720, 2,"R",2743,"R",66,"R",250,"R",2427,"R",66,"R",0,"R",0,"R",0,"R",0
195720, 3,"R",2728,"R",66,"R",250,"R",2412,"R",66,"R",0,"R",0,"R",0,"R",0
195720,11,"R",15,"R",0,"R",0,"R",15,"A",,"A",,"A",,"A",,"A",
195720,12,"R",969,"R",14,"R",56,"R",899,"R",14,"R",0,"R",0,"R",0,"R",0
195784, 1,"R",579,"A",,"A",,"R",579,"A",,"A",,"A",,"A",,"A",
195784, 2,"R",579,"A",,"A",,"R",579,"A",,"A",,"A",,"A",,"A",
195784, 3,"R",579,"A",,"A",,"R",579,"A",,"A",,"A",,"A",,"A",
195809, 1,"R",21635,"R",638,"R",4200,"R",16797,"R",430,"R",186,"R",1,"R",4,"R",17
195809, 2,"R",16877,"R",81,"R",3418,"R",13378,"R",47,"R",31,"R",1,"R",2,"R",0
195809, 3,"R",11907,"R",81,"R",3417,"R",8409,"R",47,"R",31,"R",1,"R",2,"R",0
195809,11,"R",4970,"R",0,"R",1,"R",4969,"A",,"A",,"A",,"A",,"A",
195809,12,"R",4758,"R",557,"R",782,"R",3419,"R",383,"R",155,"R",0,"R",2,"R",17
195933, 1,"R",107,"A",,"A",,"R",107,"A",,"A",,"A",,"A",,"A",
195933, 2,"R",107,"A",,"A",,"R",107,"A",,"A",,"A",,"A",,"A",
195988, 1,"R",1534,"R",41,"R",251,"R",1242,"R",41,"Z",0,"R",0,"R",0,"R",0
195988, 2,"R",1534,"R",41,"R",251,"R",1242,"R",41,"Z",0,"R",0,"R",0,"R",0
195988, 3,"R",996,"R",34,"R",247,"R",715,"R",34,"Z",0,"R",0,"R",0,"R",0
195988,11,"R",538,"R",7,"R",4,"R",527,"R",7,"Z",0,"R",0,"R",0,"R",0
196006, 1,"R",3737,"R",384,"R",560,"R",2793,"R",337,"Z",0,"R",0,"R",0,"R",47
196006, 2,"R",3737,"R",384,"R",560,"R",2793,"R",337,"Z",0,"R",0,"R",0,"R",47
196006, 3,"R",3721,"R",376,"R",560,"R",2785,"R",331,"Z",0,"R",0,"R",0,"R",45
196006,11,"R",16,"R",8,"R",0,"R",8,"R",6,"Z",0,"R",0,"R",0,"R",2
196015, 1,"R",3213,"R",921,"R",1029,"R",1263,"R",878,"R",36,"R",0,"R",7,"R",0
196015, 2,"R",3213,"R",921,"R",1029,"R",1263,"R",878,"R",36,"R",0,"R",7,"R",0
196015, 3,"R",3127,"R",870,"R",1027,"R",1230,"R",835,"R",34,"R",0,"R",1,"R",0
196015,11,"R",86,"R",51,"R",2,"R",33,"R",43,"R",2,"R",0,"R",6,"R",0
196024, 1,"R",3232,"R",845,"R",490,"R",1897,"R",812,"R",32,"R",0,"R",1,"R",0
196024, 2,"R",3170,"R",783,"R",490,"R",1897,"R",751,"R",31,"R",0,"R",1,"R",0
196024, 3,"R",3142,"R",767,"R",489,"R",1886,"R",737,"R",29,"R",0,"R",1,"R",0
196024,11,"R",28,"R",16,"R",1,"R",11,"R",14,"R",2,"R",0,"R",0,"R",0
196024,12,"R",62,"R",62,"R",0,"R",0,"R",61,"R",1,"R",0,"R",0,"R",0
196033, 1,"R",2278,"R",5,"R",50,"R",2223,"R",4,"R",1,"R",0,"Z",0,"R",0
196033, 2,"R",2278,"R",5,"R",50,"R",2223,"R",4,"R",1,"R",0,"Z",0,"R",0
196033, 3,"R",2231,"R",5,"R",49,"R",2177,"R",4,"R",1,"R",0,"Z",0,"R",0
196033,11,"R",47,"R",0,"R",1,"R",46,"A",,"A",,"A",,"A",,"A",
196042, 1,"R",9970,"R",263,"R",1989,"R",7718,"R",258,"Z",0,"R",0,"R",2,"R",3
196042, 2,"R",9916,"R",263,"R",1989,"R",7664,"R",258,"Z",0,"R",0,"R",2,"R",3
196042, 3,"R",9394,"R",250,"R",1963,"R",7181,"R",245,"Z",0,"R",0,"R",2,"R",3
196042,11,"R",522,"R",13,"R",26,"R",483,"R",13,"Z",0,"R",0,"R",0,"R",0
196042,12,"R",54,"A",,"A",,"R",54,"A",,"A",,"A",,"A",,"A",
196051, 1,"R",2986,"R",21,"R",560,"R",2405,"R",21,"Z",0,"R",0,"R",0,"R",0
196051, 2,"R",2986,"R",21,"R",560,"R",2405,"R",21,"Z",0,"R",0,"R",0,"R",0
196051, 3,"R",2758,"R",20,"R",560,"R",2178,"R",20,"Z",0,"R",0,"R",0,"R",0
196051,11,"R",228,"R",1,"R",0,"R",227,"R",1,"Z",0,"R",0,"R",0,"R",0
196060, 1,"R",17944,"R",756,"R",2015,"R",15173,"R",727,"R",26,"R",0,"R",3,"R",0
196060, 2,"R",13598,"R",110,"R",1572,"R",11916,"R",107,"R",2,"R",0,"R",1,"R",0
196060, 3,"R",13434,"R",104,"R",1569,"R",11761,"R",101,"R",2,"R",0,"R",1,"R",0
196060,11,"R",164,"R",6,"R",3,"R",155,"R",6,"R",0,"R",0,"R",0,"R",0
196060,12,"R",4346,"R",646,"R",443,"R",3257,"R",620,"R",24,"R",0,"R",2,"R",0
196079, 1,"R",17768,"R",121,"R",769,"R",16878,"R",71,"R",17,"R",0,"R",33,"R",0
196079, 2,"R",14021,"R",26,"R",451,"R",13544,"R",6,"R",0,"R",0,"R",20,"R",0
196079, 3,"R",13990,"R",8,"R",451,"R",13531,"R",6,"R",0,"R",0,"R",2,"R",0
196079,11,"R",31,"R",18,"R",0,"R",13,"R",0,"R",0,"R",0,"R",18,"R",0
196079,12,"R",3747,"R",95,"R",318,"R",3334,"R",65,"R",17,"R",0,"R",13,"R",0
196088, 1,"R",31503,"R",1103,"R",4145,"R",26255,"R",938,"Z",0,"R",1,"R",31,"R",133
196088, 2,"R",21607,"R",152,"R",3366,"R",18089,"R",141,"Z",0,"R",0,"R",2,"R",9
196088, 3,"R",21404,"R",126,"R",3365,"R",17913,"R",118,"Z",0,"R",0,"R",2,"R",6
196088,11,"R",203,"R",26,"R",1,"R",176,"R",23,"Z",0,"R",0,"R",0,"R",3
196088,12,"R",9896,"R",951,"R",779,"R",8166,"R",797,"Z",0,"R",1,"R",29,"R",124
196097, 1,"R",26256,"R",1309,"R",3157,"R",21790,"R",1272,"R",36,"R",1,"R",0,"R",0
196097, 2,"R",17522,"R",135,"R",2348,"R",15039,"R",130,"R",5,"R",0,"Z",0,"R",0
196097, 3,"R",17407,"R",130,"R",2347,"R",14930,"R",126,"R",4,"Z",0,"Z",0,"R",0
196097,11,"R",115,"R",5,"R",1,"R",109,"R",4,"R",1,"R",0,"Z",0,"R",0
196097,12,"R",8734,"R",1174,"R",809,"R",6751,"R",1142,"R",31,"R",1,"R",0,"R",0
196103, 1,"R",2220,"R",10,"R",55,"R",2155,"R",9,"R",1,"R",0,"R",0,"R",0
196103, 2,"R",1825,"R",1,"R",46,"R",1778,"R",0,"R",1,"R",0,"R",0,"R",0
196103, 3,"R",1819,"R",0,"R",46,"R",1773,"A",,"A",,"A",,"A",,"A",
196103,11,"R",6,"R",1,"R",0,"R",5,"R",0,"R",1,"R",0,"R",0,"R",0
196103,12,"R",395,"R",9,"R",9,"R",377,"R",9,"Z",0,"R",0,"R",0,"R",0
196112, 1,"R",3023,"R",593,"R",727,"R",1703,"R",576,"Z",0,"R",0,"R",4,"R",13
196112, 2,"R",2256,"R",193,"R",558,"R",1505,"R",186,"Z",0,"R",0,"R",2,"R",5
196112, 3,"R",2120,"R",134,"R",540,"R",1446,"R",129,"Z",0,"R",0,"R",1,"R",4
196112,11,"R",136,"R",59,"R",18,"R",59,"R",57,"Z",0,"R",0,"R",1,"R",1
196112,12,"R",767,"R",400,"R",169,"R",198,"R",390,"Z",0,"R",0,"R",2,"R",8
196121, 1,"R",8287,"R",565,"R",1404,"R",6318,"R",560,"Z",0,"R",0,"R",0,"R",5
196121, 2,"R",7057,"R",298,"R",1204,"R",5555,"R",296,"Z",0,"R",0,"R",0,"R",2
196121, 3,"R",7015,"R",295,"R",1203,"R",5517,"R",293,"Z",0,"R",0,"R",0,"R",2
196121,11,"R",42,"R",3,"R",1,"R",38,"R",3,"Z",0,"R",0,"R",0,"R",0
196121,12,"R",1230,"R",267,"R",200,"R",763,"R",264,"Z",0,"R",0,"R",0,"R",3
196130, 1,"R",9118,"R",299,"R",1962,"R",6857,"R",258,"R",38,"Z",0,"R",3,"R",0
196130, 2,"R",8082,"R",133,"R",1831,"R",6118,"R",125,"R",8,"Z",0,"Z",0,"R",0
196130, 3,"R",7944,"R",94,"R",1828,"R",6022,"R",91,"R",3,"Z",0,"Z",0,"R",0
196130,11,"R",138,"R",39,"R",3,"R",96,"R",34,"R",5,"Z",0,"Z",0,"R",0
196130,12,"R",1036,"R",166,"R",131,"R",739,"R",133,"R",30,"Z",0,"R",3,"R",0
196149, 1,"R",6858,"R",154,"R",599,"R",6105,"R",130,"Z",0,"R",0,"R",0,"R",24
196149, 2,"R",6343,"R",22,"R",526,"R",5795,"R",20,"Z",0,"R",0,"R",0,"R",2
196149, 3,"R",6325,"R",22,"R",526,"R",5777,"R",20,"Z",0,"R",0,"R",0,"R",2
196149,11,"R",18,"R",0,"R",0,"R",18,"A",,"A",,"A",,"A",,"A",
196149,12,"R",515,"R",132,"R",73,"R",310,"R",110,"Z",0,"R",0,"R",0,"R",22
196158, 1,"R",4655,"R",19,"R",473,"R",4163,"R",17,"Z",0,"R",0,"R",0,"R",2
196158, 2,"R",4431,"R",13,"R",439,"R",3979,"R",12,"Z",0,"R",0,"R",0,"R",1
196158, 3,"R",4402,"R",12,"R",439,"R",3951,"R",11,"Z",0,"R",0,"R",0,"R",1
196158,11,"R",29,"R",1,"R",0,"R",28,"R",1,"Z",0,"R",0,"R",0,"R",0
196158,12,"R",224,"R",6,"R",34,"R",184,"R",5,"Z",0,"R",0,"R",0,"R",1
196167, 1,"R",5612,"R",7,"R",707,"R",4898,"R",6,"R",1,"R",0,"R",0,"R",0
196167, 2,"R",5518,"R",2,"R",674,"R",4842,"R",1,"R",1,"R",0,"R",0,"R",0
196167, 3,"R",5490,"R",1,"R",674,"R",4815,"R",1,"R",0,"R",0,"R",0,"R",0
196167,11,"R",28,"R",1,"R",0,"R",27,"R",0,"R",1,"R",0,"R",0,"R",0
196167,12,"R",94,"R",5,"R",33,"R",56,"R",5,"R",0,"R",0,"R",0,"R",0
196176, 1,"R",7608,"R",115,"R",606,"R",6887,"R",85,"Z",0,"R",0,"R",1,"R",29
196176, 2,"R",6692,"R",70,"R",381,"R",6241,"R",53,"Z",0,"R",0,"R",0,"R",17
196176, 3,"R",6586,"R",13,"R",380,"R",6193,"R",13,"Z",0,"R",0,"R",0,"R",0
196176,11,"R",106,"R",57,"R",1,"R",48,"R",40,"Z",0,"R",0,"R",0,"R",17
196176,12,"R",916,"R",45,"R",225,"R",646,"R",32,"Z",0,"R",0,"R",1,"R",12
196185, 1,"R",6543,"R",350,"R",46,"R",6147,"R",340,"Z",0,"R",0,"R",0,"R",10
196185, 2,"R",6046,"R",2,"R",39,"R",6005,"R",2,"Z",0,"R",0,"R",0,"R",0
196185, 3,"R",6021,"R",1,"R",39,"R",5981,"R",1,"Z",0,"R",0,"R",0,"R",0
196185,11,"R",25,"R",1,"R",0,"R",24,"R",1,"Z",0,"R",0,"R",0,"R",0
196185,12,"R",497,"R",348,"R",7,"R",142,"R",338,"Z",0,"R",0,"R",0,"R",10
196194, 1,"R",7986,"R",541,"R",1271,"R",6174,"R",522,"Z",0,"R",0,"R",4,"R",15
196194, 2,"R",7081,"R",217,"R",1104,"R",5760,"R",212,"Z",0,"R",0,"R",1,"R",4
196194, 3,"R",7039,"R",188,"R",1104,"R",5747,"R",183,"Z",0,"R",0,"R",1,"R",4
196194,11,"R",42,"R",29,"R",0,"R",13,"R",29,"Z",0,"R",0,"R",0,"R",0
196194,12,"R",905,"R",324,"R",167,"R",414,"R",310,"Z",0,"R",0,"R",3,"R",11
196200, 1,"R",3521,"R",13,"R",88,"R",3420,"R",12,"Z",0,"R",0,"R",0,"R",1
196200, 2,"R",3298,"R",5,"R",49,"R",3244,"R",4,"Z",0,"R",0,"R",0,"R",1
196200, 3,"R",3287,"R",5,"R",49,"R",3233,"R",4,"Z",0,"R",0,"R",0,"R",1
196200,11,"R",11,"R",0,"R",0,"R",11,"A",,"A",,"A",,"A",,"A",
196200,12,"R",223,"R",8,"R",39,"R",176,"R",8,"Z",0,"R",0,"R",0,"R",0
196219, 1,"R",4234,"R",1,"R",47,"R",4186,"Z",0,"R",1,"Z",0,"Z",0,"R",0
196219, 2,"R",4134,"R",1,"R",47,"R",4086,"Z",0,"R",1,"Z",0,"Z",0,"R",0
196219, 3,"R",4024,"R",1,"R",47,"R",3976,"Z",0,"R",1,"Z",0,"Z",0,"R",0
196219,11,"R",110,"R",0,"R",0,"R",110,"A",,"A",,"A",,"A",,"A",
196219,12,"R",100,"A",,"A",,"R",100,"A",,"A",,"A",,"A",,"A",
196228, 1,"R",408,"A",,"A",,"R",408,"A",,"A",,"A",,"A",,"A",
196228,12,"R",408,"A",,"A",,"R",408,"A",,"A",,"A",,"A",,"A",
196237, 1,"R",5087,"R",28,"R",610,"R",4449,"R",25,"R",2,"R",0,"R",0,"R",1
196237, 2,"R",4784,"R",23,"R",548,"R",4213,"R",21,"R",1,"R",0,"R",0,"R",1
196237, 3,"R",4645,"R",19,"R",544,"R",4082,"R",18,"R",0,"R",0,"R",0,"R",1
196237,11,"R",139,"R",4,"R",4,"R",131,"R",3,"R",1,"R",0,"R",0,"R",0
196237,12,"R",303,"R",5,"R",62,"R",236,"R",4,"R",1,"R",0,"R",0,"R",0
196246, 1,"R",5704,"R",405,"R",1287,"R",4012,"R",389,"Z",0,"R",0,"R",2,"R",14
196246, 2,"R",5297,"R",343,"R",1137,"R",3817,"R",335,"Z",0,"R",0,"R",1,"R",7
196246, 3,"R",5229,"R",318,"R",1135,"R",3776,"R",312,"Z",0,"R",0,"R",0,"R",6
196246,11,"R",68,"R",25,"R",2,"R",41,"R",23,"Z",0,"R",0,"R",1,"R",1
196246,12,"R",407,"R",62,"R",150,"R",195,"R",54,"Z",0,"R",0,"R",1,"R",7
196255, 1,"R",1846,"A",,"A",,"R",1846,"A",,"A",,"A",,"A",,"A",
196255, 2,"R",211,"A",,"A",,"R",211,"A",,"A",,"A",,"A",,"A",
196255, 3,"R",211,"A",,"A",,"R",211,"A",,"A",,"A",,"A",,"A",
196255,12,"R",1635,"A",,"A",,"R",1635,"A",,"A",,"A",,"A",,"A",
196264, 1,"R",10424,"R",5135,"R",1661,"R",3628,"R",4772,"R",328,"R",0,"R",33,"R",2
196264, 2,"R",9307,"R",4170,"R",1599,"R",3538,"R",3854,"R",282,"R",0,"R",32,"R",2
196264, 3,"R",8398,"R",3760,"R",1529,"R",3109,"R",3516,"R",220,"R",0,"R",22,"R",2
196264,11,"R",909,"R",410,"R",70,"R",429,"R",338,"R",62,"R",0,"R",10,"R",0
196264,12,"R",1117,"R",965,"R",62,"R",90,"R",918,"R",46,"R",0,"R",1,"R",0
196291, 1,"R",1734,"R",72,"R",444,"R",1218,"R",39,"Z",0,"R",0,"R",6,"R",27
196291, 2,"R",1586,"R",1,"R",392,"R",1193,"R",0,"Z",0,"R",0,"R",0,"R",1
196291, 3,"R",1581,"R",1,"R",391,"R",1189,"R",0,"Z",0,"R",0,"R",0,"R",1
196291,11,"R",5,"R",0,"R",1,"R",4,"A",,"A",,"A",,"A",,"A",
196291,12,"R",148,"R",71,"R",52,"R",25,"R",39,"Z",0,"R",0,"R",6,"R",26
196307, 1,"R",1580,"R",123,"R",196,"R",1261,"R",122,"Z",0,"R",0,"R",0,"R",1
196307, 2,"R",249,"R",27,"R",77,"R",145,"R",27,"Z",0,"R",0,"R",0,"R",0
196307, 3,"R",248,"R",27,"R",77,"R",144,"R",27,"Z",0,"R",0,"R",0,"R",0
196307,11,"R",1,"R",0,"R",0,"R",1,"A",,"A",,"A",,"A",,"A",
196307,12,"R",1331,"R",96,"R",119,"R",1116,"R",95,"Z",0,"R",0,"R",0,"R",1
196389, 1,"R",705,"A",,"A",,"R",705,"A",,"A",,"A",,"A",,"A",
196389, 2,"R",705,"A",,"A",,"R",705,"A",,"A",,"A",,"A",,"A",
196389, 3,"R",700,"A",,"A",,"R",700,"A",,"A",,"A",,"A",,"A",
196389,11,"R",5,"A",,"A",,"R",5,"A",,"A",,"A",,"A",,"A",
196413, 1,"R",22803,"R",2279,"R",791,"R",19733,"R",644,"R",1567,"R",0,"R",68,"R",0
196413, 2,"R",15226,"R",103,"R",608,"R",14515,"R",79,"R",21,"R",0,"R",3,"R",0
196413, 3,"R",14759,"R",89,"R",605,"R",14065,"R",66,"R",21,"R",0,"R",2,"R",0
196413,11,"R",467,"R",14,"R",3,"R",450,"R",13,"R",0,"R",0,"R",1,"R",0
196413,12,"R",7577,"R",2176,"R",183,"R",5218,"R",565,"R",1546,"R",0,"R",65,"R",0
196431, 1,"R",310,"A",,"A",,"R",310,"A",,"A",,"A",,"A",,"A",
196431, 2,"R",310,"A",,"A",,"R",310,"A",,"A",,"A",,"A",,"A",
196431, 3,"R",310,"A",,"A",,"R",310,"A",,"A",,"A",,"A",,"A",
196440, 1,"R",14,"A",,"A",,"R",14,"A",,"A",,"A",,"A",,"A",
196440, 2,"R",6,"A",,"A",,"R",6,"A",,"A",,"A",,"A",,"A",
196440, 3,"R",6,"A",,"A",,"R",6,"A",,"A",,"A",,"A",,"A",
196440,12,"R",8,"A",,"A",,"R",8,"A",,"A",,"A",,"A",,"A",
196468, 1,"R",4549,"R",152,"R",496,"R",3901,"R",61,"R",78,"R",0,"R",13,"R",0
196468,12,"R",4549,"R",152,"R",496,"R",3901,"R",61,"R",78,"R",0,"R",13,"R",0
196565, 1,"R",2373,"R",349,"R",665,"R",1359,"R",329,"R",10,"R",0,"R",10,"R",0
196565, 2,"R",2373,"R",349,"R",665,"R",1359,"R",329,"R",10,"R",0,"R",10,"R",0
196565, 3,"R",2077,"R",273,"R",582,"R",1222,"R",257,"R",8,"R",0,"R",8,"R",0
196565,11,"R",296,"R",76,"R",83,"R",137,"R",72,"R",2,"R",0,"R",2,"R",0
196583, 1,"R",21,"A",,"A",,"R",21,"A",,"A",,"A",,"A",,"A",
196583, 2,"R",21,"A",,"A",,"R",21,"A",,"A",,"A",,"A",,"A",
196583, 3,"R",21,"A",,"A",,"R",21,"A",,"A",,"A",,"A",,"A",
196592, 1,"R",11800,"R",517,"R",1320,"R",9963,"R",487,"R",30,"Z",0,"Z",0,"R",0
196592, 2,"R",5982,"R",27,"R",425,"R",5530,"R",23,"R",4,"Z",0,"Z",0,"R",0
196592, 3,"R",5243,"R",27,"R",425,"R",4791,"R",23,"R",4,"Z",0,"Z",0,"R",0
196592,11,"R",739,"Z",0,"Z",0,"R",739,"A",,"A",,"A",,"A",,"A",
196592,12,"R",5818,"R",490,"R",895,"R",4433,"R",464,"R",26,"Z",0,"Z",0,"R",0
196653, 1,"R",1349,"R",102,"R",332,"R",915,"R",102,"R",0,"R",0,"R",0,"R",0
196653, 2,"R",1349,"R",102,"R",332,"R",915,"R",102,"R",0,"R",0,"R",0,"R",0
196653, 3,"R",1213,"R",102,"R",330,"R",781,"R",102,"R",0,"R",0,"R",0,"R",0
196653,11,"R",136,"R",0,"R",2,"R",134,"A",,"A",,"A",,"A",,"A",
196680, 1,"R",30008,"R",30008,"A",,"A",,"R",5039,"R",24712,"Z",0,"R",257,"R",0
196680, 2,"R",27207,"R",27207,"A",,"A",,"R",4484,"R",22480,"Z",0,"R",243,"R",0
196680, 3,"R",27207,"R",27207,"A",,"A",,"R",4484,"R",22480,"Z",0,"R",243,"R",0
196680,12,"R",2801,"R",2801,"A",,"A",,"R",555,"R",2232,"Z",0,"R",14,"R",0
196699, 1,"R",3554,"R",176,"R",646,"R",2732,"R",172,"Z",0,"R",0,"R",0,"R",4
196699, 2,"R",3554,"R",176,"R",646,"R",2732,"R",172,"Z",0,"R",0,"R",0,"R",4
196699, 3,"R",1891,"R",128,"R",628,"R",1135,"R",126,"Z",0,"R",0,"R",0,"R",2
196699,11,"R",1663,"R",48,"R",18,"R",1597,"R",46,"Z",0,"R",0,"R",0,"R",2
196866, 1,"R",2197,"A",,"A",,"R",2197,"A",,"A",,"A",,"A",,"A",
196866, 2,"R",2197,"A",,"A",,"R",2197,"A",,"A",,"A",,"A",,"A",
196866, 3,"R",2180,"A",,"A",,"R",2180,"A",,"A",,"A",,"A",,"A",
196866,11,"R",17,"A",,"A",,"R",17,"A",,"A",,"A",,"A",,"A",
196884, 1,"R",242,"R",10,"Z",0,"R",232,"R",2,"R",8,"Z",0,"Z",0,"R",0
196884,12,"R",242,"R",10,"Z",0,"R",232,"R",2,"R",8,"Z",0,"Z",0,"R",0
197018, 1,"R",2756,"A",,"A",,"R",2756,"A",,"A",,"A",,"A",,"A",
197018, 2,"R",1988,"A",,"A",,"R",1988,"A",,"A",,"A",,"A",,"A",
197018, 3,"R",1988,"A",,"A",,"R",1988,"A",,"A",,"A",,"A",,"A",
197018,12,"R",768,"A",,"A",,"R",768,"A",,"A",,"A",,"A",,"A",
197027, 1,"R",1015,"R",19,"R",0,"R",996,"R",4,"R",15,"R",0,"R",0,"R",0
197027, 2,"R",996,"A",,"A",,"R",996,"A",,"A",,"A",,"A",,"A",
197027, 3,"R",996,"A",,"A",,"R",996,"A",,"A",,"A",,"A",,"A",
197027,12,"R",19,"R",19,"R",0,"R",0,"R",4,"R",15,"R",0,"R",0,"R",0
197036, 1,"R",4589,"A",,"A",,"R",4589,"A",,"A",,"A",,"A",,"A",
197036, 2,"R",4589,"A",,"A",,"R",4589,"A",,"A",,"A",,"A",,"A",
197036, 3,"R",4589,"A",,"A",,"R",4589,"A",,"A",,"A",,"A",,"A",
197045, 1,"R",5196,"R",2414,"R",696,"R",2086,"R",1198,"R",1156,"R",0,"R",50,"R",10
197045, 2,"R",3722,"R",1202,"R",640,"R",1880,"R",725,"R",474,"R",0,"R",3,"R",0
197045, 3,"R",3602,"R",1119,"R",635,"R",1848,"R",685,"R",431,"R",0,"R",3,"R",0
197045,11,"R",120,"R",83,"R",5,"R",32,"R",40,"R",43,"R",0,"R",0,"R",0
197045,12,"R",1474,"R",1212,"R",56,"R",206,"R",473,"R",682,"R",0,"R",47,"R",10
197133, 1,"R",2456,"A",,"A",,"R",2456,"A",,"A",,"A",,"A",,"A",
197133, 2,"R",2456,"A",,"A",,"R",2456,"A",,"A",,"A",,"A",,"A",
197133, 3,"R",2436,"A",,"A",,"R",2436,"A",,"A",,"A",,"A",,"A",
197133,11,"R",20,"A",,"A",,"R",20,"A",,"A",,"A",,"A",,"A",
197142, 1,"R",544,"Z",0,"R",50,"R",494,"A",,"A",,"A",,"A",,"A",
197142, 2,"R",544,"Z",0,"R",50,"R",494,"A",,"A",,"A",,"A",,"A",
197142, 3,"R",538,"Z",0,"R",50,"R",488,"A",,"A",,"A",,"A",,"A",
197142,11,"R",6,"Z",0,"Z",0,"R",6,"A",,"A",,"A",,"A",,"A",
197151, 1,"R",4390,"A",,"A",,"R",4390,"A",,"A",,"A",,"A",,"A",
197151, 2,"R",3714,"A",,"A",,"R",3714,"A",,"A",,"A",,"A",,"A",
197151, 3,"R",3693,"A",,"A",,"R",3693,"A",,"A",,"A",,"A",,"A",
197151,11,"R",21,"A",,"A",,"R",21,"A",,"A",,"A",,"A",,"A",
197151,12,"R",676,"A",,"A",,"R",676,"A",,"A",,"A",,"A",,"A",
197197, 1,"R",2218,"R",0,"R",0,"R",2218,"A",,"A",,"A",,"A",,"A",
197197, 2,"R",1769,"R",0,"R",0,"R",1769,"A",,"A",,"A",,"A",,"A",
197197, 3,"R",1752,"R",0,"R",0,"R",1752,"A",,"A",,"A",,"A",,"A",
197197,11,"R",17,"R",0,"R",0,"R",17,"A",,"A",,"A",,"A",,"A",
197197,12,"R",449,"R",0,"R",0,"R",449,"A",,"A",,"A",,"A",,"A",
197221, 1,"R",104,"A",,"A",,"R",104,"A",,"A",,"A",,"A",,"A",
197221, 2,"R",104,"A",,"A",,"R",104,"A",,"A",,"A",,"A",,"A",
197221, 3,"R",104,"A",,"A",,"R",104,"A",,"A",,"A",,"A",,"A",
197230, 1,"R",471,"A",,"A",,"R",471,"A",,"A",,"A",,"A",,"A",
197230, 2,"R",471,"A",,"A",,"R",471,"A",,"A",,"A",,"A",,"A",
197230, 3,"R",463,"A",,"A",,"R",463,"A",,"A",,"A",,"A",,"A",
197230,11,"R",8,"A",,"A",,"R",8,"A",,"A",,"A",,"A",,"A",
197285, 1,"R",889,"R",45,"R",20,"R",824,"R",32,"R",13,"R",0,"R",0,"R",0
197285, 2,"R",889,"R",45,"R",20,"R",824,"R",32,"R",13,"R",0,"R",0,"R",0
197285, 3,"R",806,"R",45,"R",20,"R",741,"R",32,"R",13,"R",0,"R",0,"R",0
197285,11,"R",83,"R",0,"R",0,"R",83,"A",,"A",,"A",,"A",,"A",
197294, 1,"R",11535,"R",318,"R",1565,"R",9652,"R",315,"R",3,"R",0,"R",0,"R",0
197294, 2,"R",11535,"R",318,"R",1565,"R",9652,"R",315,"R",3,"R",0,"R",0,"R",0
197294, 3,"R",10297,"R",230,"R",1458,"R",8609,"R",229,"R",1,"R",0,"Z",0,"R",0
197294,11,"R",1238,"R",88,"R",107,"R",1043,"R",86,"R",2,"R",0,"R",0,"R",0
197337, 1,"R",74,"A",,"A",,"R",74,"A",,"A",,"A",,"A",,"A",
197337, 2,"R",74,"A",,"A",,"R",74,"A",,"A",,"A",,"A",,"A",
197531, 1,"R",497,"A",,"A",,"R",497,"A",,"A",,"A",,"A",,"A",
197531, 2,"R",497,"A",,"A",,"R",497,"A",,"A",,"A",,"A",,"A",
197601, 1,"R",147,"A",,"A",,"R",147,"A",,"A",,"A",,"A",,"A",
197601, 2,"R",147,"A",,"A",,"R",147,"A",,"A",,"A",,"A",,"A",
197601, 3,"R",147,"A",,"A",,"R",147,"A",,"A",,"A",,"A",,"A",
197647, 1,"R",139,"A",,"A",,"R",139,"A",,"A",,"A",,"A",,"A",
197647, 2,"R",88,"A",,"A",,"R",88,"A",,"A",,"A",,"A",,"A",
197647, 3,"R",88,"A",,"A",,"R",88,"A",,"A",,"A",,"A",,"A",
197647,12,"R",51,"A",,"A",,"R",51,"A",,"A",,"A",,"A",,"A",
197674, 1,"R",217,"A",,"A",,"R",217,"A",,"A",,"A",,"A",,"A",
197674, 2,"R",194,"A",,"A",,"R",194,"A",,"A",,"A",,"A",,"A",
197674, 3,"R",194,"A",,"A",,"R",194,"A",,"A",,"A",,"A",,"A",
197674,12,"R",23,"A",,"A",,"R",23,"A",,"A",,"A",,"A",,"A",
197692, 1,"R",90,"A",,"A",,"R",90,"A",,"A",,"A",,"A",,"A",
197692, 2,"R",69,"A",,"A",,"R",69,"A",,"A",,"A",,"A",,"A",
197692, 3,"R",69,"A",,"A",,"R",69,"A",,"A",,"A",,"A",,"A",
197692,12,"R",21,"A",,"A",,"R",21,"A",,"A",,"A",,"A",,"A",
197708, 1,"R",6479,"R",124,"R",263,"R",6092,"R",61,"R",50,"Z",0,"R",11,"R",2
197708, 2,"R",2728,"Z",0,"R",66,"R",2662,"A",,"A",,"A",,"A",,"A",
197708, 3,"R",2682,"Z",0,"R",66,"R",2616,"A",,"A",,"A",,"A",,"A",
197708,11,"R",46,"Z",0,"Z",0,"R",46,"A",,"A",,"A",,"A",,"A",
197708,12,"R",3751,"R",124,"R",197,"R",3430,"R",61,"R",50,"Z",0,"R",11,"R",2
197735, 1,"R",685,"A",,"A",,"R",685,"A",,"A",,"A",,"A",,"A",
197735, 2,"R",492,"A",,"A",,"R",492,"A",,"A",,"A",,"A",,"A",
197735, 3,"R",492,"A",,"A",,"R",492,"A",,"A",,"A",,"A",,"A",
197735,12,"R",193,"A",,"A",,"R",193,"A",,"A",,"A",,"A",,"A",
197744, 1,"R",215,"A",,"A",,"R",215,"A",,"A",,"A",,"A",,"A",
197744, 2,"R",178,"A",,"A",,"R",178,"A",,"A",,"A",,"A",,"A",
197744, 3,"R",178,"A",,"A",,"R",178,"A",,"A",,"A",,"A",,"A",
197744,12,"R",37,"A",,"A",,"R",37,"A",,"A",,"A",,"A",,"A",
197814, 1,"R",2557,"R",738,"R",1162,"R",657,"R",729,"R",7,"R",0,"R",2,"R",0
197814, 2,"R",2557,"R",738,"R",1162,"R",657,"R",729,"R",7,"R",0,"R",2,"R",0
197814, 3,"R",1483,"R",448,"R",940,"R",95,"R",439,"R",7,"R",0,"R",2,"R",0
197814,11,"R",1074,"R",290,"R",222,"R",562,"R",290,"R",0,"R",0,"R",0,"R",0
197850, 1,"R",2847,"R",802,"R",816,"R",1229,"R",794,"R",8,"Z",0,"Z",0,"R",0
197850, 2,"R",2847,"R",802,"R",816,"R",1229,"R",794,"R",8,"Z",0,"Z",0,"R",0
197850, 3,"R",1412,"R",372,"R",525,"R",515,"R",364,"R",8,"Z",0,"Z",0,"R",0
197850,11,"R",1435,"R",430,"R",291,"R",714,"R",430,"Z",0,"Z",0,"Z",0,"R",0
197869, 1,"R",19108,"R",1056,"R",2750,"R",15302,"R",1036,"R",16,"R",4,"R",0,"R",0
197869, 2,"R",17381,"R",493,"R",2685,"R",14203,"R",489,"R",2,"R",2,"R",0,"R",0
197869, 3,"R",17265,"R",483,"R",2680,"R",14102,"R",479,"R",2,"R",2,"R",0,"R",0
197869,11,"R",116,"R",10,"R",5,"R",101,"R",10,"R",0,"R",0,"R",0,"R",0
197869,12,"R",1727,"R",563,"R",65,"R",1099,"R",547,"R",14,"R",2,"R",0,"R",0
197887, 1,"R",6892,"R",1180,"R",1735,"R",3977,"R",1167,"R",13,"Z",0,"Z",0,"R",0
197887, 2,"R",6892,"R",1180,"R",1735,"R",3977,"R",1167,"R",13,"Z",0,"Z",0,"R",0
197887, 3,"R",4569,"R",938,"R",1613,"R",2018,"R",929,"R",9,"Z",0,"Z",0,"R",0
197887,11,"R",2323,"R",242,"R",122,"R",1959,"R",238,"R",4,"Z",0,"Z",0,"R",0
197911, 1,"R",1059,"R",53,"R",430,"R",576,"R",52,"R",1,"R",0,"R",0,"R",0
197911, 2,"R",976,"R",37,"R",410,"R",529,"R",37,"R",0,"R",0,"R",0,"R",0
197911, 3,"R",965,"R",36,"R",408,"R",521,"R",36,"R",0,"R",0,"R",0,"R",0
197911,11,"R",11,"R",1,"R",2,"R",8,"R",1,"R",0,"R",0,"R",0,"R",0
197911,12,"R",83,"R",16,"R",20,"R",47,"R",15,"R",1,"R",0,"R",0,"R",0
197966, 1,"R",1543,"R",328,"R",578,"R",637,"R",322,"R",6,"R",0,"R",0,"R",0
197966, 2,"R",1543,"R",328,"R",578,"R",637,"R",322,"R",6,"R",0,"R",0,"R",0
197966, 3,"R",1387,"R",305,"R",513,"R",569,"R",302,"R",3,"R",0,"R",0,"R",0
197966,11,"R",156,"R",23,"R",65,"R",68,"R",20,"R",3,"R",0,"R",0,"R",0
197984, 1,"R",1556,"R",0,"R",123,"R",1433,"A",,"A",,"A",,"A",,"A",
197984, 2,"R",1556,"R",0,"R",123,"R",1433,"A",,"A",,"A",,"A",,"A",
197984, 3,"R",1505,"R",0,"R",122,"R",1383,"A",,"A",,"A",,"A",,"A",
197984,11,"R",51,"R",0,"R",1,"R",50,"A",,"A",,"A",,"A",,"A",
197993, 1,"R",534,"R",0,"R",40,"R",494,"A",,"A",,"A",,"A",,"A",
197993, 2,"R",534,"R",0,"R",40,"R",494,"A",,"A",,"A",,"A",,"A",
197993, 3,"R",469,"R",0,"R",40,"R",429,"A",,"A",,"A",,"A",,"A",
197993,11,"R",65,"R",0,"R",0,"R",65,"A",,"A",,"A",,"A",,"A",
198011, 1,"R",1017,"R",261,"R",271,"R",485,"R",260,"R",1,"R",0,"R",0,"R",0
198011, 2,"R",1017,"R",261,"R",271,"R",485,"R",260,"R",1,"R",0,"R",0,"R",0
198011, 3,"R",702,"R",218,"R",173,"R",311,"R",217,"R",1,"R",0,"R",0,"R",0
198011,11,"R",315,"R",43,"R",98,"R",174,"R",43,"R",0,"R",0,"R",0,"R",0
198039, 1,"R",2186,"R",143,"R",73,"R",1970,"R",140,"R",3,"R",0,"R",0,"R",0
198039, 2,"R",2186,"R",143,"R",73,"R",1970,"R",140,"R",3,"R",0,"R",0,"R",0
198039, 3,"R",1471,"R",109,"R",62,"R",1300,"R",106,"R",3,"R",0,"R",0,"R",0
198039,11,"R",715,"R",34,"R",11,"R",670,"R",34,"R",0,"R",0,"R",0,"R",0
198066, 1,"R",702,"A",,"A",,"R",702,"A",,"A",,"A",,"A",,"A",
198066, 2,"R",702,"A",,"A",,"R",702,"A",,"A",,"A",,"A",,"A",
198066, 3,"R",698,"A",,"A",,"R",698,"A",,"A",,"A",,"A",,"A",
198066,11,"R",4,"A",,"A",,"R",4,"A",,"A",,"A",,"A",,"A",
198084, 1,"R",1482,"R",282,"R",555,"R",645,"R",276,"R",6,"R",0,"R",0,"R",0
198084, 2,"R",1482,"R",282,"R",555,"R",645,"R",276,"R",6,"R",0,"R",0,"R",0
198084, 3,"R",984,"R",186,"R",440,"R",358,"R",181,"R",5,"R",0,"R",0,"R",0
198084,11,"R",498,"R",96,"R",115,"R",287,"R",95,"R",1,"R",0,"R",0,"R",0
198109, 1,"R",433,"R",75,"R",193,"R",165,"R",64,"R",11,"R",0,"R",0,"R",0
198109, 2,"R",402,"R",75,"R",162,"R",165,"R",64,"R",11,"R",0,"R",0,"R",0
198109, 3,"R",396,"R",73,"R",158,"R",165,"R",62,"R",11,"R",0,"R",0,"R",0
198109,11,"R",6,"R",2,"R",4,"R",0,"R",2,"R",0,"R",0,"R",0,"R",0
198109,12,"R",31,"R",0,"R",31,"R",0,"A",,"A",,"A",,"A",,"A",
198118, 1,"R",3581,"R",546,"R",1037,"R",1998,"R",543,"R",3,"Z",0,"Z",0,"R",0
198118, 2,"R",3581,"R",546,"R",1037,"R",1998,"R",543,"R",3,"Z",0,"Z",0,"R",0
198118, 3,"R",2311,"R",453,"R",869,"R",989,"R",450,"R",3,"Z",0,"Z",0,"R",0
198118,11,"R",1270,"R",93,"R",168,"R",1009,"R",93,"R",0,"Z",0,"Z",0,"R",0
198136, 1,"R",6448,"R",627,"R",647,"R",5174,"R",533,"R",89,"R",4,"R",1,"R",0
198136, 2,"R",4242,"R",578,"R",576,"R",3088,"R",493,"R",80,"R",4,"R",1,"R",0
198136, 3,"R",4199,"R",572,"R",573,"R",3054,"R",488,"R",79,"R",4,"R",1,"R",0
198136,11,"R",43,"R",6,"R",3,"R",34,"R",5,"R",1,"R",0,"R",0,"R",0
198136,12,"R",2206,"R",49,"R",71,"R",2086,"R",40,"R",9,"R",0,"R",0,"R",0
198154, 1,"R",8378,"R",1177,"R",2617,"R",4584,"R",1152,"R",25,"R",0,"R",0,"R",0
198154, 2,"R",8378,"R",1177,"R",2617,"R",4584,"R",1152,"R",25,"R",0,"R",0,"R",0
198154, 3,"R",6885,"R",966,"R",2169,"R",3750,"R",944,"R",22,"R",0,"R",0,"R",0
198154,11,"R",1493,"R",211,"R",448,"R",834,"R",208,"R",3,"R",0,"R",0,"R",0
198190, 1,"R",54,"A",,"A",,"R",54,"A",,"A",,"A",,"A",,"A",
198190, 2,"R",54,"A",,"A",,"R",54,"A",,"A",,"A",,"A",,"A",
198206, 1,"R",966,"R",187,"R",392,"R",387,"R",179,"R",6,"R",0,"R",1,"R",1
198206, 2,"R",966,"R",187,"R",392,"R",387,"R",179,"R",6,"R",0,"R",1,"R",1
198206, 3,"R",944,"R",173,"R",391,"R",380,"R",166,"R",6,"R",0,"R",1,"R",0
198206,11,"R",22,"R",14,"R",1,"R",7,"R",13,"R",0,"R",0,"R",0,"R",1
198215, 1,"R",1294,"R",0,"R",153,"R",1141,"A",,"A",,"A",,"A",,"A",
198215, 2,"R",1289,"R",0,"R",153,"R",1136,"A",,"A",,"A",,"A",,"A",
198215, 3,"R",1283,"R",0,"R",153,"R",1130,"A",,"A",,"A",,"A",,"A",
198215,11,"R",6,"R",0,"R",0,"R",6,"A",,"A",,"A",,"A",,"A",
198215,12,"R",5,"A",,"A",,"R",5,"A",,"A",,"A",,"A",,"A",
198233, 1,"R",4610,"R",678,"R",1796,"R",2136,"R",670,"R",4,"R",0,"R",4,"R",0
198233, 2,"R",4610,"R",678,"R",1796,"R",2136,"R",670,"R",4,"R",0,"R",4,"R",0
198233, 3,"R",3115,"R",471,"R",1410,"R",1234,"R",466,"R",1,"R",0,"R",4,"R",0
198233,11,"R",1495,"R",207,"R",386,"R",902,"R",204,"R",3,"R",0,"R",0,"R",0
198251, 1,"R",5189,"R",840,"R",1918,"R",2431,"R",831,"R",7,"R",0,"R",2,"R",0
198251, 2,"R",5189,"R",840,"R",1918,"R",2431,"R",831,"R",7,"R",0,"R",2,"R",0
198251, 3,"R",3133,"R",238,"R",1358,"R",1537,"R",229,"R",7,"R",0,"R",2,"R",0
198251,11,"R",2056,"R",602,"R",560,"R",894,"R",602,"R",0,"R",0,"R",0,"R",0
198260, 1,"R",18824,"R",4139,"R",6617,"R",8068,"R",3767,"R",94,"R",3,"R",275,"R",0
198260, 2,"R",18824,"R",4139,"R",6617,"R",8068,"R",3767,"R",94,"R",3,"R",275,"R",0
198260, 3,"R",16065,"R",3431,"R",5749,"R",6885,"R",3082,"R",89,"R",0,"R",260,"R",0
198260,11,"R",2759,"R",708,"R",868,"R",1183,"R",685,"R",5,"R",3,"R",15,"R",0
198303, 1,"R",1399,"R",11,"R",233,"R",1155,"R",10,"R",1,"Z",0,"Z",0,"R",0
198303, 2,"R",1395,"R",11,"R",233,"R",1151,"R",10,"R",1,"Z",0,"Z",0,"R",0
198303, 3,"R",1394,"R",11,"R",233,"R",1150,"R",10,"R",1,"Z",0,"Z",0,"R",0
198303,11,"R",1,"R",0,"R",0,"R",1,"A",,"A",,"A",,"A",,"A",
198303,12,"R",4,"A",,"A",,"R",4,"A",,"A",,"A",,"A",,"A",
198321, 1,"R",2551,"R",757,"R",836,"R",958,"R",746,"R",10,"R",0,"R",1,"R",0
198321, 2,"R",2551,"R",757,"R",836,"R",958,"R",746,"R",10,"R",0,"R",1,"R",0
198321, 3,"R",1852,"R",488,"R",669,"R",695,"R",483,"R",5,"R",0,"R",0,"R",0
198321,11,"R",699,"R",269,"R",167,"R",263,"R",263,"R",5,"R",0,"R",1,"R",0
198330, 1,"R",3864,"R",406,"R",1192,"R",2266,"R",396,"R",10,"R",0,"R",0,"R",0
198330, 2,"R",3864,"R",406,"R",1192,"R",2266,"R",396,"R",10,"R",0,"R",0,"R",0
198330, 3,"R",3414,"R",377,"R",1161,"R",1876,"R",367,"R",10,"R",0,"R",0,"R",0
198330,11,"R",450,"R",29,"R",31,"R",390,"R",29,"R",0,"R",0,"R",0,"R",0
198367, 1,"R",3003,"R",1108,"R",1260,"R",635,"R",900,"R",82,"R",113,"R",13,"R",0
198367, 2,"R",3003,"R",1108,"R",1260,"R",635,"R",900,"R",82,"R",113,"R",13,"R",0
198367, 3,"R",2571,"R",840,"R",1184,"R",547,"R",700,"R",82,"R",46,"R",12,"R",0
198367,11,"R",432,"R",268,"R",76,"R",88,"R",200,"R",0,"R",67,"R",1,"R",0
198376, 1,"R",3654,"R",662,"R",1245,"R",1747,"R",661,"R",1,"R",0,"R",0,"R",0
198376, 2,"R",3654,"R",662,"R",1245,"R",1747,"R",661,"R",1,"R",0,"R",0,"R",0
198376, 3,"R",2592,"R",482,"R",1033,"R",1077,"R",481,"R",1,"R",0,"R",0,"R",0
198376,11,"R",1062,"R",180,"R",212,"R",670,"R",180,"R",0,"R",0,"R",0,"R",0
198385, 1,"R",1843,"A",,"A",,"R",1843,"A",,"A",,"A",,"A",,"A",
198385, 2,"R",1843,"A",,"A",,"R",1843,"A",,"A",,"A",,"A",,"A",
198385, 3,"R",1839,"A",,"A",,"R",1839,"A",,"A",,"A",,"A",,"A",
198385,11,"R",4,"A",,"A",,"R",4,"A",,"A",,"A",,"A",,"A",
198419, 1,"R",17048,"R",790,"R",220,"R",16038,"R",337,"R",405,"R",42,"R",6,"R",0
198419, 2,"R",6682,"A",,"A",,"R",6682,"A",,"A",,"A",,"A",,"A",
198419, 3,"R",6596,"A",,"A",,"R",6596,"A",,"A",,"A",,"A",,"A",
198419,11,"R",86,"A",,"A",,"R",86,"A",,"A",,"A",,"A",,"A",
198419,12,"R",10366,"R",790,"R",220,"R",9356,"R",337,"R",405,"R",42,"R",6,"R",0
198455, 1,"R",5434,"R",761,"R",1596,"R",3077,"R",756,"R",5,"R",0,"R",0,"R",0
198455, 2,"R",5434,"R",761,"R",1596,"R",3077,"R",756,"R",5,"R",0,"R",0,"R",0
198455, 3,"R",4122,"R",635,"R",1279,"R",2208,"R",630,"R",5,"R",0,"R",0,"R",0
198455,11,"R",1312,"R",126,"R",317,"R",869,"R",126,"R",0,"R",0,"R",0,"R",0
198464, 1,"R",28718,"R",6812,"R",6148,"R",15758,"R",6349,"R",355,"R",96,"R",12,"R",0
198464, 2,"R",23071,"R",3603,"R",5507,"R",13961,"R",3458,"R",94,"R",51,"R",0,"R",0
198464, 3,"R",22330,"R",2963,"R",5495,"R",13872,"R",2868,"R",63,"R",32,"R",0,"R",0
198464,11,"R",741,"R",640,"R",12,"R",89,"R",590,"R",31,"R",19,"R",0,"R",0
198464,12,"R",5647,"R",3209,"R",641,"R",1797,"R",2891,"R",261,"R",45,"R",12,"R",0
198491, 1,"R",2012,"R",795,"R",642,"R",575,"R",694,"R",1,"R",0,"R",0,"R",100
198491, 2,"R",2012,"R",795,"R",642,"R",575,"R",694,"R",1,"R",0,"R",0,"R",100
198491, 3,"R",1547,"R",569,"R",523,"R",455,"R",568,"R",1,"R",0,"R",0,"R",0
198491,11,"R",465,"R",226,"R",119,"R",120,"R",126,"R",0,"R",0,"R",0,"R",100
198507, 1,"R",1677,"R",157,"R",465,"R",1055,"R",131,"R",10,"R",16,"R",0,"R",0
198507, 2,"R",1636,"R",156,"R",449,"R",1031,"R",130,"R",10,"R",16,"R",0,"R",0
198507, 3,"R",1553,"R",124,"R",423,"R",1006,"R",104,"R",9,"R",11,"R",0,"R",0
198507,11,"R",83,"R",32,"R",26,"R",25,"R",26,"R",1,"R",5,"R",0,"R",0
198507,12,"R",41,"R",1,"R",16,"R",24,"R",1,"R",0,"R",0,"R",0,"R",0
198516, 1,"R",6991,"R",0,"R",0,"R",6991,"A",,"A",,"A",,"A",,"A",
198516, 2,"R",6196,"R",0,"Z",0,"R",6196,"A",,"A",,"A",,"A",,"A",
198516, 3,"R",6196,"R",0,"Z",0,"R",6196,"A",,"A",,"A",,"A",,"A",
198516,12,"R",795,"A",,"A",,"R",795,"A",,"A",,"A",,"A",,"A",
198534, 1,"R",11534,"R",4638,"R",3283,"R",3613,"R",3772,"R",860,"R",0,"R",6,"R",0
198534, 2,"R",11534,"R",4638,"R",3283,"R",3613,"R",3772,"R",860,"R",0,"R",6,"R",0
198534, 3,"R",9567,"R",4006,"R",3118,"R",2443,"R",3455,"R",548,"R",0,"R",3,"R",0
198534,11,"R",1967,"R",632,"R",165,"R",1170,"R",317,"R",312,"R",0,"R",3,"R",0
198543, 1,"R",6318,"R",2059,"R",2065,"R",2194,"R",1915,"R",84,"R",60,"R",0,"R",0
198543, 2,"R",5473,"R",1510,"R",1952,"R",2011,"R",1446,"R",28,"R",36,"R",0,"R",0
198543, 3,"R",4915,"R",1397,"R",1917,"R",1601,"R",1344,"R",22,"R",31,"R",0,"R",0
198543,11,"R",558,"R",113,"R",35,"R",410,"R",102,"R",6,"R",5,"R",0,"R",0
198543,12,"R",845,"R",549,"R",113,"R",183,"R",469,"R",56,"R",24,"R",0,"R",0
198552, 1,"R",7689,"R",1376,"R",2401,"R",3912,"R",1374,"R",2,"Z",0,"Z",0,"R",0
198552, 2,"R",7689,"R",1376,"R",2401,"R",3912,"R",1374,"R",2,"Z",0,"Z",0,"R",0
198552, 3,"R",6465,"R",1194,"R",2186,"R",3085,"R",1192,"R",2,"Z",0,"Z",0,"R",0
198552,11,"R",1224,"R",182,"R",215,"R",827,"R",182,"R",0,"Z",0,"Z",0,"R",0
198561, 1,"R",3598,"R",1101,"R",654,"R",1843,"R",899,"R",199,"R",2,"R",1,"R",0
198561, 2,"R",2036,"R",544,"R",480,"R",1012,"R",484,"R",58,"R",1,"R",1,"R",0
198561, 3,"R",2010,"R",542,"R",479,"R",989,"R",482,"R",58,"R",1,"R",1,"R",0
198561,11,"R",26,"R",2,"R",1,"R",23,"R",2,"Z",0,"Z",0,"Z",0,"R",0
198561,12,"R",1562,"R",557,"R",174,"R",831,"R",415,"R",141,"R",1,"Z",0,"R",0
198570, 1,"R",5362,"R",1570,"R",1516,"R",2276,"R",1557,"R",12,"Z",0,"Z",0,"R",1
198570, 2,"R",5362,"R",1570,"R",1516,"R",2276,"R",1557,"R",12,"Z",0,"Z",0,"R",1
198570, 3,"R",5261,"R",1518,"R",1501,"R",2242,"R",1506,"R",12,"Z",0,"Z",0,"R",0
198570,11,"R",101,"R",52,"R",15,"R",34,"R",51,"Z",0,"Z",0,"Z",0,"R",1
198598, 1,"R",1026,"R",17,"R",187,"R",822,"R",15,"R",2,"R",0,"R",0,"R",0
198598, 2,"R",900,"R",17,"R",91,"R",792,"R",15,"R",2,"R",0,"R",0,"R",0
198598, 3,"R",755,"R",17,"R",89,"R",649,"R",15,"R",2,"R",0,"R",0,"R",0
198598,11,"R",145,"R",0,"R",2,"R",143,"A",,"A",,"A",,"A",,"A",
198598,12,"R",126,"R",0,"R",96,"R",30,"A",,"A",,"A",,"A",,"A",
198613, 1,"R",1576,"R",0,"R",0,"R",1576,"A",,"A",,"A",,"A",,"A",
198613, 2,"R",1567,"R",0,"R",0,"R",1567,"A",,"A",,"A",,"A",,"A",
198613, 3,"R",1414,"R",0,"R",0,"R",1414,"A",,"A",,"A",,"A",,"A",
198613,11,"R",153,"R",0,"R",0,"R",153,"A",,"A",,"A",,"A",,"A",
198613,12,"R",9,"A",,"A",,"R",9,"A",,"A",,"A",,"A",,"A",
198622, 1,"R",10520,"R",2043,"R",2458,"R",6019,"R",2025,"R",18,"R",0,"R",0,"R",0
198622, 2,"R",10520,"R",2043,"R",2458,"R",6019,"R",2025,"R",18,"R",0,"R",0,"R",0
198622, 3,"R",10288,"R",1966,"R",2429,"R",5893,"R",1949,"R",17,"R",0,"R",0,"R",0
198622,11,"R",232,"R",77,"R",29,"R",126,"R",76,"R",1,"R",0,"R",0,"R",0
198640, 1,"R",996,"R",202,"R",423,"R",371,"R",202,"R",0,"R",0,"R",0,"R",0
198640, 2,"R",996,"R",202,"R",423,"R",371,"R",202,"R",0,"R",0,"R",0,"R",0
198640, 3,"R",605,"R",145,"R",374,"R",86,"R",145,"R",0,"R",0,"R",0,"R",0
198640,11,"R",391,"R",57,"R",49,"R",285,"R",57,"R",0,"R",0,"R",0,"R",0
198668, 1,"R",1627,"R",628,"R",545,"R",454,"R",625,"R",3,"R",0,"R",0,"R",0
198668, 2,"R",1627,"R",628,"R",545,"R",454,"R",625,"R",3,"R",0,"R",0,"R",0
198668, 3,"R",1043,"R",368,"R",408,"R",267,"R",366,"R",2,"R",0,"R",0,"R",0
198668,11,"R",584,"R",260,"R",137,"R",187,"R",259,"R",1,"R",0,"R",0,"R",0
198677, 1,"R",32,"R",32,"A",,"A",,"R",29,"R",3,"R",0,"R",0,"R",0
198677, 2,"R",32,"R",32,"A",,"A",,"R",29,"R",3,"R",0,"R",0,"R",0
198677, 3,"R",32,"R",32,"A",,"A",,"R",29,"R",3,"R",0,"R",0,"R",0
198695, 1,"R",5137,"R",0,"R",73,"R",5064,"A",,"A",,"A",,"A",,"A",
198695, 2,"R",4545,"R",0,"R",73,"R",4472,"A",,"A",,"A",,"A",,"A",
198695, 3,"R",4498,"R",0,"R",73,"R",4425,"A",,"A",,"A",,"A",,"A",
198695,11,"R",47,"R",0,"R",0,"R",47,"A",,"A",,"A",,"A",,"A",
198695,12,"R",592,"R",0,"R",0,"R",592,"A",,"A",,"A",,"A",,"A",
198710, 1,"R",1941,"R",537,"R",775,"R",629,"R",532,"R",2,"R",0,"R",3,"R",0
198710, 2,"R",1941,"R",537,"R",775,"R",629,"R",532,"R",2,"R",0,"R",3,"R",0
198710, 3,"R",1173,"R",231,"R",545,"R",397,"R",227,"R",1,"R",0,"R",3,"R",0
198710,11,"R",768,"R",306,"R",230,"R",232,"R",305,"R",1,"R",0,"R",0,"R",0
198729, 1,"R",1113,"R",383,"R",466,"R",264,"R",379,"R",1,"R",0,"R",3,"R",0
198729, 2,"R",1113,"R",383,"R",466,"R",264,"R",379,"R",1,"R",0,"R",3,"R",0
198729, 3,"R",903,"R",221,"R",421,"R",261,"R",217,"R",1,"R",0,"R",3,"R",0
198729,11,"R",210,"R",162,"R",45,"R",3,"R",162,"R",0,"R",0,"R",0,"R",0
198756, 1,"R",1565,"R",63,"R",0,"R",1502,"R",56,"R",7,"Z",0,"Z",0,"R",0
198756, 2,"R",1480,"R",63,"Z",0,"R",1417,"R",56,"R",7,"Z",0,"Z",0,"R",0
198756, 3,"R",1480,"R",63,"Z",0,"R",1417,"R",56,"R",7,"Z",0,"Z",0,"R",0
198756,12,"R",85,"A",,"A",,"R",85,"A",,"A",,"A",,"A",,"A",
198774, 1,"R",4047,"R",859,"R",1152,"R",2036,"R",856,"R",3,"Z",0,"Z",0,"R",0
198774, 2,"R",4047,"R",859,"R",1152,"R",2036,"R",856,"R",3,"Z",0,"Z",0,"R",0
198774, 3,"R",2769,"R",567,"R",852,"R",1350,"R",565,"R",2,"Z",0,"Z",0,"R",0
198774,11,"R",1278,"R",292,"R",300,"R",686,"R",291,"R",1,"Z",0,"Z",0,"R",0
198808, 1,"R",966,"R",257,"R",0,"R",709,"R",249,"R",8,"R",0,"R",0,"R",0
198808, 2,"R",966,"R",257,"R",0,"R",709,"R",249,"R",8,"R",0,"R",0,"R",0
198808, 3,"R",952,"R",244,"R",0,"R",708,"R",236,"R",8,"R",0,"R",0,"R",0
198808,11,"R",14,"R",13,"R",0,"R",1,"R",13,"R",0,"R",0,"R",0,"R",0
198817, 1,"R",2693,"R",1082,"R",870,"R",741,"R",1045,"R",37,"R",0,"R",0,"R",0
198817, 2,"R",2693,"R",1082,"R",870,"R",741,"R",1045,"R",37,"R",0,"R",0,"R",0
198817, 3,"R",1521,"R",524,"R",585,"R",412,"R",497,"R",27,"R",0,"R",0,"R",0
198817,11,"R",1172,"R",558,"R",285,"R",329,"R",548,"R",10,"R",0,"R",0,"R",0
198835, 1,"R",2700,"R",294,"R",795,"R",1611,"R",255,"R",39,"Z",0,"Z",0,"R",0
198835, 2,"R",1825,"R",88,"R",650,"R",1087,"R",87,"R",1,"Z",0,"Z",0,"R",0
198835, 3,"R",1699,"R",88,"R",650,"R",961,"R",87,"R",1,"Z",0,"Z",0,"R",0
198835,11,"R",126,"R",0,"R",0,"R",126,"A",,"A",,"A",,"A",,"A",
198835,12,"R",875,"R",206,"R",145,"R",524,"R",168,"R",38,"Z",0,"Z",0,"R",0
198844, 1,"R",178,"A",,"A",,"R",178,"A",,"A",,"A",,"A",,"A",
198844, 2,"R",178,"A",,"A",,"R",178,"A",,"A",,"A",,"A",,"A",
198862, 1,"R",1148,"A",,"A",,"R",1148,"A",,"A",,"A",,"A",,"A",
198862, 2,"R",1148,"A",,"A",,"R",1148,"A",,"A",,"A",,"A",,"A",
198862, 3,"R",1148,"A",,"A",,"R",1148,"A",,"A",,"A",,"A",,"A",
198871, 1,"R",594,"A",,"A",,"R",594,"A",,"A",,"A",,"A",,"A",
198871, 2,"R",594,"A",,"A",,"R",594,"A",,"A",,"A",,"A",,"A",
198871, 3,"R",594,"A",,"A",,"R",594,"A",,"A",,"A",,"A",,"A",
198899, 1,"R",1154,"R",3,"R",44,"R",1107,"R",3,"R",0,"R",0,"R",0,"R",0
198899, 2,"R",1132,"R",3,"R",44,"R",1085,"R",3,"R",0,"R",0,"R",0,"R",0
198899, 3,"R",1130,"R",3,"R",44,"R",1083,"R",3,"R",0,"R",0,"R",0,"R",0
198899,11,"R",2,"R",0,"R",0,"R",2,"A",,"A",,"A",,"A",,"A",
198899,12,"R",22,"A",,"A",,"R",22,"A",,"A",,"A",,"A",,"A",
198905, 1,"R",800,"R",428,"R",297,"R",75,"R",428,"Z",0,"Z",0,"Z",0,"R",0
198905, 2,"R",800,"R",428,"R",297,"R",75,"R",428,"Z",0,"Z",0,"Z",0,"R",0
198905, 3,"R",264,"R",82,"R",130,"R",52,"R",82,"Z",0,"Z",0,"Z",0,"R",0
198905,11,"R",536,"R",346,"R",167,"R",23,"R",346,"Z",0,"Z",0,"Z",0,"R",0
198914, 1,"R",1082,"R",73,"R",315,"R",694,"R",72,"R",1,"R",0,"R",0,"R",0
198914, 2,"R",1082,"R",73,"R",315,"R",694,"R",72,"R",1,"R",0,"R",0,"R",0
198914, 3,"R",1041,"R",68,"R",310,"R",663,"R",67,"R",1,"R",0,"R",0,"R",0
198914,11,"R",41,"R",5,"R",5,"R",31,"R",5,"R",0,"R",0,"R",0,"R",0
198923, 1,"R",1105,"R",128,"R",394,"R",583,"R",128,"Z",0,"Z",0,"Z",0,"R",0
198923, 2,"R",1105,"R",128,"R",394,"R",583,"R",128,"Z",0,"Z",0,"Z",0,"R",0
198923, 3,"R",580,"R",68,"R",247,"R",265,"R",68,"Z",0,"Z",0,"Z",0,"R",0
198923,11,"R",525,"R",60,"R",147,"R",318,"R",60,"Z",0,"Z",0,"Z",0,"R",0
198950, 1,"R",1905,"R",2,"R",44,"R",1859,"R",2,"R",0,"R",0,"R",0,"R",0
198950, 2,"R",1603,"A",,"A",,"R",1603,"A",,"A",,"A",,"A",,"A",
198950, 3,"R",1563,"A",,"A",,"R",1563,"A",,"A",,"A",,"A",,"A",
198950,11,"R",40,"A",,"A",,"R",40,"A",,"A",,"A",,"A",,"A",
198950,12,"R",302,"R",2,"R",44,"R",256,"R",2,"R",0,"R",0,"R",0,"R",0
198969, 1,"R",2092,"R",44,"R",136,"R",1912,"R",37,"R",5,"R",0,"R",2,"R",0
198969, 2,"R",1770,"R",41,"R",130,"R",1599,"R",36,"R",4,"R",0,"R",1,"R",0
198969, 3,"R",1757,"R",39,"R",130,"R",1588,"R",34,"R",4,"R",0,"R",1,"R",0
198969,11,"R",13,"R",2,"R",0,"R",11,"R",2,"R",0,"R",0,"R",0,"R",0
198969,12,"R",322,"R",3,"R",6,"R",313,"R",1,"R",1,"R",0,"R",1,"R",0
198978, 1,"R",1668,"R",1284,"R",321,"R",63,"R",675,"R",609,"Z",0,"Z",0,"R",0
198978, 2,"R",1668,"R",1284,"R",321,"R",63,"R",675,"R",609,"Z",0,"Z",0,"R",0
198978, 3,"R",1668,"R",1284,"R",321,"R",63,"R",675,"R",609,"Z",0,"Z",0,"R",0
198987, 1,"R",3164,"R",503,"R",1048,"R",1613,"R",501,"R",2,"R",0,"R",0,"R",0
198987, 2,"R",3164,"R",503,"R",1048,"R",1613,"R",501,"R",2,"R",0,"R",0,"R",0
198987, 3,"R",1894,"R",209,"R",795,"R",890,"R",207,"R",2,"R",0,"R",0,"R",0
198987,11,"R",1270,"R",294,"R",253,"R",723,"R",294,"R",0,"R",0,"R",0,"R",0
199005, 1,"R",17,"A",,"A",,"R",17,"A",,"A",,"A",,"A",,"A",
199005, 2,"R",17,"A",,"A",,"R",17,"A",,"A",,"A",,"A",,"A",
199023, 1,"R",836,"R",230,"R",356,"R",250,"R",227,"R",3,"R",0,"R",0,"R",0
199023, 2,"R",836,"R",230,"R",356,"R",250,"R",227,"R",3,"R",0,"R",0,"R",0
199023, 3,"R",480,"R",117,"R",160,"R",203,"R",114,"R",3,"R",0,"R",0,"R",0
199023,11,"R",356,"R",113,"R",196,"R",47,"R",113,"R",0,"R",0,"R",0,"R",0
199032, 1,"R",921,"R",131,"R",320,"R",470,"R",111,"R",20,"Z",0,"Z",0,"R",0
199032, 2,"R",795,"R",97,"R",262,"R",436,"R",81,"R",16,"Z",0,"Z",0,"R",0
199032, 3,"R",714,"R",97,"R",261,"R",356,"R",81,"R",16,"Z",0,"Z",0,"R",0
199032,11,"R",81,"Z",0,"R",1,"R",80,"A",,"A",,"A",,"A",,"A",
199032,12,"R",126,"R",34,"R",58,"R",34,"R",30,"R",4,"Z",0,"Z",0,"R",0
199069, 1,"R",3208,"R",497,"R",1502,"R",1209,"R",477,"R",19,"Z",0,"R",1,"R",0
199069, 2,"R",2991,"R",280,"R",1502,"R",1209,"R",268,"R",12,"Z",0,"Z",0,"R",0
199069, 3,"R",2853,"R",272,"R",1414,"R",1167,"R",262,"R",10,"Z",0,"Z",0,"R",0
199069,11,"R",138,"R",8,"R",88,"R",42,"R",6,"R",2,"Z",0,"Z",0,"R",0
199069,12,"R",217,"R",217,"R",0,"R",0,"R",209,"R",7,"Z",0,"R",1,"R",0
199078, 1,"R",150,"A",,"A",,"R",150,"A",,"A",,"A",,"A",,"A",
199078, 2,"R",150,"A",,"A",,"R",150,"A",,"A",,"A",,"A",,"A",
199087, 1,"R",3055,"R",908,"R",948,"R",1199,"R",902,"R",3,"R",0,"R",3,"R",0
199087, 2,"R",3055,"R",908,"R",948,"R",1199,"R",902,"R",3,"R",0,"R",3,"R",0
199087, 3,"R",2173,"R",638,"R",791,"R",744,"R",632,"R",3,"R",0,"R",3,"R",0
199087,11,"R",882,"R",270,"R",157,"R",455,"R",270,"R",0,"R",0,"R",0,"R",0
199102, 1,"R",12142,"R",1068,"R",2921,"R",8153,"R",974,"R",75,"R",18,"R",1,"R",0
199102, 2,"R",10629,"R",701,"R",2657,"R",7271,"R",645,"R",43,"R",13,"R",0,"R",0
199102, 3,"R",10299,"R",622,"R",2635,"R",7042,"R",581,"R",33,"R",8,"R",0,"R",0
199102,11,"R",330,"R",79,"R",22,"R",229,"R",64,"R",10,"R",5,"R",0,"R",0
199102,12,"R",1513,"R",367,"R",264,"R",882,"R",329,"R",32,"R",5,"R",1,"R",0
199111, 1,"R",3762,"R",61,"R",238,"R",3463,"R",61,"R",0,"R",0,"R",0,"R",0
199111, 2,"R",3743,"R",61,"R",238,"R",3444,"R",61,"R",0,"R",0,"R",0,"R",0
199111, 3,"R",3478,"R",5,"R",228,"R",3245,"R",5,"R",0,"R",0,"R",0,"R",0
199111,11,"R",265,"R",56,"R",10,"R",199,"R",56,"R",0,"R",0,"R",0,"R",0
199111,12,"R",19,"R",0,"R",0,"R",19,"A",,"A",,"A",,"A",,"A",
199120, 1,"R",30011,"R",1310,"R",3101,"R",25600,"R",264,"R",804,"R",213,"R",29,"R",0
199120, 2,"R",19117,"R",68,"R",2225,"R",16824,"R",56,"R",12,"R",0,"R",0,"R",0
199120, 3,"R",18946,"R",53,"R",2224,"R",16669,"R",43,"R",10,"R",0,"R",0,"R",0
199120,11,"R",171,"R",15,"R",1,"R",155,"R",13,"R",2,"R",0,"R",0,"R",0
199120,12,"R",10894,"R",1242,"R",876,"R",8776,"R",208,"R",792,"R",213,"R",29,"R",0
199139, 1,"R",29710,"R",1414,"R",6694,"R",21602,"R",1322,"R",63,"R",27,"R",2,"R",0
199139, 2,"R",24387,"R",688,"R",6005,"R",17694,"R",643,"R",34,"R",11,"R",0,"R",0
199139, 3,"R",23939,"R",687,"R",5990,"R",17262,"R",642,"R",34,"R",11,"R",0,"R",0
199139,11,"R",448,"R",1,"R",15,"R",432,"R",1,"R",0,"R",0,"R",0,"R",0
199139,12,"R",5323,"R",726,"R",689,"R",3908,"R",679,"R",29,"R",16,"R",2,"R",0
199148, 1,"R",20106,"R",2989,"R",6278,"R",10839,"R",2809,"R",150,"R",27,"R",3,"R",0
199148, 2,"R",16641,"R",1931,"R",5831,"R",8879,"R",1892,"R",25,"R",14,"R",0,"R",0
199148, 3,"R",16238,"R",1881,"R",5817,"R",8540,"R",1845,"R",23,"R",13,"R",0,"R",0
199148,11,"R",403,"R",50,"R",14,"R",339,"R",47,"R",2,"R",1,"R",0,"R",0
199148,12,"R",3465,"R",1058,"R",447,"R",1960,"R",917,"R",125,"R",13,"R",3,"R",0
199157, 1,"R",8207,"R",1063,"R",2544,"R",4600,"R",982,"R",48,"R",32,"R",1,"R",0
199157, 2,"R",6434,"R",648,"R",2082,"R",3704,"R",602,"R",17,"R",29,"R",0,"R",0
199157, 3,"R",5913,"R",553,"R",2073,"R",3287,"R",515,"R",13,"R",25,"R",0,"R",0
199157,11,"R",521,"R",95,"R",9,"R",417,"R",87,"R",4,"R",4,"R",0,"R",0
199157,12,"R",1773,"R",415,"R",462,"R",896,"R",380,"R",31,"R",3,"R",1,"R",0
199184, 1,"R",1042,"R",0,"R",124,"R",918,"A",,"A",,"A",,"A",,"A",
199184, 2,"R",890,"R",0,"R",124,"R",766,"A",,"A",,"A",,"A",,"A",
199184, 3,"R",890,"R",0,"R",124,"R",766,"A",,"A",,"A",,"A",,"A",
199184,12,"R",152,"A",,"A",,"R",152,"A",,"A",,"A",,"A",,"A",
199193, 1,"R",35479,"R",2986,"R",11555,"R",20938,"R",2398,"R",495,"R",45,"R",48,"R",0
199193, 2,"R",25199,"R",798,"R",10452,"R",13949,"R",679,"R",83,"R",32,"R",4,"R",0
199193, 3,"R",23708,"R",281,"R",10280,"R",13147,"R",257,"R",18,"R",3,"R",3,"R",0
199193,11,"R",1491,"R",517,"R",172,"R",802,"R",422,"R",65,"R",29,"R",1,"R",0
199193,12,"R",10280,"R",2188,"R",1103,"R",6989,"R",1719,"R",412,"R",13,"R",44,"R",0
199209, 1,"R",2034,"R",165,"R",560,"R",1309,"R",161,"R",4,"R",0,"R",0,"R",0
199209, 2,"R",2007,"R",165,"R",558,"R",1284,"R",161,"R",4,"R",0,"R",0,"R",0
199209, 3,"R",1999,"R",162,"R",558,"R",1279,"R",158,"R",4,"R",0,"R",0,"R",0
199209,11,"R",8,"R",3,"R",0,"R",5,"R",3,"R",0,"R",0,"R",0,"R",0
199209,12,"R",27,"R",0,"R",2,"R",25,"A",,"A",,"A",,"A",,"A",
199218, 1,"R",16747,"R",3040,"R",4793,"R",8914,"R",2938,"R",65,"R",34,"R",3,"R",0
199218, 2,"R",14452,"R",1919,"R",4631,"R",7902,"R",1870,"R",17,"R",32,"R",0,"R",0
199218, 3,"R",14076,"R",1883,"R",4606,"R",7587,"R",1835,"R",17,"R",31,"R",0,"R",0
199218,11,"R",376,"R",36,"R",25,"R",315,"R",35,"R",0,"R",1,"R",0,"R",0
199218,12,"R",2295,"R",1121,"R",162,"R",1012,"R",1068,"R",48,"R",2,"R",3,"R",0
199263, 1,"R",527,"R",181,"R",108,"R",238,"R",172,"R",8,"R",1,"R",0,"R",0
199263, 2,"R",527,"R",181,"R",108,"R",238,"R",172,"R",8,"R",1,"R",0,"R",0
199263, 3,"R",405,"R",114,"R",62,"R",229,"R",105,"R",8,"R",1,"R",0,"R",0
199263,11,"R",122,"R",67,"R",46,"R",9,"R",67,"R",0,"R",0,"R",0,"R",0
199272, 1,"R",910,"R",87,"R",47,"R",776,"R",82,"R",5,"R",0,"R",0,"R",0
199272, 2,"R",910,"R",87,"R",47,"R",776,"R",82,"R",5,"R",0,"R",0,"R",0
199272, 3,"R",881,"R",78,"R",35,"R",768,"R",75,"R",3,"R",0,"R",0,"R",0
199272,11,"R",29,"R",9,"R",12,"R",8,"R",7,"R",2,"R",0,"R",0,"R",0
199281, 1,"R",7137,"R",1728,"R",1955,"R",3454,"R",1688,"R",14,"R",26,"R",0,"R",0
199281, 2,"R",6069,"R",1172,"R",1753,"R",3144,"R",1144,"R",9,"R",19,"R",0,"R",0
199281, 3,"R",5960,"R",1118,"R",1743,"R",3099,"R",1092,"R",9,"R",17,"R",0,"R",0
199281,11,"R",109,"R",54,"R",10,"R",45,"R",52,"R",0,"R",2,"R",0,"R",0
199281,12,"R",1068,"R",556,"R",202,"R",310,"R",544,"R",5,"R",7,"R",0,"R",0
199306, 1,"R",1365,"R",31,"R",584,"R",750,"R",24,"R",7,"Z",0,"Z",0,"R",0
199306, 2,"R",900,"R",3,"R",243,"R",654,"R",2,"R",1,"Z",0,"Z",0,"R",0
199306, 3,"R",900,"R",3,"R",243,"R",654,"R",2,"R",1,"Z",0,"Z",0,"R",0
199306,12,"R",465,"R",28,"R",341,"R",96,"R",22,"R",6,"Z",0,"Z",0,"R",0
199324, 1,"R",1287,"R",243,"R",385,"R",659,"R",242,"R",1,"R",0,"R",0,"R",0
199324, 2,"R",1287,"R",243,"R",385,"R",659,"R",242,"R",1,"R",0,"R",0,"R",0
199324, 3,"R",819,"R",191,"R",330,"R",298,"R",190,"R",1,"R",0,"R",0,"R",0
199324,11,"R",468,"R",52,"R",55,"R",361,"R",52,"R",0,"R",0,"R",0,"R",0
199333, 1,"R",8185,"R",1503,"R",2616,"R",4066,"R",1475,"R",27,"R",1,"R",0,"R",0
199333, 2,"R",8185,"R",1503,"R",2616,"R",4066,"R",1475,"R",27,"R",1,"R",0,"R",0
199333, 3,"R",6131,"R",1264,"R",2418,"R",2449,"R",1239,"R",24,"R",1,"R",0,"R",0
199333,11,"R",2054,"R",239,"R",198,"R",1617,"R",236,"R",3,"R",0,"R",0,"R",0
199412, 1,"R",2536,"R",491,"R",1024,"R",1021,"R",381,"R",109,"R",1,"Z",0,"R",0
199412, 2,"R",1766,"R",55,"R",864,"R",847,"R",43,"R",11,"R",1,"Z",0,"R",0
199412, 3,"R",1695,"R",26,"R",861,"R",808,"R",18,"R",7,"R",1,"Z",0,"R",0
199412,11,"R",71,"R",29,"R",3,"R",39,"R",25,"R",4,"Z",0,"Z",0,"R",0
199412,12,"R",770,"R",436,"R",160,"R",174,"R",338,"R",98,"Z",0,"Z",0,"R",0
199421, 1,"R",2784,"R",815,"R",813,"R",1156,"R",815,"Z",0,"Z",0,"Z",0,"R",0
199421, 2,"R",2784,"R",815,"R",813,"R",1156,"R",815,"Z",0,"Z",0,"Z",0,"R",0
199421, 3,"R",1637,"R",397,"R",637,"R",603,"R",397,"Z",0,"Z",0,"Z",0,"R",0
199421,11,"R",1147,"R",418,"R",176,"R",553,"R",418,"Z",0,"Z",0,"Z",0,"R",0
199449, 1,"R",2555,"R",531,"R",800,"R",1224,"R",528,"R",3,"R",0,"R",0,"R",0
199449, 2,"R",2555,"R",531,"R",800,"R",1224,"R",528,"R",3,"R",0,"R",0,"R",0
199449, 3,"R",1612,"R",429,"R",630,"R",553,"R",426,"R",3,"R",0,"R",0,"R",0
199449,11,"R",943,"R",102,"R",170,"R",671,"R",102,"R",0,"R",0,"R",0,"R",0
199458, 1,"R",205,"R",14,"R",31,"R",160,"R",7,"R",7,"R",0,"R",0,"R",0
199458, 2,"R",205,"R",14,"R",31,"R",160,"R",7,"R",7,"R",0,"R",0,"R",0
199458, 3,"R",205,"R",14,"R",31,"R",160,"R",7,"R",7,"R",0,"R",0,"R",0
199467, 1,"R",751,"R",290,"R",246,"R",215,"R",290,"R",0,"R",0,"R",0,"R",0
199467, 2,"R",751,"R",290,"R",246,"R",215,"R",290,"R",0,"R",0,"R",0,"R",0
199467, 3,"R",405,"R",185,"R",150,"R",70,"R",185,"R",0,"R",0,"R",0,"R",0
199467,11,"R",346,"R",105,"R",96,"R",145,"R",105,"R",0,"R",0,"R",0,"R",0
199476, 1,"R",1671,"R",101,"R",389,"R",1181,"R",101,"Z",0,"Z",0,"Z",0,"R",0
199476, 2,"R",1671,"R",101,"R",389,"R",1181,"R",101,"Z",0,"Z",0,"Z",0,"R",0
199476, 3,"R",1338,"R",87,"R",341,"R",910,"R",87,"Z",0,"Z",0,"Z",0,"R",0
199476,11,"R",333,"R",14,"R",48,"R",271,"R",14,"Z",0,"Z",0,"Z",0,"R",0
199485, 1,"R",1685,"R",251,"R",615,"R",819,"R",248,"R",2,"R",0,"R",1,"R",0
199485, 2,"R",1685,"R",251,"R",615,"R",819,"R",248,"R",2,"R",0,"R",1,"R",0
199485, 3,"R",1215,"R",195,"R",529,"R",491,"R",192,"R",2,"R",0,"R",1,"R",0
199485,11,"R",470,"R",56,"R",86,"R",328,"R",56,"R",0,"R",0,"R",0,"R",0
199494, 1,"R",6355,"R",1856,"R",1967,"R",2532,"R",1839,"R",5,"R",0,"R",12,"R",0
199494, 2,"R",6355,"R",1856,"R",1967,"R",2532,"R",1839,"R",5,"R",0,"R",12,"R",0
199494, 3,"R",4574,"R",1150,"R",1878,"R",1546,"R",1135,"R",3,"R",0,"R",12,"R",0
199494,11,"R",1781,"R",706,"R",89,"R",986,"R",704,"R",2,"R",0,"R",0,"R",0
199582, 1,"R",767,"R",0,"R",50,"R",717,"A",,"A",,"A",,"A",,"A",
199582, 2,"R",767,"R",0,"R",50,"R",717,"A",,"A",,"A",,"A",,"A",
199582, 3,"R",767,"R",0,"R",50,"R",717,"A",,"A",,"A",,"A",,"A",
199607, 1,"R",842,"R",66,"R",31,"R",745,"R",66,"Z",0,"Z",0,"Z",0,"R",0
199607, 2,"R",704,"R",0,"R",25,"R",679,"A",,"A",,"A",,"A",,"A",
199607, 3,"R",674,"R",0,"R",25,"R",649,"A",,"A",,"A",,"A",,"A",
199607,11,"R",30,"R",0,"R",0,"R",30,"A",,"A",,"A",,"A",,"A",
199607,12,"R",138,"R",66,"R",6,"R",66,"R",66,"Z",0,"Z",0,"Z",0,"R",0
199625, 1,"R",1293,"R",0,"R",1030,"R",263,"A",,"A",,"A",,"A",,"A",
199625, 2,"R",1293,"R",0,"R",1030,"R",263,"A",,"A",,"A",,"A",,"A",
199625, 3,"R",1231,"R",0,"R",987,"R",244,"A",,"A",,"A",,"A",,"A",
199625,11,"R",62,"R",0,"R",43,"R",19,"A",,"A",,"A",,"A",,"A",
199634, 1,"R",4018,"R",665,"R",1780,"R",1573,"R",627,"R",35,"R",0,"R",3,"R",0
199634, 2,"R",4018,"R",665,"R",1780,"R",1573,"R",627,"R",35,"R",0,"R",3,"R",0
199634, 3,"R",2648,"R",385,"R",1411,"R",852,"R",364,"R",20,"R",0,"R",1,"R",0
199634,11,"R",1370,"R",280,"R",369,"R",721,"R",263,"R",15,"R",0,"R",2,"R",0
199643, 1,"R",1411,"R",136,"R",528,"R",747,"R",136,"Z",0,"Z",0,"Z",0,"R",0
199643, 2,"R",1305,"R",114,"R",475,"R",716,"R",114,"Z",0,"Z",0,"Z",0,"R",0
199643, 3,"R",1302,"R",114,"R",472,"R",716,"R",114,"Z",0,"Z",0,"Z",0,"R",0
199643,11,"R",3,"Z",0,"R",3,"R",0,"A",,"A",,"A",,"A",,"A",
199643,12,"R",106,"R",22,"R",53,"R",31,"R",22,"Z",0,"Z",0,"Z",0,"R",0
199670, 1,"R",84,"A",,"A",,"R",84,"A",,"A",,"A",,"A",,"A",
199670, 2,"R",84,"A",,"A",,"R",84,"A",,"A",,"A",,"A",,"A",
199689, 1,"R",159,"A",,"A",,"R",159,"A",,"A",,"A",,"A",,"A",
199689, 2,"R",159,"A",,"A",,"R",159,"A",,"A",,"A",,"A",,"A",
199698, 1,"R",683,"R",117,"R",39,"R",527,"R",58,"R",53,"R",3,"Z",0,"R",3
199698, 2,"R",656,"R",90,"R",39,"R",527,"R",44,"R",46,"Z",0,"Z",0,"R",0
199698, 3,"R",634,"R",81,"R",37,"R",516,"R",35,"R",46,"Z",0,"Z",0,"R",0
199698,11,"R",22,"R",9,"R",2,"R",11,"R",9,"Z",0,"Z",0,"Z",0,"R",0
199698,12,"R",27,"R",27,"Z",0,"R",0,"R",14,"R",7,"R",3,"Z",0,"R",3
199722, 1,"R",1457,"R",293,"R",727,"R",437,"R",289,"R",4,"R",0,"R",0,"R",0
199722, 2,"R",1457,"R",293,"R",727,"R",437,"R",289,"R",4,"R",0,"R",0,"R",0
199722, 3,"R",1248,"R",202,"R",643,"R",403,"R",200,"R",2,"R",0,"R",0,"R",0
199722,11,"R",209,"R",91,"R",84,"R",34,"R",89,"R",2,"R",0,"R",0,"R",0
199731, 1,"R",2366,"R",524,"R",609,"R",1233,"R",514,"R",9,"R",0,"R",1,"R",0
199731, 2,"R",2366,"R",524,"R",609,"R",1233,"R",514,"R",9,"R",0,"R",1,"R",0
199731, 3,"R",1563,"R",441,"R",520,"R",602,"R",431,"R",9,"R",0,"R",1,"R",0
199731,11,"R",803,"R",83,"R",89,"R",631,"R",83,"R",0,"R",0,"R",0,"R",0
199740, 1,"R",2545,"R",1548,"R",594,"R",403,"R",1534,"R",6,"R",0,"R",8,"R",0
199740, 2,"R",2545,"R",1548,"R",594,"R",403,"R",1534,"R",6,"R",0,"R",8,"R",0
199740, 3,"R",1879,"R",1131,"R",453,"R",295,"R",1119,"R",5,"R",0,"R",7,"R",0
199740,11,"R",666,"R",417,"R",141,"R",108,"R",415,"R",1,"R",0,"R",1,"R",0
199759, 1,"R",3140,"R",716,"R",726,"R",1698,"R",188,"R",374,"R",2,"R",145,"R",7
199759, 2,"R",520,"R",102,"R",154,"R",264,"R",42,"R",50,"R",2,"R",1,"R",7
199759, 3,"R",520,"R",102,"R",154,"R",264,"R",42,"R",50,"R",2,"R",1,"R",7
199759,12,"R",2620,"R",614,"R",572,"R",1434,"R",146,"R",324,"Z",0,"R",144,"R",0
199768, 1,"R",3145,"R",687,"R",948,"R",1510,"R",676,"R",10,"R",0,"R",0,"R",1
199768, 2,"R",3145,"R",687,"R",948,"R",1510,"R",676,"R",10,"R",0,"R",0,"R",1
199768, 3,"R",1873,"R",444,"R",734,"R",695,"R",436,"R",7,"R",0,"R",0,"R",1
199768,11,"R",1272,"R",243,"R",214,"R",815,"R",240,"R",3,"R",0,"R",0,"R",0
199786, 1,"R",4248,"R",550,"R",997,"R",2701,"R",548,"R",2,"Z",0,"Z",0,"R",0
199786, 2,"R",4248,"R",550,"R",997,"R",2701,"R",548,"R",2,"Z",0,"Z",0,"R",0
199786, 3,"R",3901,"R",501,"R",911,"R",2489,"R",499,"R",2,"Z",0,"Z",0,"R",0
199786,11,"R",347,"R",49,"R",86,"R",212,"R",49,"Z",0,"Z",0,"Z",0,"R",0
199795, 1,"R",963,"R",370,"R",373,"R",220,"R",350,"R",17,"R",0,"R",3,"R",0
199795, 2,"R",963,"R",370,"R",373,"R",220,"R",350,"R",17,"R",0,"R",3,"R",0
199795, 3,"R",484,"R",214,"R",170,"R",100,"R",196,"R",15,"R",0,"R",3,"R",0
199795,11,"R",479,"R",156,"R",203,"R",120,"R",154,"R",2,"R",0,"R",0,"R",0
199838, 1,"R",3063,"R",816,"R",1124,"R",1123,"R",815,"R",1,"R",0,"R",0,"R",0
199838, 2,"R",3063,"R",816,"R",1124,"R",1123,"R",815,"R",1,"R",0,"R",0,"R",0
199838, 3,"R",2036,"R",604,"R",817,"R",615,"R",603,"R",1,"R",0,"R",0,"R",0
199838,11,"R",1027,"R",212,"R",307,"R",508,"R",212,"R",0,"R",0,"R",0,"R",0
199847, 1,"R",8401,"R",415,"R",96,"R",7890,"R",202,"R",210,"R",3,"Z",0,"R",0
199847, 2,"R",5225,"Z",0,"R",76,"R",5149,"A",,"A",,"A",,"A",,"A",
199847, 3,"R",5225,"Z",0,"R",76,"R",5149,"A",,"A",,"A",,"A",,"A",
199847,12,"R",3176,"R",415,"R",20,"R",2741,"R",202,"R",210,"R",3,"Z",0,"R",0
199856, 1,"R",21872,"R",5474,"R",5077,"R",11321,"R",5446,"R",27,"R",0,"R",1,"R",0
199856, 2,"R",21872,"R",5474,"R",5077,"R",11321,"R",5446,"R",27,"R",0,"R",1,"R",0
199856, 3,"R",19545,"R",4804,"R",4814,"R",9927,"R",4778,"R",25,"R",0,"R",1,"R",0
199856,11,"R",2327,"R",670,"R",263,"R",1394,"R",668,"R",2,"R",0,"R",0,"R",0
199865, 1,"R",741,"R",0,"R",0,"R",741,"A",,"A",,"A",,"A",,"A",
199865, 2,"R",657,"R",0,"R",0,"R",657,"A",,"A",,"A",,"A",,"A",
199865, 3,"R",635,"R",0,"R",0,"R",635,"A",,"A",,"A",,"A",,"A",
199865,11,"R",22,"R",0,"R",0,"R",22,"A",,"A",,"A",,"A",,"A",
199865,12,"R",84,"A",,"A",,"R",84,"A",,"A",,"A",,"A",,"A",
199883, 1,"R",152,"A",,"A",,"R",152,"A",,"A",,"A",,"A",,"A",
199883, 2,"R",152,"A",,"A",,"R",152,"A",,"A",,"A",,"A",,"A",
199892, 1,"R",3238,"R",659,"R",1142,"R",1437,"R",532,"R",11,"Z",0,"Z",0,"R",116
199892, 2,"R",3238,"R",659,"R",1142,"R",1437,"R",532,"R",11,"Z",0,"Z",0,"R",116
199892, 3,"R",2943,"R",542,"R",1092,"R",1309,"R",415,"R",11,"Z",0,"Z",0,"R",116
199892,11,"R",295,"R",117,"R",50,"R",128,"R",117,"Z",0,"Z",0,"Z",0,"R",0
199908, 1,"R",1779,"R",281,"R",632,"R",866,"R",275,"R",3,"R",0,"R",3,"R",0
199908, 2,"R",1779,"R",281,"R",632,"R",866,"R",275,"R",3,"R",0,"R",3,"R",0
199908, 3,"R",1259,"R",228,"R",461,"R",570,"R",222,"R",3,"R",0,"R",3,"R",0
199908,11,"R",520,"R",53,"R",171,"R",296,"R",53,"R",0,"R",0,"R",0,"R",0
199926, 1,"R",2601,"R",491,"R",735,"R",1375,"R",490,"R",0,"R",0,"R",1,"R",0
199926, 2,"R",2601,"R",491,"R",735,"R",1375,"R",490,"R",0,"R",0,"R",1,"R",0
199926, 3,"R",1473,"R",186,"R",574,"R",713,"R",185,"R",0,"R",0,"R",1,"R",0
199926,11,"R",1128,"R",305,"R",161,"R",662,"R",305,"R",0,"R",0,"R",0,"R",0
199953, 1,"R",1692,"R",586,"R",618,"R",488,"R",586,"R",0,"R",0,"R",0,"R",0
199953, 2,"R",1692,"R",586,"R",618,"R",488,"R",586,"R",0,"R",0,"R",0,"R",0
199953, 3,"R",1339,"R",391,"R",557,"R",391,"R",391,"R",0,"R",0,"R",0,"R",0
199953,11,"R",353,"R",195,"R",61,"R",97,"R",195,"R",0,"R",0,"R",0,"R",0
199962, 1,"R",3689,"R",0,"R",122,"R",3567,"A",,"A",,"A",,"A",,"A",
199962, 2,"R",2726,"R",0,"R",122,"R",2604,"A",,"A",,"A",,"A",,"A",
199962, 3,"R",2721,"R",0,"R",122,"R",2599,"A",,"A",,"A",,"A",,"A",
199962,11,"R",5,"R",0,"R",0,"R",5,"A",,"A",,"A",,"A",,"A",
199962,12,"R",963,"R",0,"R",0,"R",963,"A",,"A",,"A",,"A",,"A",
199971, 1,"R",70,"A",,"A",,"R",70,"A",,"A",,"A",,"A",,"A",
199971, 2,"R",65,"A",,"A",,"R",65,"A",,"A",,"A",,"A",,"A",
199971, 3,"R",65,"A",,"A",,"R",65,"A",,"A",,"A",,"A",,"A",
199971,12,"R",5,"A",,"A",,"R",5,"A",,"A",,"A",,"A",,"A",
199980, 1,"R",111,"A",,"A",,"R",111,"A",,"A",,"A",,"A",,"A",
199980, 2,"R",111,"A",,"A",,"R",111,"A",,"A",,"A",,"A",,"A",
199999, 1,"R",5190,"R",736,"R",1865,"R",2589,"R",709,"R",16,"R",11,"R",0,"R",0
199999, 2,"R",4741,"R",619,"R",1661,"R",2461,"R",601,"R",8,"R",10,"R",0,"R",0
199999, 3,"R",4610,"R",522,"R",1654,"R",2434,"R",508,"R",6,"R",8,"R",0,"R",0
199999,11,"R",131,"R",97,"R",7,"R",27,"R",93,"R",2,"R",2,"R",0,"R",0
199999,12,"R",449,"R",117,"R",204,"R",128,"R",108,"R",8,"R",1,"R",0,"R",0
200004, 1,"R",11639,"R",2151,"R",1954,"R",7534,"R",2022,"R",99,"R",28,"R",2,"R",0
200004, 2,"R",10027,"R",1463,"R",1660,"R",6904,"R",1383,"R",56,"R",22,"R",2,"R",0
200004, 3,"R",9835,"R",1344,"R",1654,"R",6837,"R",1271,"R",52,"R",19,"R",2,"R",0
200004,11,"R",192,"R",119,"R",6,"R",67,"R",112,"R",4,"R",3,"R",0,"R",0
200004,12,"R",1612,"R",688,"R",294,"R",630,"R",639,"R",43,"R",6,"R",0,"R",0
200013, 1,"R",614,"R",263,"R",323,"R",28,"R",168,"R",95,"R",0,"R",0,"R",0
200013, 2,"R",612,"R",261,"R",323,"R",28,"R",166,"R",95,"R",0,"R",0,"R",0
200013, 3,"R",609,"R",259,"R",323,"R",27,"R",164,"R",95,"R",0,"R",0,"R",0
200013,11,"R",3,"R",2,"R",0,"R",1,"R",2,"R",0,"R",0,"R",0,"R",0
200013,12,"R",2,"R",2,"R",0,"R",0,"R",2,"R",0,"R",0,"R",0,"R",0
200022, 1,"R",3778,"R",1695,"R",770,"R",1313,"R",1102,"R",590,"R",0,"R",3,"R",0
200022, 2,"R",3778,"R",1695,"R",770,"R",1313,"R",1102,"R",590,"R",0,"R",3,"R",0
200022, 3,"R",2830,"R",943,"R",730,"R",1157,"R",413,"R",529,"R",0,"R",1,"R",0
200022,11,"R",948,"R",752,"R",40,"R",156,"R",689,"R",61,"R",0,"R",2,"R",0
200059, 1,"R",1392,"R",313,"R",253,"R",826,"R",257,"R",54,"R",0,"R",2,"R",0
200059, 2,"R",1375,"R",298,"R",251,"R",826,"R",243,"R",53,"R",0,"R",2,"R",0
200059, 3,"R",1114,"R",272,"R",247,"R",595,"R",226,"R",45,"R",0,"R",1,"R",0
200059,11,"R",261,"R",26,"R",4,"R",231,"R",17,"R",8,"R",0,"R",1,"R",0
200059,12,"R",17,"R",15,"R",2,"R",0,"R",14,"R",1,"R",0,"R",0,"R",0
200086, 1,"R",198,"R",0,"R",16,"R",182,"A",,"A",,"A",,"A",,"A",
200086, 2,"R",198,"R",0,"R",16,"R",182,"A",,"A",,"A",,"A",,"A",
200086, 3,"R",157,"R",0,"R",16,"R",141,"A",,"A",,"A",,"A",,"A",
200086,11,"R",41,"R",0,"R",0,"R",41,"A",,"A",,"A",,"A",,"A",
200110, 1,"R",48,"A",,"A",,"R",48,"A",,"A",,"A",,"A",,"A",
200110, 2,"R",48,"A",,"A",,"R",48,"A",,"A",,"A",,"A",,"A",
200156, 1,"R",1089,"R",56,"R",0,"R",1033,"R",54,"R",2,"R",0,"R",0,"R",0
200156, 2,"R",893,"R",0,"R",0,"R",893,"A",,"A",,"A",,"A",,"A",
200156, 3,"R",877,"R",0,"R",0,"R",877,"A",,"A",,"A",,"A",,"A",
200156,11,"R",16,"R",0,"R",0,"R",16,"A",,"A",,"A",,"A",,"A",
200156,12,"R",196,"R",56,"R",0,"R",140,"R",54,"R",2,"R",0,"R",0,"R",0
200192, 1,"R",2072,"R",603,"R",319,"R",1150,"R",497,"R",102,"R",0,"R",4,"R",0
200192, 2,"R",2072,"R",603,"R",319,"R",1150,"R",497,"R",102,"R",0,"R",4,"R",0
200192, 3,"R",688,"R",140,"R",222,"R",326,"R",118,"R",21,"R",0,"R",1,"R",0
200192,11,"R",1384,"R",463,"R",97,"R",824,"R",379,"R",81,"R",0,"R",3,"R",0
200208, 1,"R",178,"R",1,"R",28,"R",149,"R",1,"R",0,"R",0,"R",0,"R",0
200208, 2,"R",178,"R",1,"R",28,"R",149,"R",1,"R",0,"R",0,"R",0,"R",0
200208, 3,"R",150,"R",0,"R",27,"R",123,"A",,"A",,"A",,"A",,"A",
200208,11,"R",28,"R",1,"R",1,"R",26,"R",1,"R",0,"R",0,"R",0,"R",0
200217, 1,"R",3796,"R",946,"R",782,"R",2068,"R",584,"R",359,"R",0,"R",1,"R",2
200217, 2,"R",2534,"R",330,"R",506,"R",1698,"R",218,"R",111,"R",0,"R",1,"R",0
200217, 3,"R",2169,"R",323,"R",506,"R",1340,"R",214,"R",108,"R",0,"R",1,"R",0
200217,11,"R",365,"R",7,"R",0,"R",358,"R",4,"R",3,"R",0,"R",0,"R",0
200217,12,"R",1262,"R",616,"R",276,"R",370,"R",366,"R",248,"R",0,"R",0,"R",2
200226, 1,"R",1184,"R",640,"R",131,"R",413,"R",444,"R",192,"R",2,"R",2,"R",0
200226, 2,"R",1147,"R",622,"R",131,"R",394,"R",429,"R",189,"R",2,"R",2,"R",0
200226, 3,"R",878,"R",357,"R",130,"R",391,"R",232,"R",124,"R",1,"R",0,"R",0
200226,11,"R",269,"R",265,"R",1,"R",3,"R",197,"R",65,"R",1,"R",2,"R",0
200226,12,"R",37,"R",18,"R",0,"R",19,"R",15,"R",3,"R",0,"R",0,"R",0
200253, 1,"R",3189,"R",986,"R",623,"R",1580,"R",818,"R",157,"R",1,"R",10,"R",0
200253, 2,"R",2915,"R",843,"R",583,"R",1489,"R",740,"R",98,"R",1,"R",4,"R",0
200253, 3,"R",2410,"R",361,"R",578,"R",1471,"R",303,"R",53,"R",1,"R",4,"R",0
200253,11,"R",505,"R",482,"R",5,"R",18,"R",437,"R",45,"Z",0,"Z",0,"R",0
200253,12,"R",274,"R",143,"R",40,"R",91,"R",78,"R",59,"Z",0,"R",6,"R",0
200262, 1,"R",9,"A",,"A",,"R",9,"A",,"A",,"A",,"A",,"A",
200262, 2,"R",9,"A",,"A",,"R",9,"A",,"A",,"A",,"A",,"A",
200280, 1,"R",13847,"R",3531,"R",3186,"R",7130,"R",1024,"R",2402,"R",18,"R",79,"R",8
200280, 2,"R",10519,"R",1867,"R",2852,"R",5800,"R",403,"R",1421,"R",4,"R",33,"R",6
200280, 3,"R",9910,"R",1426,"R",2836,"R",5648,"R",360,"R",1037,"R",3,"R",20,"R",6
200280,11,"R",609,"R",441,"R",16,"R",152,"R",43,"R",384,"R",1,"R",13,"R",0
200280,12,"R",3328,"R",1664,"R",334,"R",1330,"R",621,"R",981,"R",14,"R",46,"R",2
200305, 1,"R",2957,"R",1517,"R",734,"R",706,"R",1342,"R",174,"R",0,"R",1,"R",0
200305, 2,"R",2957,"R",1517,"R",734,"R",706,"R",1342,"R",174,"R",0,"R",1,"R",0
200305, 3,"R",1926,"R",501,"R",733,"R",692,"R",396,"R",104,"R",0,"R",1,"R",0
200305,11,"R",1031,"R",1016,"R",1,"R",14,"R",946,"R",70,"R",0,"Z",0,"R",0
200314, 1,"R",996,"R",466,"R",281,"R",249,"R",437,"R",27,"R",1,"R",1,"R",0
200314, 2,"R",996,"R",466,"R",281,"R",249,"R",437,"R",27,"R",1,"R",1,"R",0
200314, 3,"R",508,"R",117,"R",225,"R",166,"R",103,"R",14,"R",0,"R",0,"R",0
200314,11,"R",488,"R",349,"R",56,"R",83,"R",334,"R",13,"R",1,"R",1,"R",0
200332, 1,"R",13796,"R",903,"R",5518,"R",7375,"R",467,"R",416,"R",14,"R",6,"R",0
200332, 2,"R",11425,"R",502,"R",5237,"R",5686,"R",268,"R",230,"R",4,"R",0,"R",0
200332, 3,"R",11182,"R",477,"R",5214,"R",5491,"R",253,"R",220,"R",4,"R",0,"R",0
200332,11,"R",243,"R",25,"R",23,"R",195,"R",15,"R",10,"R",0,"R",0,"R",0
200332,12,"R",2371,"R",401,"R",281,"R",1689,"R",199,"R",186,"R",10,"R",6,"R",0
200341, 1,"R",1124,"R",451,"R",541,"R",132,"R",409,"R",41,"R",1,"R",0,"R",0
200341, 2,"R",1124,"R",451,"R",541,"R",132,"R",409,"R",41,"R",1,"R",0,"R",0
200341, 3,"R",803,"R",162,"R",537,"R",104,"R",132,"R",29,"R",1,"R",0,"R",0
200341,11,"R",321,"R",289,"R",4,"R",28,"R",277,"R",12,"R",0,"R",0,"R",0
200387, 1,"R",25,"A",,"A",,"R",25,"A",,"A",,"A",,"A",,"A",
200387, 2,"R",25,"A",,"A",,"R",25,"A",,"A",,"A",,"A",,"A",
200466, 1,"R",273,"R",0,"R",54,"R",219,"A",,"A",,"A",,"A",,"A",
200466, 2,"R",260,"R",0,"R",54,"R",206,"A",,"A",,"A",,"A",,"A",
200466, 3,"R",256,"R",0,"R",54,"R",202,"A",,"A",,"A",,"A",,"A",
200466,11,"R",4,"R",0,"R",0,"R",4,"A",,"A",,"A",,"A",,"A",
200466,12,"R",13,"R",0,"R",0,"R",13,"A",,"A",,"A",,"A",,"A",
200484, 1,"R",253,"R",29,"R",0,"R",224,"R",2,"R",7,"R",0,"R",20,"R",0
200484, 2,"R",183,"R",9,"R",0,"R",174,"R",2,"R",7,"R",0,"R",0,"R",0
200484, 3,"R",176,"R",9,"R",0,"R",167,"R",2,"R",7,"R",0,"R",0,"R",0
200484,11,"R",7,"R",0,"R",0,"R",7,"A",,"A",,"A",,"A",,"A",
200484,12,"R",70,"R",20,"R",0,"R",50,"R",0,"R",0,"R",0,"R",20,"R",0
200527, 1,"R",573,"R",3,"R",292,"R",278,"R",3,"R",0,"R",0,"R",0,"R",0
200527, 2,"R",573,"R",3,"R",292,"R",278,"R",3,"R",0,"R",0,"R",0,"R",0
200527, 3,"R",506,"R",3,"R",262,"R",241,"R",3,"R",0,"R",0,"R",0,"R",0
200527,11,"R",67,"R",0,"R",30,"R",37,"A",,"A",,"A",,"A",,"A",
200554, 1,"R",429,"R",45,"R",15,"R",369,"R",24,"R",21,"R",0,"R",0,"R",0
200554, 2,"R",429,"R",45,"R",15,"R",369,"R",24,"R",21,"R",0,"R",0,"R",0
200554, 3,"R",399,"R",16,"R",15,"R",368,"R",7,"R",9,"R",0,"R",0,"R",0
200554,11,"R",30,"R",29,"R",0,"R",1,"R",17,"R",12,"R",0,"R",0,"R",0
200572, 1,"R",1547,"R",738,"R",383,"R",426,"R",438,"R",294,"Z",0,"R",6,"R",0
200572, 2,"R",1404,"R",597,"R",381,"R",426,"R",333,"R",258,"Z",0,"R",6,"R",0
200572, 3,"R",1006,"R",263,"R",360,"R",383,"R",92,"R",166,"Z",0,"R",5,"R",0
200572,11,"R",398,"R",334,"R",21,"R",43,"R",241,"R",92,"Z",0,"R",1,"R",0
200572,12,"R",143,"R",141,"R",2,"R",0,"R",105,"R",36,"Z",0,"R",0,"R",0
200590, 1,"R",129,"A",,"A",,"R",129,"A",,"A",,"A",,"A",,"A",
200590, 2,"R",129,"A",,"A",,"R",129,"A",,"A",,"A",,"A",,"A",
200590, 3,"R",129,"A",,"A",,"R",129,"A",,"A",,"A",,"A",,"A",
200624, 1,"R",17,"A",,"A",,"R",17,"A",,"A",,"A",,"A",,"A",
200624, 2,"R",17,"A",,"A",,"R",17,"A",,"A",,"A",,"A",,"A",
200624, 3,"R",17,"A",,"A",,"R",17,"A",,"A",,"A",,"A",,"A",
200697, 1,"R",881,"R",203,"R",43,"R",635,"Z",0,"Z",0,"Z",0,"R",203,"R",0
200697,12,"R",881,"R",203,"R",43,"R",635,"Z",0,"Z",0,"Z",0,"R",203,"R",0
200785, 1,"R",453,"R",218,"R",138,"R",97,"R",215,"R",3,"Z",0,"Z",0,"R",0
200785, 2,"R",453,"R",218,"R",138,"R",97,"R",215,"R",3,"Z",0,"Z",0,"R",0
200785, 3,"R",452,"R",217,"R",138,"R",97,"R",214,"R",3,"Z",0,"Z",0,"R",0
200785,11,"R",1,"R",1,"R",0,"R",0,"R",1,"Z",0,"Z",0,"Z",0,"R",0
200800, 1,"R",18731,"R",802,"R",5300,"R",12629,"R",751,"R",51,"Z",0,"Z",0,"R",0
200800, 2,"R",15634,"R",563,"R",4910,"R",10161,"R",544,"R",19,"Z",0,"Z",0,"R",0
200800, 3,"R",13676,"R",290,"R",4529,"R",8857,"R",279,"R",11,"Z",0,"Z",0,"R",0
200800,11,"R",1958,"R",273,"R",381,"R",1304,"R",265,"R",8,"Z",0,"Z",0,"R",0
200800,12,"R",3097,"R",239,"R",390,"R",2468,"R",207,"R",32,"Z",0,"Z",0,"R",0
200846, 1,"R",1683,"R",78,"R",249,"R",1356,"R",77,"R",1,"Z",0,"Z",0,"R",0
200846, 2,"R",1683,"R",78,"R",249,"R",1356,"R",77,"R",1,"Z",0,"Z",0,"R",0
200846, 3,"R",745,"R",27,"R",188,"R",530,"R",26,"R",1,"Z",0,"Z",0,"R",0
200846,11,"R",938,"R",51,"R",61,"R",826,"R",51,"Z",0,"Z",0,"Z",0,"R",0
200873, 1,"R",72,"A",,"A",,"R",72,"A",,"A",,"A",,"A",,"A",
200873, 2,"R",72,"A",,"A",,"R",72,"A",,"A",,"A",,"A",,"A",
200873, 3,"R",63,"A",,"A",,"R",63,"A",,"A",,"A",,"A",,"A",
200873,11,"R",9,"A",,"A",,"R",9,"A",,"A",,"A",,"A",,"A",
201016, 1,"R",56,"R",0,"R",0,"R",56,"A",,"A",,"A",,"A",,"A",
201016, 2,"R",56,"R",0,"R",0,"R",56,"A",,"A",,"A",,"A",,"A",
201016, 3,"R",56,"R",0,"R",0,"R",56,"A",,"A",,"A",,"A",,"A",
201034, 1,"R",449,"A",,"A",,"R",449,"A",,"A",,"A",,"A",,"A",
201034, 2,"R",449,"A",,"A",,"R",449,"A",,"A",,"A",,"A",,"A",
201034, 3,"R",449,"A",,"A",,"R",449,"A",,"A",,"A",,"A",,"A",
201061, 1,"R",201,"A",,"A",,"R",201,"A",,"A",,"A",,"A",,"A",
201061, 2,"R",192,"A",,"A",,"R",192,"A",,"A",,"A",,"A",,"A",
201061, 3,"R",191,"A",,"A",,"R",191,"A",,"A",,"A",,"A",,"A",
201061,11,"R",1,"A",,"A",,"R",1,"A",,"A",,"A",,"A",,"A",
201061,12,"R",9,"A",,"A",,"R",9,"A",,"A",,"A",,"A",,"A",
201098, 1,"R",48,"A",,"A",,"R",48,"A",,"A",,"A",,"A",,"A",
201098, 2,"R",48,"A",,"A",,"R",48,"A",,"A",,"A",,"A",,"A",
201098, 3,"R",48,"A",,"A",,"R",48,"A",,"A",,"A",,"A",,"A",
201104, 1,"R",6627,"R",2415,"R",2147,"R",2065,"R",1557,"R",851,"R",0,"R",7,"R",0
201104, 2,"R",5020,"R",1282,"R",1773,"R",1965,"R",613,"R",667,"R",0,"R",2,"R",0
201104, 3,"R",3955,"R",1150,"R",1607,"R",1198,"R",481,"R",667,"R",0,"R",2,"R",0
201104,11,"R",1065,"R",132,"R",166,"R",767,"R",132,"R",0,"R",0,"R",0,"R",0
201104,12,"R",1607,"R",1133,"R",374,"R",100,"R",944,"R",184,"R",0,"R",5,"R",0
201131, 1,"R",130,"A",,"A",,"R",130,"A",,"A",,"A",,"A",,"A",
201131, 2,"R",130,"A",,"A",,"R",130,"A",,"A",,"A",,"A",,"A",
201131, 3,"R",130,"A",,"A",,"R",130,"A",,"A",,"A",,"A",,"A",
201140, 1,"R",204,"A",,"A",,"R",204,"A",,"A",,"A",,"A",,"A",
201140, 2,"R",51,"A",,"A",,"R",51,"A",,"A",,"A",,"A",,"A",
201140, 3,"R",51,"A",,"A",,"R",51,"A",,"A",,"A",,"A",,"A",
201140,12,"R",153,"A",,"A",,"R",153,"A",,"A",,"A",,"A",,"A",
201159, 1,"R",138,"A",,"A",,"R",138,"A",,"A",,"A",,"A",,"A",
201159, 2,"R",138,"A",,"A",,"R",138,"A",,"A",,"A",,"A",,"A",
201159, 3,"R",138,"A",,"A",,"R",138,"A",,"A",,"A",,"A",,"A",
201177, 1,"R",343,"R",3,"R",85,"R",255,"R",3,"Z",0,"Z",0,"Z",0,"R",0
201177, 2,"R",343,"R",3,"R",85,"R",255,"R",3,"Z",0,"Z",0,"Z",0,"R",0
201177, 3,"R",329,"R",2,"R",75,"R",252,"R",2,"Z",0,"Z",0,"Z",0,"R",0
201177,11,"R",14,"R",1,"R",10,"R",3,"R",1,"Z",0,"Z",0,"Z",0,"R",0
201195, 1,"R",3709,"R",130,"R",247,"R",3332,"R",130,"R",0,"R",0,"R",0,"R",0
201195, 2,"R",3104,"R",5,"R",225,"R",2874,"R",5,"R",0,"R",0,"R",0,"R",0
201195, 3,"R",3058,"R",5,"R",222,"R",2831,"R",5,"R",0,"R",0,"R",0,"R",0
201195,11,"R",46,"R",0,"R",3,"R",43,"A",,"A",,"A",,"A",,"A",
201195,12,"R",605,"R",125,"R",22,"R",458,"R",125,"R",0,"R",0,"R",0,"R",0
201283, 1,"R",982,"R",37,"R",178,"R",767,"R",34,"R",3,"Z",0,"Z",0,"R",0
201283, 2,"R",982,"R",37,"R",178,"R",767,"R",34,"R",3,"Z",0,"Z",0,"R",0
201283, 3,"R",674,"R",15,"R",133,"R",526,"R",14,"R",1,"Z",0,"Z",0,"R",0
201283,11,"R",308,"R",22,"R",45,"R",241,"R",20,"R",2,"Z",0,"Z",0,"R",0
201371, 1,"R",770,"R",30,"R",44,"R",696,"R",30,"R",0,"R",0,"R",0,"R",0
201371, 2,"R",700,"R",12,"R",20,"R",668,"R",12,"R",0,"R",0,"R",0,"R",0
201371, 3,"R",659,"R",12,"R",20,"R",627,"R",12,"R",0,"R",0,"R",0,"R",0
201371,11,"R",41,"R",0,"R",0,"R",41,"A",,"A",,"A",,"A",,"A",
201371,12,"R",70,"R",18,"R",24,"R",28,"R",18,"R",0,"R",0,"R",0,"R",0
201399, 1,"R",15,"A",,"A",,"R",15,"A",,"A",,"A",,"A",,"A",
201399, 2,"R",15,"A",,"A",,"R",15,"A",,"A",,"A",,"A",,"A",
201399, 3,"R",15,"A",,"A",,"R",15,"A",,"A",,"A",,"A",,"A",
201432, 1,"R",1997,"R",195,"R",836,"R",966,"R",191,"R",4,"R",0,"R",0,"R",0
201432, 2,"R",1997,"R",195,"R",836,"R",966,"R",191,"R",4,"R",0,"R",0,"R",0
201432, 3,"R",1217,"R",84,"R",654,"R",479,"R",80,"R",4,"R",0,"R",0,"R",0
201432,11,"R",780,"R",111,"R",182,"R",487,"R",111,"R",0,"R",0,"R",0,"R",0
201441, 1,"R",17540,"R",1520,"R",4273,"R",11747,"R",1205,"R",302,"R",5,"R",8,"R",0
201441, 2,"R",14858,"R",693,"R",3492,"R",10673,"R",569,"R",118,"R",4,"R",2,"R",0
201441, 3,"R",13729,"R",465,"R",3423,"R",9841,"R",345,"R",114,"R",4,"R",2,"R",0
201441,11,"R",1129,"R",228,"R",69,"R",832,"R",224,"R",4,"R",0,"R",0,"R",0
201441,12,"R",2682,"R",827,"R",781,"R",1074,"R",636,"R",184,"R",1,"R",6,"R",0
201469, 1,"R",309,"R",14,"R",147,"R",148,"R",14,"R",0,"R",0,"R",0,"R",0
201469, 2,"R",309,"R",14,"R",147,"R",148,"R",14,"R",0,"R",0,"R",0,"R",0
201469, 3,"R",308,"R",14,"R",146,"R",148,"R",14,"R",0,"R",0,"R",0,"R",0
201469,11,"R",1,"R",0,"R",1,"R",0,"A",,"A",,"A",,"A",,"A",
201478, 1,"R",190,"A",,"A",,"R",190,"A",,"A",,"A",,"A",,"A",
201478, 2,"R",190,"A",,"A",,"R",190,"A",,"A",,"A",,"A",,"A",
201478, 3,"R",190,"A",,"A",,"R",190,"A",,"A",,"A",,"A",,"A",
201496, 1,"R",302,"A",,"A",,"R",302,"A",,"A",,"A",,"A",,"A",
201496, 2,"R",302,"A",,"A",,"R",302,"A",,"A",,"A",,"A",,"A",
201496, 3,"R",302,"A",,"A",,"R",302,"A",,"A",,"A",,"A",,"A",
201539, 1,"R",96,"A",,"A",,"R",96,"A",,"A",,"A",,"A",,"A",
201539, 2,"R",96,"A",,"A",,"R",96,"A",,"A",,"A",,"A",,"A",
201539, 3,"R",82,"A",,"A",,"R",82,"A",,"A",,"A",,"A",,"A",
201539,11,"R",14,"A",,"A",,"R",14,"A",,"A",,"A",,"A",,"A",
201548, 1,"R",3213,"R",13,"R",464,"R",2736,"R",11,"R",2,"R",0,"R",0,"R",0
201548, 2,"R",2494,"R",6,"R",405,"R",2083,"R",6,"R",0,"R",0,"R",0,"R",0
201548, 3,"R",2400,"R",3,"R",368,"R",2029,"R",3,"R",0,"R",0,"R",0,"R",0
201548,11,"R",94,"R",3,"R",37,"R",54,"R",3,"R",0,"R",0,"R",0,"R",0
201548,12,"R",719,"R",7,"R",59,"R",653,"R",5,"R",2,"R",0,"R",0,"R",0
201645, 1,"R",11890,"R",449,"R",536,"R",10905,"R",196,"R",246,"R",7,"Z",0,"R",0
201645, 2,"R",5261,"R",0,"R",43,"R",5218,"A",,"A",,"A",,"A",,"A",
201645, 3,"R",5131,"R",0,"R",43,"R",5088,"A",,"A",,"A",,"A",,"A",
201645,11,"R",130,"R",0,"R",0,"R",130,"A",,"A",,"A",,"A",,"A",
201645,12,"R",6629,"R",449,"R",493,"R",5687,"R",196,"R",246,"R",7,"Z",0,"R",0
201654, 1,"R",4150,"R",578,"R",892,"R",2680,"R",390,"R",185,"R",0,"R",3,"R",0
201654, 2,"R",3749,"R",390,"R",872,"R",2487,"R",272,"R",116,"R",0,"R",2,"R",0
201654, 3,"R",3318,"R",14,"R",856,"R",2448,"R",6,"R",8,"R",0,"R",0,"R",0
201654,11,"R",431,"R",376,"R",16,"R",39,"R",266,"R",108,"R",0,"R",2,"R",0
201654,12,"R",401,"R",188,"R",20,"R",193,"R",118,"R",69,"R",0,"R",1,"R",0
201672, 1,"R",3442,"R",335,"R",790,"R",2317,"R",331,"R",4,"R",0,"R",0,"R",0
201672, 2,"R",3442,"R",335,"R",790,"R",2317,"R",331,"R",4,"R",0,"R",0,"R",0
201672, 3,"R",2089,"R",203,"R",707,"R",1179,"R",199,"R",4,"R",0,"R",0,"R",0
201672,11,"R",1353,"R",132,"R",83,"R",1138,"R",132,"R",0,"R",0,"R",0,"R",0
201681, 1,"R",76,"A",,"A",,"R",76,"A",,"A",,"A",,"A",,"A",
201681, 2,"R",76,"A",,"A",,"R",76,"A",,"A",,"A",,"A",,"A",
201690, 1,"R",2099,"R",8,"R",458,"R",1633,"R",6,"R",2,"R",0,"R",0,"R",0
201690, 2,"R",2099,"R",8,"R",458,"R",1633,"R",6,"R",2,"R",0,"R",0,"R",0
201690, 3,"R",2079,"R",8,"R",457,"R",1614,"R",6,"R",2,"R",0,"R",0,"R",0
201690,11,"R",20,"R",0,"R",1,"R",19,"A",,"A",,"A",,"A",,"A",
201751, 1,"R",247,"Z",0,"R",53,"R",194,"A",,"A",,"A",,"A",,"A",
201751, 2,"R",247,"Z",0,"R",53,"R",194,"A",,"A",,"A",,"A",,"A",
201751, 3,"R",142,"Z",0,"R",53,"R",89,"A",,"A",,"A",,"A",,"A",
201751,11,"R",105,"Z",0,"Z",0,"R",105,"A",,"A",,"A",,"A",,"A",
201803, 1,"R",86,"A",,"A",,"R",86,"A",,"A",,"A",,"A",,"A",
201803, 2,"R",86,"A",,"A",,"R",86,"A",,"A",,"A",,"A",,"A",
201803, 3,"R",86,"A",,"A",,"R",86,"A",,"A",,"A",,"A",,"A",
201821, 1,"R",902,"R",293,"R",241,"R",368,"R",244,"R",49,"Z",0,"Z",0,"R",0
201821, 2,"R",902,"R",293,"R",241,"R",368,"R",244,"R",49,"Z",0,"Z",0,"R",0
201821, 3,"R",896,"R",292,"R",241,"R",363,"R",243,"R",49,"Z",0,"Z",0,"R",0
201821,11,"R",6,"R",1,"Z",0,"R",5,"R",1,"Z",0,"Z",0,"Z",0,"R",0
201858, 1,"R",776,"R",13,"R",282,"R",481,"R",8,"R",5,"Z",0,"Z",0,"R",0
201858, 2,"R",678,"R",2,"R",220,"R",456,"R",2,"R",0,"Z",0,"Z",0,"R",0
201858, 3,"R",592,"R",1,"R",219,"R",372,"R",1,"R",0,"Z",0,"Z",0,"R",0
201858,11,"R",86,"R",1,"R",1,"R",84,"R",1,"R",0,"Z",0,"Z",0,"R",0
201858,12,"R",98,"R",11,"R",62,"R",25,"R",6,"R",5,"Z",0,"Z",0,"R",0
201867, 1,"R",78,"A",,"A",,"R",78,"A",,"A",,"A",,"A",,"A",
201867, 2,"R",78,"A",,"A",,"R",78,"A",,"A",,"A",,"A",,"A",
201867, 3,"R",78,"A",,"A",,"R",78,"A",,"A",,"A",,"A",,"A",
201885, 1,"R",37886,"R",6280,"R",10520,"R",21086,"R",3224,"R",3000,"R",15,"R",40,"R",1
201885, 2,"R",26762,"R",2460,"R",9142,"R",15160,"R",1557,"R",889,"R",8,"R",6,"R",0
201885, 3,"R",25973,"R",2310,"R",9083,"R",14580,"R",1458,"R",839,"R",8,"R",5,"R",0
201885,11,"R",789,"R",150,"R",59,"R",580,"R",99,"R",50,"R",0,"R",1,"R",0
201885,12,"R",11124,"R",3820,"R",1378,"R",5926,"R",1667,"R",2111,"R",7,"R",34,"R",1
201928, 1,"R",8205,"R",1311,"R",2204,"R",4690,"R",1183,"R",128,"R",0,"R",0,"R",0
201928, 2,"R",8205,"R",1311,"R",2204,"R",4690,"R",1183,"R",128,"R",0,"R",0,"R",0
201928, 3,"R",6438,"R",891,"R",2010,"R",3537,"R",781,"R",110,"R",0,"R",0,"R",0
201928,11,"R",1767,"R",420,"R",194,"R",1153,"R",402,"R",18,"R",0,"R",0,"R",0
201946, 1,"R",3017,"R",507,"R",1122,"R",1388,"R",449,"R",57,"R",1,"R",0,"R",0
201946, 2,"R",3017,"R",507,"R",1122,"R",1388,"R",449,"R",57,"R",1,"R",0,"R",0
201946, 3,"R",2308,"R",409,"R",1015,"R",884,"R",359,"R",49,"R",1,"R",0,"R",0
201946,11,"R",709,"R",98,"R",107,"R",504,"R",90,"R",8,"R",0,"R",0,"R",0
201955, 1,"R",4870,"R",226,"R",1295,"R",3349,"R",188,"R",38,"R",0,"R",0,"R",0
201955, 2,"R",4870,"R",226,"R",1295,"R",3349,"R",188,"R",38,"R",0,"R",0,"R",0
201955, 3,"R",4654,"R",213,"R",1276,"R",3165,"R",175,"R",38,"R",0,"R",0,"R",0
201955,11,"R",216,"R",13,"R",19,"R",184,"R",13,"R",0,"R",0,"R",0,"R",0
201964, 1,"R",3660,"R",2036,"R",1166,"R",458,"R",896,"R",1123,"R",7,"R",10,"R",0
201964, 2,"R",3222,"R",1687,"R",1077,"R",458,"R",757,"R",922,"R",4,"R",4,"R",0
201964, 3,"R",2737,"R",1684,"R",596,"R",457,"R",756,"R",920,"R",4,"R",4,"R",0
201964,11,"R",485,"R",3,"R",481,"R",1,"R",1,"R",2,"R",0,"R",0,"R",0
201964,12,"R",438,"R",349,"R",89,"R",0,"R",139,"R",201,"R",3,"R",6,"R",0
201973, 1,"R",5704,"R",1034,"R",1396,"R",3274,"R",1018,"R",15,"R",0,"R",1,"R",0
201973, 2,"R",5704,"R",1034,"R",1396,"R",3274,"R",1018,"R",15,"R",0,"R",1,"R",0
201973, 3,"R",3812,"R",823,"R",1239,"R",1750,"R",809,"R",13,"R",0,"R",1,"R",0
201973,11,"R",1892,"R",211,"R",157,"R",1524,"R",209,"R",2,"R",0,"R",0,"R",0
201982, 1,"R",14,"A",,"A",,"R",14,"A",,"A",,"A",,"A",,"A",
201982, 2,"R",14,"A",,"A",,"R",14,"A",,"A",,"A",,"A",,"A",
202046, 1,"R",670,"R",0,"R",40,"R",630,"A",,"A",,"A",,"A",,"A",
202046, 2,"R",670,"R",0,"R",40,"R",630,"A",,"A",,"A",,"A",,"A",
202046, 3,"R",658,"R",0,"R",40,"R",618,"A",,"A",,"A",,"A",,"A",
202046,11,"R",12,"R",0,"R",0,"R",12,"A",,"A",,"A",,"A",,"A",
202073, 1,"R",402,"A",,"A",,"R",402,"A",,"A",,"A",,"A",,"A",
202073, 2,"R",231,"A",,"A",,"R",231,"A",,"A",,"A",,"A",,"A",
202073, 3,"R",231,"A",,"A",,"R",231,"A",,"A",,"A",,"A",,"A",
202073,12,"R",171,"A",,"A",,"R",171,"A",,"A",,"A",,"A",,"A",
202134, 1,"R",16069,"R",1073,"R",4611,"R",10385,"R",1040,"R",33,"R",0,"R",0,"R",0
202134, 2,"R",11999,"R",564,"R",3770,"R",7665,"R",548,"R",16,"R",0,"R",0,"R",0
202134, 3,"R",11603,"R",540,"R",3751,"R",7312,"R",527,"R",13,"R",0,"R",0,"R",0
202134,11,"R",396,"R",24,"R",19,"R",353,"R",21,"R",3,"R",0,"R",0,"R",0
202134,12,"R",4070,"R",509,"R",841,"R",2720,"R",492,"R",17,"R",0,"R",0,"R",0
202152, 1,"R",184,"A",,"A",,"R",184,"A",,"A",,"A",,"A",,"A",
202152, 2,"R",184,"A",,"A",,"R",184,"A",,"A",,"A",,"A",,"A",
202152, 3,"R",184,"A",,"A",,"R",184,"A",,"A",,"A",,"A",,"A",
202161, 1,"R",324,"A",,"A",,"R",324,"A",,"A",,"A",,"A",,"A",
202161, 2,"R",324,"A",,"A",,"R",324,"A",,"A",,"A",,"A",,"A",
202161, 3,"R",324,"A",,"A",,"R",324,"A",,"A",,"A",,"A",,"A",
202170, 1,"R",1094,"R",0,"R",193,"R",901,"A",,"A",,"A",,"A",,"A",
202170, 2,"R",1032,"R",0,"R",193,"R",839,"A",,"A",,"A",,"A",,"A",
202170, 3,"R",1031,"R",0,"R",193,"R",838,"A",,"A",,"A",,"A",,"A",
202170,11,"R",1,"R",0,"R",0,"R",1,"A",,"A",,"A",,"A",,"A",
202170,12,"R",62,"A",,"A",,"R",62,"A",,"A",,"A",,"A",,"A",
202222, 1,"R",27343,"R",3666,"R",5855,"R",17822,"R",3549,"R",72,"R",0,"R",45,"R",0
202222, 2,"R",27343,"R",3666,"R",5855,"R",17822,"R",3549,"R",72,"R",0,"R",45,"R",0
202222, 3,"R",19147,"R",2469,"R",5036,"R",11642,"R",2420,"R",43,"R",0,"R",6,"R",0
202222,11,"R",8196,"R",1197,"R",819,"R",6180,"R",1129,"R",29,"R",0,"R",39,"R",0
202356, 1,"R",23440,"R",5150,"R",6629,"R",11661,"R",5016,"R",107,"R",0,"R",27,"R",0
202356, 2,"R",23440,"R",5150,"R",6629,"R",11661,"R",5016,"R",107,"R",0,"R",27,"R",0
202356, 3,"R",10658,"R",2293,"R",2748,"R",5617,"R",2223,"R",56,"R",0,"R",14,"R",0
202356,11,"R",12782,"R",2857,"R",3881,"R",6044,"R",2793,"R",51,"R",0,"R",13,"R",0
202435, 1,"R",71,"R",0,"R",0,"R",71,"A",,"A",,"A",,"A",,"A",
202435, 2,"R",71,"R",0,"R",0,"R",71,"A",,"A",,"A",,"A",,"A",
202435, 3,"R",71,"R",0,"R",0,"R",71,"A",,"A",,"A",,"A",,"A",
202453, 1,"R",48,"A",,"A",,"R",48,"A",,"A",,"A",,"A",,"A",
202453, 2,"R",48,"A",,"A",,"R",48,"A",,"A",,"A",,"A",,"A",
202480, 1,"R",11241,"R",246,"R",817,"R",10178,"R",184,"R",60,"R",0,"R",2,"R",0
202480, 2,"R",8617,"R",11,"R",327,"R",8279,"R",9,"R",2,"Z",0,"Z",0,"R",0
202480, 3,"R",8508,"R",10,"R",327,"R",8171,"R",8,"R",2,"Z",0,"Z",0,"R",0
202480,11,"R",109,"R",1,"R",0,"R",108,"R",1,"Z",0,"Z",0,"Z",0,"R",0
202480,12,"R",2624,"R",235,"R",490,"R",1899,"R",175,"R",58,"R",0,"R",2,"R",0
202514, 1,"R",545,"R",9,"R",91,"R",445,"R",8,"R",1,"R",0,"R",0,"R",0
202514, 2,"R",522,"R",9,"R",91,"R",422,"R",8,"R",1,"R",0,"R",0,"R",0
202514, 3,"R",520,"R",9,"R",91,"R",420,"R",8,"R",1,"R",0,"R",0,"R",0
202514,11,"R",2,"R",0,"R",0,"R",2,"A",,"A",,"A",,"A",,"A",
202514,12,"R",23,"R",0,"R",0,"R",23,"A",,"A",,"A",,"A",,"A",
202523, 1,"R",2394,"A",,"A",,"R",2394,"A",,"A",,"A",,"A",,"A",
202523, 2,"R",2394,"A",,"A",,"R",2394,"A",,"A",,"A",,"A",,"A",
202523, 3,"R",2368,"A",,"A",,"R",2368,"A",,"A",,"A",,"A",,"A",
202523,11,"R",26,"A",,"A",,"R",26,"A",,"A",,"A",,"A",,"A",
202648, 1,"R",3650,"R",422,"R",1057,"R",2171,"R",419,"R",3,"Z",0,"Z",0,"R",0
202648, 2,"R",3650,"R",422,"R",1057,"R",2171,"R",419,"R",3,"Z",0,"Z",0,"R",0
202648, 3,"R",1597,"R",219,"R",689,"R",689,"R",217,"R",2,"Z",0,"Z",0,"R",0
202648,11,"R",2053,"R",203,"R",368,"R",1482,"R",202,"R",1,"Z",0,"Z",0,"R",0
202657, 1,"R",267,"A",,"A",,"R",267,"A",,"A",,"A",,"A",,"A",
202657, 2,"R",267,"A",,"A",,"R",267,"A",,"A",,"A",,"A",,"A",
202657, 3,"R",267,"A",,"A",,"R",267,"A",,"A",,"A",,"A",,"A",
202684, 1,"R",202,"R",1,"R",40,"R",161,"R",1,"R",0,"R",0,"R",0,"R",0
202684, 2,"R",202,"R",1,"R",40,"R",161,"R",1,"R",0,"R",0,"R",0,"R",0
202684, 3,"R",202,"R",1,"R",40,"R",161,"R",1,"R",0,"R",0,"R",0,"R",0
202763, 1,"R",4870,"R",582,"R",983,"R",3305,"R",465,"R",111,"R",0,"R",6,"R",0
202763, 2,"R",3614,"R",109,"R",832,"R",2673,"R",87,"R",20,"R",0,"R",2,"R",0
202763, 3,"R",2533,"R",109,"R",832,"R",1592,"R",87,"R",20,"R",0,"R",2,"R",0
202763,11,"R",1081,"R",0,"R",0,"R",1081,"A",,"A",,"A",,"A",,"A",
202763,12,"R",1256,"R",473,"R",151,"R",632,"R",378,"R",91,"R",0,"R",4,"R",0
202806, 1,"R",4970,"R",3663,"R",398,"R",909,"R",2878,"R",774,"R",1,"R",10,"R",0
202806, 2,"R",3557,"R",2578,"R",369,"R",610,"R",2030,"R",540,"R",1,"R",7,"R",0
202806, 3,"R",3177,"R",2545,"R",367,"R",265,"R",2002,"R",535,"R",1,"R",7,"R",0
202806,11,"R",380,"R",33,"R",2,"R",345,"R",28,"R",5,"Z",0,"Z",0,"R",0
202806,12,"R",1413,"R",1085,"R",29,"R",299,"R",848,"R",234,"Z",0,"R",3,"R",0
202888, 1,"R",45,"A",,"A",,"R",45,"A",,"A",,"A",,"A",,"A",
202888, 2,"R",45,"A",,"A",,"R",45,"A",,"A",,"A",,"A",,"A",
202903, 1,"R",266,"R",93,"R",118,"R",55,"R",21,"R",67,"R",0,"R",5,"R",0
202903, 2,"R",251,"R",79,"R",117,"R",55,"R",15,"R",60,"R",0,"R",4,"R",0
202903, 3,"R",231,"R",63,"R",117,"R",51,"R",13,"R",49,"Z",0,"R",1,"R",0
202903,11,"R",20,"R",16,"R",0,"R",4,"R",2,"R",11,"R",0,"R",3,"R",0
202903,12,"R",15,"R",14,"R",1,"R",0,"R",6,"R",7,"R",0,"R",1,"R",0
202912, 1,"R",413,"A",,"A",,"R",413,"A",,"A",,"A",,"A",,"A",
202912, 2,"R",413,"A",,"A",,"R",413,"A",,"A",,"A",,"A",,"A",
202912, 3,"R",413,"A",,"A",,"R",413,"A",,"A",,"A",,"A",,"A",
202949, 1,"R",261,"A",,"A",,"R",261,"A",,"A",,"A",,"A",,"A",
202949, 2,"R",261,"A",,"A",,"R",261,"A",,"A",,"A",,"A",,"A",
202949, 3,"R",261,"A",,"A",,"R",261,"A",,"A",,"A",,"A",,"A",
202985, 1,"R",136,"A",,"A",,"R",136,"A",,"A",,"A",,"A",,"A",
202985, 2,"R",136,"A",,"A",,"R",136,"A",,"A",,"A",,"A",,"A",
202985, 3,"R",136,"A",,"A",,"R",136,"A",,"A",,"A",,"A",,"A",
203030, 1,"R",136,"R",0,"R",136,"R",0,"A",,"A",,"A",,"A",,"A",
203030, 2,"R",136,"R",0,"R",136,"R",0,"A",,"A",,"A",,"A",,"A",
203030, 3,"R",136,"R",0,"R",136,"R",0,"A",,"A",,"A",,"A",,"A",
203067, 1,"R",352,"R",0,"R",21,"R",331,"A",,"A",,"A",,"A",,"A",
203067,12,"R",352,"R",0,"R",21,"R",331,"A",,"A",,"A",,"A",,"A",
203085, 1,"R",1219,"R",42,"R",43,"R",1134,"R",38,"R",2,"Z",0,"R",2,"R",0
203085, 2,"R",1047,"R",0,"R",24,"R",1023,"A",,"A",,"A",,"A",,"A",
203085, 3,"R",1044,"Z",0,"R",24,"R",1020,"A",,"A",,"A",,"A",,"A",
203085,11,"R",3,"R",0,"R",0,"R",3,"A",,"A",,"A",,"A",,"A",
203085,12,"R",172,"R",42,"R",19,"R",111,"R",38,"R",2,"Z",0,"R",2,"R",0
203128, 1,"R",1255,"R",8,"R",40,"R",1207,"R",8,"Z",0,"Z",0,"Z",0,"R",0
203128, 2,"R",1244,"R",8,"R",40,"R",1196,"R",8,"Z",0,"Z",0,"Z",0,"R",0
203128, 3,"R",926,"R",8,"R",40,"R",878,"R",8,"Z",0,"Z",0,"Z",0,"R",0
203128,11,"R",318,"Z",0,"Z",0,"R",318,"A",,"A",,"A",,"A",,"A",
203128,12,"R",11,"Z",0,"Z",0,"R",11,"A",,"A",,"A",,"A",,"A",
203146, 1,"R",367,"A",,"A",,"R",367,"A",,"A",,"A",,"A",,"A",
203146, 2,"R",367,"A",,"A",,"R",367,"A",,"A",,"A",,"A",,"A",
203155, 1,"R",3462,"R",101,"R",755,"R",2606,"R",95,"R",5,"R",1,"R",0,"R",0
203155, 2,"R",3462,"R",101,"R",755,"R",2606,"R",95,"R",5,"R",1,"R",0,"R",0
203155, 3,"R",2327,"R",92,"R",749,"R",1486,"R",86,"R",5,"R",1,"Z",0,"R",0
203155,11,"R",1135,"R",9,"R",6,"R",1120,"R",9,"R",0,"R",0,"R",0,"R",0
203234, 1,"R",142,"A",,"A",,"R",142,"A",,"A",,"A",,"A",,"A",
203234, 2,"R",142,"A",,"A",,"R",142,"A",,"A",,"A",,"A",,"A",
203289, 1,"R",54,"A",,"A",,"R",54,"A",,"A",,"A",,"A",,"A",
203289, 2,"R",54,"A",,"A",,"R",54,"A",,"A",,"A",,"A",,"A",
203289, 3,"R",54,"A",,"A",,"R",54,"A",,"A",,"A",,"A",,"A",
203331, 1,"R",13940,"R",12576,"R",1125,"R",239,"R",0,"R",0,"R",0,"R",0,"R",12576
203331, 2,"R",13940,"R",12576,"R",1125,"R",239,"R",0,"R",0,"R",0,"R",0,"R",12576
203331, 3,"R",13157,"R",12238,"R",887,"R",32,"R",0,"R",0,"R",0,"R",0,"R",12238
203331,11,"R",783,"R",338,"R",238,"R",207,"R",0,"R",0,"R",0,"R",0,"R",338
203368, 1,"R",3555,"R",1,"R",29,"R",3525,"R",1,"Z",0,"Z",0,"Z",0,"R",0
203368, 2,"R",3076,"R",0,"R",25,"R",3051,"A",,"A",,"A",,"A",,"A",
203368, 3,"R",3013,"R",0,"R",25,"R",2988,"A",,"A",,"A",,"A",,"A",
203368,11,"R",63,"R",0,"R",0,"R",63,"A",,"A",,"A",,"A",,"A",
203368,12,"R",479,"R",1,"R",4,"R",474,"R",1,"Z",0,"Z",0,"Z",0,"R",0
203386, 1,"R",2109,"R",78,"R",503,"R",1528,"R",60,"R",18,"R",0,"R",0,"R",0
203386, 2,"R",2109,"R",78,"R",503,"R",1528,"R",60,"R",18,"R",0,"R",0,"R",0
203386, 3,"R",2109,"R",78,"R",503,"R",1528,"R",60,"R",18,"R",0,"R",0,"R",0
203438, 1,"R",115,"A",,"A",,"R",115,"A",,"A",,"A",,"A",,"A",
203438, 2,"R",115,"A",,"A",,"R",115,"A",,"A",,"A",,"A",,"A",
203447, 1,"R",2026,"R",978,"R",712,"R",336,"R",894,"R",68,"Z",0,"R",16,"R",0
203447, 2,"R",2026,"R",978,"R",712,"R",336,"R",894,"R",68,"Z",0,"R",16,"R",0
203447, 3,"R",1767,"R",901,"R",536,"R",330,"R",844,"R",53,"Z",0,"R",4,"R",0
203447,11,"R",259,"R",77,"R",176,"R",6,"R",50,"R",15,"Z",0,"R",12,"R",0
203456, 1,"R",1123,"R",687,"R",170,"R",266,"R",647,"R",34,"R",0,"R",6,"R",0
203456, 2,"R",1120,"R",684,"R",170,"R",266,"R",644,"R",34,"R",0,"R",6,"R",0
203456, 3,"R",948,"R",604,"R",148,"R",196,"R",564,"R",34,"Z",0,"R",6,"R",0
203456,11,"R",172,"R",80,"R",22,"R",70,"R",80,"R",0,"R",0,"R",0,"R",0
203456,12,"R",3,"R",3,"R",0,"R",0,"R",3,"R",0,"R",0,"R",0,"R",0
203465, 1,"R",4771,"R",1083,"R",847,"R",2841,"R",910,"R",167,"Z",0,"R",6,"R",0
203465, 2,"R",4763,"R",1080,"R",847,"R",2836,"R",907,"R",167,"Z",0,"R",6,"R",0
203465, 3,"R",3878,"R",968,"R",776,"R",2134,"R",907,"R",55,"Z",0,"R",6,"R",0
203465,11,"R",885,"R",112,"R",71,"R",702,"R",0,"R",112,"Z",0,"R",0,"R",0
203465,12,"R",8,"R",3,"R",0,"R",5,"R",3,"Z",0,"Z",0,"R",0,"R",0
203474, 1,"R",2244,"R",1005,"R",317,"R",922,"R",961,"R",40,"Z",0,"R",4,"R",0
203474, 2,"R",2244,"R",1005,"R",317,"R",922,"R",961,"R",40,"Z",0,"R",4,"R",0
203474, 3,"R",1950,"R",906,"R",296,"R",748,"R",862,"R",40,"Z",0,"R",4,"R",0
203474,11,"R",294,"R",99,"R",21,"R",174,"R",99,"Z",0,"Z",0,"R",0,"R",0
203483, 1,"R",2168,"R",477,"R",387,"R",1304,"R",458,"R",10,"Z",0,"R",9,"R",0
203483, 2,"R",2168,"R",477,"R",387,"R",1304,"R",458,"R",10,"Z",0,"R",9,"R",0
203483, 3,"R",1751,"R",465,"R",372,"R",914,"R",446,"R",10,"Z",0,"R",9,"R",0
203483,11,"R",417,"R",12,"R",15,"R",390,"R",12,"R",0,"Z",0,"R",0,"R",0
203492, 1,"R",1697,"R",604,"R",784,"R",309,"R",545,"R",23,"Z",0,"R",9,"R",27
203492, 2,"R",1697,"R",604,"R",784,"R",309,"R",545,"R",23,"Z",0,"R",9,"R",27
203492, 3,"R",1390,"R",577,"R",772,"R",41,"R",518,"R",23,"Z",0,"R",9,"R",27
203492,11,"R",307,"R",27,"R",12,"R",268,"R",27,"R",0,"Z",0,"R",0,"R",0
203517, 1,"R",28122,"R",3953,"R",11117,"R",13052,"R",3338,"R",592,"Z",0,"R",23,"R",0
203517, 2,"R",22557,"R",1859,"R",10388,"R",10310,"R",1752,"R",92,"Z",0,"R",15,"R",0
203517, 3,"R",21793,"R",1718,"R",10286,"R",9789,"R",1619,"R",92,"Z",0,"R",7,"R",0
203517,11,"R",764,"R",141,"R",102,"R",521,"R",133,"Z",0,"Z",0,"R",8,"R",0
203517,12,"R",5565,"R",2094,"R",729,"R",2742,"R",1586,"R",500,"Z",0,"R",8,"R",0
203526, 1,"R",2179,"R",961,"R",297,"R",921,"R",922,"R",35,"R",0,"R",4,"R",0
203526, 2,"R",2179,"R",961,"R",297,"R",921,"R",922,"R",35,"R",0,"R",4,"R",0
203526, 3,"R",1859,"R",853,"R",263,"R",743,"R",814,"R",35,"R",0,"R",4,"R",0
203526,11,"R",320,"R",108,"R",34,"R",178,"R",108,"R",0,"Z",0,"Z",0,"R",0
203535, 1,"R",1730,"A",,"A",,"R",1730,"A",,"A",,"A",,"A",,"A",
203535, 2,"R",1730,"A",,"A",,"R",1730,"A",,"A",,"A",,"A",,"A",
203535, 3,"R",1719,"A",,"A",,"R",1719,"A",,"A",,"A",,"A",,"A",
203535,11,"R",11,"A",,"A",,"R",11,"A",,"A",,"A",,"A",,"A",
203544, 1,"R",839,"R",143,"R",163,"R",533,"R",133,"R",10,"R",0,"R",0,"R",0
203544, 2,"R",639,"R",143,"R",52,"R",444,"R",133,"R",10,"R",0,"R",0,"R",0
203544, 3,"R",610,"R",143,"R",52,"R",415,"R",133,"R",10,"R",0,"R",0,"R",0
203544,11,"R",29,"R",0,"R",0,"R",29,"A",,"A",,"A",,"A",,"A",
203544,12,"R",200,"R",0,"R",111,"R",89,"A",,"A",,"A",,"A",,"A",
203580, 1,"R",1160,"R",92,"R",252,"R",816,"R",85,"R",7,"R",0,"R",0,"R",0
203580, 2,"R",936,"R",36,"R",207,"R",693,"R",34,"R",2,"R",0,"R",0,"R",0
203580, 3,"R",703,"R",36,"R",198,"R",469,"R",34,"R",2,"R",0,"R",0,"R",0
203580,11,"R",233,"R",0,"R",9,"R",224,"A",,"A",,"A",,"A",,"A",
203580,12,"R",224,"R",56,"R",45,"R",123,"R",51,"R",5,"R",0,"R",0,"R",0
203599, 1,"R",6865,"R",1033,"R",1802,"R",4030,"R",1031,"R",2,"Z",0,"Z",0,"R",0
203599, 2,"R",6865,"R",1033,"R",1802,"R",4030,"R",1031,"R",2,"Z",0,"Z",0,"R",0
203599, 3,"R",3702,"R",659,"R",1090,"R",1953,"R",658,"R",1,"Z",0,"Z",0,"R",0
203599,11,"R",3163,"R",374,"R",712,"R",2077,"R",373,"R",1,"Z",0,"Z",0,"R",0
203614, 1,"R",350,"A",,"A",,"R",350,"A",,"A",,"A",,"A",,"A",
203614, 2,"R",350,"A",,"A",,"R",350,"A",,"A",,"A",,"A",,"A",
203614, 3,"R",350,"A",,"A",,"R",350,"A",,"A",,"A",,"A",,"A",
203678, 1,"R",4002,"R",352,"R",748,"R",2902,"R",352,"Z",0,"Z",0,"Z",0,"R",0
203678, 2,"R",4002,"R",352,"R",748,"R",2902,"R",352,"Z",0,"Z",0,"Z",0,"R",0
203678, 3,"R",1863,"R",167,"R",607,"R",1089,"R",167,"Z",0,"Z",0,"Z",0,"R",0
203678,11,"R",2139,"R",185,"R",141,"R",1813,"R",185,"Z",0,"Z",0,"Z",0,"R",0
203720, 1,"R",199,"A",,"A",,"R",199,"A",,"A",,"A",,"A",,"A",
203720, 2,"R",199,"A",,"A",,"R",199,"A",,"A",,"A",,"A",,"A",
203720, 3,"R",199,"A",,"A",,"R",199,"A",,"A",,"A",,"A",,"A",
203739, 1,"R",160,"A",,"A",,"R",160,"A",,"A",,"A",,"A",,"A",
203739, 2,"R",160,"A",,"A",,"R",160,"A",,"A",,"A",,"A",,"A",
203739, 3,"R",160,"A",,"A",,"R",160,"A",,"A",,"A",,"A",,"A",
203748, 1,"R",10644,"R",1565,"R",2983,"R",6096,"R",1555,"R",9,"R",1,"R",0,"R",0
203748, 2,"R",10644,"R",1565,"R",2983,"R",6096,"R",1555,"R",9,"R",1,"R",0,"R",0
203748, 3,"R",7346,"R",1147,"R",2439,"R",3760,"R",1142,"R",4,"R",1,"R",0,"R",0
203748,11,"R",3298,"R",418,"R",544,"R",2336,"R",413,"R",5,"R",0,"R",0,"R",0
203757, 1,"R",1444,"R",188,"R",271,"R",985,"R",109,"R",79,"R",0,"R",0,"R",0
203757, 2,"R",1085,"R",11,"R",250,"R",824,"R",8,"R",3,"R",0,"R",0,"R",0
203757, 3,"R",1014,"R",7,"R",249,"R",758,"R",7,"R",0,"R",0,"R",0,"R",0
203757,11,"R",71,"R",4,"R",1,"R",66,"R",1,"R",3,"R",0,"R",0,"R",0
203757,12,"R",359,"R",177,"R",21,"R",161,"R",101,"R",76,"R",0,"R",0,"R",0
203775, 1,"R",1667,"R",246,"R",391,"R",1030,"R",223,"R",19,"R",0,"R",3,"R",1
203775, 2,"R",1288,"R",96,"R",260,"R",932,"R",93,"R",3,"R",0,"R",0,"R",0
203775, 3,"R",1188,"R",87,"R",259,"R",842,"R",85,"R",2,"R",0,"R",0,"R",0
203775,11,"R",100,"R",9,"R",1,"R",90,"R",8,"R",1,"R",0,"R",0,"R",0
203775,12,"R",379,"R",150,"R",131,"R",98,"R",130,"R",16,"R",0,"R",3,"R",1
203845, 1,"R",1130,"R",0,"R",0,"R",1130,"A",,"A",,"A",,"A",,"A",
203845, 2,"R",1052,"R",0,"R",0,"R",1052,"A",,"A",,"A",,"A",,"A",
203845, 3,"R",985,"R",0,"R",0,"R",985,"A",,"A",,"A",,"A",,"A",
203845,11,"R",67,"R",0,"R",0,"R",67,"A",,"A",,"A",,"A",,"A",
203845,12,"R",78,"R",0,"R",0,"R",78,"A",,"A",,"A",,"A",,"A",
203881, 1,"R",2395,"R",400,"R",653,"R",1342,"R",398,"R",2,"R",0,"R",0,"R",0
203881, 2,"R",2395,"R",400,"R",653,"R",1342,"R",398,"R",2,"R",0,"R",0,"R",0
203881, 3,"R",1558,"R",217,"R",533,"R",808,"R",215,"R",2,"R",0,"R",0,"R",0
203881,11,"R",837,"R",183,"R",120,"R",534,"R",183,"R",0,"R",0,"R",0,"R",0
203942, 1,"R",52,"A",,"A",,"R",52,"A",,"A",,"A",,"A",,"A",
203942, 2,"R",52,"A",,"A",,"R",52,"A",,"A",,"A",,"A",,"A",
203942, 3,"R",52,"A",,"A",,"R",52,"A",,"A",,"A",,"A",,"A",
203960, 1,"R",1511,"R",419,"R",462,"R",630,"R",262,"R",157,"Z",0,"Z",0,"R",0
203960, 2,"R",1463,"R",371,"R",462,"R",630,"R",225,"R",146,"Z",0,"Z",0,"R",0
203960, 3,"R",1461,"R",370,"R",462,"R",629,"R",225,"R",145,"Z",0,"Z",0,"R",0
203960,11,"R",2,"R",1,"R",0,"R",1,"R",0,"R",1,"Z",0,"Z",0,"R",0
203960,12,"R",48,"R",48,"R",0,"R",0,"R",37,"R",11,"Z",0,"Z",0,"R",0
203997, 1,"R",133,"R",0,"R",7,"R",126,"A",,"A",,"A",,"A",,"A",
203997,12,"R",133,"R",0,"R",7,"R",126,"A",,"A",,"A",,"A",,"A",
204006, 1,"R",2651,"R",324,"R",1110,"R",1217,"R",303,"R",21,"R",0,"R",0,"R",0
204006, 2,"R",2641,"R",314,"R",1110,"R",1217,"R",294,"R",20,"R",0,"R",0,"R",0
204006, 3,"R",2452,"R",265,"R",1069,"R",1118,"R",249,"R",16,"R",0,"R",0,"R",0
204006,11,"R",189,"R",49,"R",41,"R",99,"R",45,"R",4,"R",0,"R",0,"R",0
204006,12,"R",10,"R",10,"R",0,"R",0,"R",9,"R",1,"R",0,"R",0,"R",0
204015, 1,"R",1831,"R",275,"R",824,"R",732,"R",272,"R",3,"Z",0,"Z",0,"R",0
204015, 2,"R",1831,"R",275,"R",824,"R",732,"R",272,"R",3,"Z",0,"Z",0,"R",0
204015, 3,"R",1443,"R",169,"R",739,"R",535,"R",166,"R",3,"Z",0,"Z",0,"R",0
204015,11,"R",388,"R",106,"R",85,"R",197,"R",106,"Z",0,"Z",0,"Z",0,"R",0
204024, 1,"R",19934,"R",999,"R",3132,"R",15803,"R",277,"R",694,"R",22,"R",6,"R",0
204024, 2,"R",17327,"R",42,"R",3053,"R",14232,"R",33,"R",7,"Z",0,"R",2,"R",0
204024, 3,"R",17038,"R",31,"R",3041,"R",13966,"R",22,"R",7,"Z",0,"R",2,"R",0
204024,11,"R",289,"R",11,"R",12,"R",266,"R",11,"Z",0,"Z",0,"Z",0,"R",0
204024,12,"R",2607,"R",957,"R",79,"R",1571,"R",244,"R",687,"R",22,"R",4,"R",0
204121, 1,"R",67,"A",,"A",,"R",67,"A",,"A",,"A",,"A",,"A",
204121, 2,"R",67,"A",,"A",,"R",67,"A",,"A",,"A",,"A",,"A",
204158, 1,"R",214,"A",,"A",,"R",214,"A",,"A",,"A",,"A",,"A",
204158, 2,"R",214,"A",,"A",,"R",214,"A",,"A",,"A",,"A",,"A",
204158, 3,"R",214,"A",,"A",,"R",214,"A",,"A",,"A",,"A",,"A",
204176, 1,"R",1090,"R",331,"R",86,"R",673,"R",280,"R",51,"Z",0,"Z",0,"R",0
204176, 2,"R",873,"R",183,"R",86,"R",604,"R",135,"R",48,"Z",0,"Z",0,"R",0
204176, 3,"R",873,"R",183,"R",86,"R",604,"R",135,"R",48,"Z",0,"Z",0,"R",0
204176,12,"R",217,"R",148,"R",0,"R",69,"R",145,"R",3,"Z",0,"Z",0,"R",0
204185, 1,"R",2309,"R",33,"R",106,"R",2170,"R",32,"R",1,"R",0,"R",0,"R",0
204185, 2,"R",2116,"R",0,"R",106,"R",2010,"A",,"A",,"A",,"A",,"A",
204185, 3,"R",2061,"R",0,"R",106,"R",1955,"A",,"A",,"A",,"A",,"A",
204185,11,"R",55,"R",0,"R",0,"R",55,"A",,"A",,"A",,"A",,"A",
204185,12,"R",193,"R",33,"R",0,"R",160,"R",32,"R",1,"R",0,"R",0,"R",0
204194, 1,"R",2243,"R",523,"R",176,"R",1544,"R",474,"R",48,"R",0,"R",0,"R",1
204194, 2,"R",1838,"R",274,"R",176,"R",1388,"R",263,"R",10,"R",0,"R",0,"R",1
204194, 3,"R",1671,"R",269,"R",176,"R",1226,"R",258,"R",10,"R",0,"R",0,"R",1
204194,11,"R",167,"R",5,"R",0,"R",162,"R",5,"R",0,"R",0,"R",0,"R",0
204194,12,"R",405,"R",249,"R",0,"R",156,"R",211,"R",38,"R",0,"R",0,"R",0
204200, 1,"R",2162,"R",131,"R",307,"R",1724,"R",111,"R",19,"R",0,"R",0,"R",1
204200, 2,"R",1443,"R",18,"R",274,"R",1151,"R",16,"R",2,"R",0,"R",0,"R",0
204200, 3,"R",1185,"R",17,"R",274,"R",894,"R",15,"R",2,"R",0,"R",0,"R",0
204200,11,"R",258,"R",1,"R",0,"R",257,"R",1,"R",0,"R",0,"R",0,"R",0
204200,12,"R",719,"R",113,"R",33,"R",573,"R",95,"R",17,"R",0,"R",0,"R",1
204255, 1,"R",2275,"R",153,"R",607,"R",1515,"R",153,"Z",0,"Z",0,"Z",0,"R",0
204255, 2,"R",2275,"R",153,"R",607,"R",1515,"R",153,"Z",0,"Z",0,"Z",0,"R",0
204255, 3,"R",1042,"R",131,"R",518,"R",393,"R",131,"Z",0,"Z",0,"Z",0,"R",0
204255,11,"R",1233,"R",22,"R",89,"R",1122,"R",22,"Z",0,"Z",0,"Z",0,"R",0
204264, 1,"R",2412,"R",394,"R",165,"R",1853,"R",374,"R",20,"Z",0,"Z",0,"R",0
204264, 2,"R",1618,"R",186,"R",42,"R",1390,"R",172,"R",14,"Z",0,"Z",0,"R",0
204264, 3,"R",1544,"R",186,"R",42,"R",1316,"R",172,"R",14,"Z",0,"Z",0,"R",0
204264,11,"R",74,"R",0,"R",0,"R",74,"A",,"A",,"A",,"A",,"A",
204264,12,"R",794,"R",208,"R",123,"R",463,"R",202,"R",6,"Z",0,"Z",0,"R",0
204334, 1,"R",100,"A",,"A",,"R",100,"A",,"A",,"A",,"A",,"A",
204334, 2,"R",100,"A",,"A",,"R",100,"A",,"A",,"A",,"A",,"A",
204422, 1,"R",2963,"R",220,"R",630,"R",2113,"R",220,"Z",0,"Z",0,"Z",0,"R",0
204422, 2,"R",2963,"R",220,"R",630,"R",2113,"R",220,"Z",0,"Z",0,"Z",0,"R",0
204422, 3,"R",1762,"R",120,"R",516,"R",1126,"R",120,"Z",0,"Z",0,"Z",0,"R",0
204422,11,"R",1201,"R",100,"R",114,"R",987,"R",100,"Z",0,"Z",0,"Z",0,"R",0
204431, 1,"R",24,"A",,"A",,"R",24,"A",,"A",,"A",,"A",,"A",
204431, 2,"R",24,"A",,"A",,"R",24,"A",,"A",,"A",,"A",,"A",
204440, 1,"R",2377,"R",349,"R",346,"R",1682,"R",345,"R",3,"Z",0,"Z",0,"R",1
204440, 2,"R",2377,"R",349,"R",346,"R",1682,"R",345,"R",3,"Z",0,"Z",0,"R",1
204440, 3,"R",1063,"R",96,"R",247,"R",720,"R",93,"R",2,"Z",0,"Z",0,"R",1
204440,11,"R",1314,"R",253,"R",99,"R",962,"R",252,"R",1,"Z",0,"Z",0,"R",0
204459, 1,"R",54,"A",,"A",,"R",54,"A",,"A",,"A",,"A",,"A",
204459, 2,"R",54,"A",,"A",,"R",54,"A",,"A",,"A",,"A",,"A",
204459, 3,"R",54,"A",,"A",,"R",54,"A",,"A",,"A",,"A",,"A",
204468, 1,"R",1700,"R",334,"R",131,"R",1235,"R",283,"R",49,"Z",0,"R",2,"R",0
204468, 2,"R",1571,"R",205,"R",131,"R",1235,"R",177,"R",26,"Z",0,"R",2,"R",0
204468, 3,"R",1340,"R",202,"R",127,"R",1011,"R",174,"R",26,"Z",0,"R",2,"R",0
204468,11,"R",231,"R",3,"R",4,"R",224,"R",3,"Z",0,"Z",0,"Z",0,"R",0
204468,12,"R",129,"R",129,"R",0,"R",0,"R",106,"R",23,"Z",0,"Z",0,"R",0
204477, 1,"R",942,"R",0,"R",308,"R",634,"A",,"A",,"A",,"A",,"A",
204477,12,"R",942,"R",0,"R",308,"R",634,"A",,"A",,"A",,"A",,"A",
204486, 1,"R",3420,"R",378,"R",154,"R",2888,"R",259,"R",115,"R",4,"R",0,"R",0
204486, 2,"R",3343,"R",307,"R",148,"R",2888,"R",219,"R",84,"R",4,"R",0,"R",0
204486, 3,"R",3342,"R",306,"R",148,"R",2888,"R",218,"R",84,"R",4,"R",0,"R",0
204486,11,"R",1,"R",1,"R",0,"R",0,"R",1,"R",0,"R",0,"R",0,"R",0
204486,12,"R",77,"R",71,"R",6,"R",0,"R",40,"R",31,"R",0,"R",0,"R",0
204501, 1,"R",2812,"A",,"A",,"R",2812,"A",,"A",,"A",,"A",,"A",
204501, 2,"R",2785,"A",,"A",,"R",2785,"A",,"A",,"A",,"A",,"A",
204501, 3,"R",2785,"A",,"A",,"R",2785,"A",,"A",,"A",,"A",,"A",
204501,12,"R",27,"A",,"A",,"R",27,"A",,"A",,"A",,"A",,"A",
204608, 1,"R",905,"A",,"A",,"R",905,"A",,"A",,"A",,"A",,"A",
204608, 2,"R",905,"A",,"A",,"R",905,"A",,"A",,"A",,"A",,"A",
204608, 3,"R",905,"A",,"A",,"R",905,"A",,"A",,"A",,"A",,"A",
204617, 1,"R",1716,"R",310,"R",383,"R",1023,"R",283,"R",27,"R",0,"R",0,"R",0
204617, 2,"R",1188,"R",77,"R",304,"R",807,"R",74,"R",3,"R",0,"R",0,"R",0
204617, 3,"R",1080,"R",70,"R",290,"R",720,"R",67,"R",3,"R",0,"R",0,"R",0
204617,11,"R",108,"R",7,"R",14,"R",87,"R",7,"R",0,"R",0,"R",0,"R",0
204617,12,"R",528,"R",233,"R",79,"R",216,"R",209,"R",24,"R",0,"R",0,"R",0
204635, 1,"R",3039,"R",0,"R",36,"R",3003,"A",,"A",,"A",,"A",,"A",
204635, 2,"R",2297,"R",0,"R",24,"R",2273,"A",,"A",,"A",,"A",,"A",
204635, 3,"R",2144,"R",0,"R",24,"R",2120,"A",,"A",,"A",,"A",,"A",
204635,11,"R",153,"R",0,"R",0,"R",153,"A",,"A",,"A",,"A",,"A",
204635,12,"R",742,"R",0,"R",12,"R",730,"A",,"A",,"A",,"A",,"A",
204662, 1,"R",687,"R",2,"R",121,"R",564,"R",1,"Z",0,"Z",0,"Z",0,"R",1
204662, 2,"R",687,"R",2,"R",121,"R",564,"R",1,"Z",0,"Z",0,"Z",0,"R",1
204662, 3,"R",660,"R",1,"R",119,"R",540,"R",1,"Z",0,"Z",0,"Z",0,"R",0
204662,11,"R",27,"R",1,"R",2,"R",24,"Z",0,"Z",0,"Z",0,"Z",0,"R",1
204671, 1,"R",1010,"R",7,"R",226,"R",777,"R",5,"Z",0,"Z",0,"Z",0,"R",2
204671, 2,"R",1010,"R",7,"R",226,"R",777,"R",5,"Z",0,"Z",0,"Z",0,"R",2
204671, 3,"R",934,"R",5,"R",223,"R",706,"R",4,"Z",0,"Z",0,"Z",0,"R",1
204671,11,"R",76,"R",2,"R",3,"R",71,"R",1,"Z",0,"Z",0,"Z",0,"R",1
204680, 1,"R",1099,"R",25,"R",329,"R",745,"R",11,"Z",0,"Z",0,"Z",0,"R",14
204680, 2,"R",1096,"R",24,"R",327,"R",745,"R",10,"Z",0,"Z",0,"Z",0,"R",14
204680, 3,"R",958,"R",13,"R",318,"R",627,"R",8,"Z",0,"Z",0,"Z",0,"R",5
204680,11,"R",138,"R",11,"R",9,"R",118,"R",2,"Z",0,"Z",0,"Z",0,"R",9
204680,12,"R",3,"R",1,"R",2,"R",0,"R",1,"Z",0,"Z",0,"Z",0,"R",0
204699, 1,"R",1252,"R",11,"R",336,"R",905,"R",6,"Z",0,"Z",0,"Z",0,"R",5
204699, 2,"R",1251,"R",11,"R",335,"R",905,"R",6,"Z",0,"Z",0,"Z",0,"R",5
204699, 3,"R",1166,"R",8,"R",329,"R",829,"R",4,"Z",0,"Z",0,"Z",0,"R",4
204699,11,"R",85,"R",3,"R",6,"R",76,"R",2,"Z",0,"Z",0,"Z",0,"R",1
204699,12,"R",1,"R",0,"R",1,"R",0,"A",,"A",,"A",,"A",,"A",
204705, 1,"R",2882,"R",29,"R",513,"R",2340,"R",9,"Z",0,"Z",0,"Z",0,"R",20
204705, 2,"R",2870,"R",21,"R",512,"R",2337,"R",7,"Z",0,"Z",0,"Z",0,"R",14
204705, 3,"R",2771,"R",20,"R",511,"R",2240,"R",6,"Z",0,"Z",0,"Z",0,"R",14
204705,11,"R",99,"R",1,"R",1,"R",97,"R",1,"Z",0,"Z",0,"Z",0,"R",0
204705,12,"R",12,"R",8,"R",1,"R",3,"R",2,"Z",0,"Z",0,"Z",0,"R",6
204714, 1,"R",90,"A",,"A",,"R",90,"A",,"A",,"A",,"A",,"A",
204714, 2,"R",90,"A",,"A",,"R",90,"A",,"A",,"A",,"A",,"A",
204723, 1,"R",234,"A",,"A",,"R",234,"A",,"A",,"A",,"A",,"A",
204723, 2,"R",234,"A",,"A",,"R",234,"A",,"A",,"A",,"A",,"A",
204769, 1,"R",171,"A",,"A",,"R",171,"A",,"A",,"A",,"A",,"A",
204769, 2,"R",171,"A",,"A",,"R",171,"A",,"A",,"A",,"A",,"A",
204778, 1,"R",100,"A",,"A",,"R",100,"A",,"A",,"A",,"A",,"A",
204778, 2,"R",100,"A",,"A",,"R",100,"A",,"A",,"A",,"A",,"A",
204796, 1,"R",61170,"R",2284,"R",18037,"R",40849,"R",1112,"R",160,"R",7,"R",8,"R",997
204796, 2,"R",46820,"R",986,"R",16736,"R",29098,"R",555,"R",40,"R",4,"R",0,"R",387
204796, 3,"R",45769,"R",822,"R",16541,"R",28406,"R",504,"R",40,"R",4,"R",0,"R",274
204796,11,"R",1051,"R",164,"R",195,"R",692,"R",51,"R",0,"R",0,"R",0,"R",113
204796,12,"R",14350,"R",1298,"R",1301,"R",11751,"R",557,"R",120,"R",3,"R",8,"R",610
204802, 1,"R",512,"R",61,"R",127,"R",324,"R",57,"R",4,"R",0,"R",0,"R",0
204802, 2,"R",512,"R",61,"R",127,"R",324,"R",57,"R",4,"R",0,"R",0,"R",0
204802, 3,"R",396,"R",58,"R",112,"R",226,"R",54,"R",4,"R",0,"R",0,"R",0
204802,11,"R",116,"R",3,"R",15,"R",98,"R",3,"R",0,"R",0,"R",0,"R",0
204820, 1,"R",1586,"R",209,"R",515,"R",862,"R",200,"R",8,"R",0,"R",1,"R",0
204820, 2,"R",1586,"R",209,"R",515,"R",862,"R",200,"R",8,"R",0,"R",1,"R",0
204820, 3,"R",1399,"R",191,"R",485,"R",723,"R",182,"R",8,"R",0,"R",1,"R",0
204820,11,"R",187,"R",18,"R",30,"R",139,"R",18,"R",0,"R",0,"R",0,"R",0
204839, 1,"R",1235,"R",171,"R",445,"R",619,"R",153,"R",17,"R",0,"R",1,"R",0
204839, 2,"R",1235,"R",171,"R",445,"R",619,"R",153,"R",17,"R",0,"R",1,"R",0
204839, 3,"R",1042,"R",146,"R",411,"R",485,"R",128,"R",17,"R",0,"R",1,"R",0
204839,11,"R",193,"R",25,"R",34,"R",134,"R",25,"R",0,"R",0,"R",0,"R",0
204848, 1,"R",1568,"R",172,"R",487,"R",909,"R",164,"R",5,"R",1,"R",2,"R",0
204848, 2,"R",1568,"R",172,"R",487,"R",909,"R",164,"R",5,"R",1,"R",2,"R",0
204848, 3,"R",1387,"R",158,"R",458,"R",771,"R",151,"R",5,"R",0,"R",2,"R",0
204848,11,"R",181,"R",14,"R",29,"R",138,"R",13,"R",0,"R",1,"R",0,"R",0
204857, 1,"R",28480,"R",7975,"R",5030,"R",15475,"R",4938,"R",2917,"R",3,"R",95,"R",22
204857, 2,"R",22309,"R",5373,"R",4845,"R",12091,"R",3628,"R",1670,"R",2,"R",51,"R",22
204857, 3,"R",22072,"R",5343,"R",4827,"R",11902,"R",3603,"R",1667,"R",2,"R",50,"R",21
204857,11,"R",237,"R",30,"R",18,"R",189,"R",25,"R",3,"R",0,"R",1,"R",1
204857,12,"R",6171,"R",2602,"R",185,"R",3384,"R",1310,"R",1247,"R",1,"R",44,"R",0
204866, 1,"R",1103,"R",103,"R",269,"R",731,"R",97,"R",4,"R",0,"R",2,"R",0
204866, 2,"R",1103,"R",103,"R",269,"R",731,"R",97,"R",4,"R",0,"R",2,"R",0
204866, 3,"R",993,"R",96,"R",265,"R",632,"R",90,"R",4,"R",0,"R",2,"R",0
204866,11,"R",110,"R",7,"R",4,"R",99,"R",7,"R",0,"R",0,"R",0,"R",0
204884, 1,"R",201,"R",0,"R",8,"R",193,"A",,"A",,"A",,"A",,"A",
204884, 2,"R",201,"R",0,"R",8,"R",193,"A",,"A",,"A",,"A",,"A",
204884, 3,"R",201,"R",0,"R",8,"R",193,"A",,"A",,"A",,"A",,"A",
204893, 1,"R",85,"A",,"A",,"R",85,"A",,"A",,"A",,"A",,"A",
204893, 2,"R",85,"A",,"A",,"R",85,"A",,"A",,"A",,"A",,"A",
204909, 1,"R",1561,"R",0,"R",0,"R",1561,"A",,"A",,"A",,"A",,"A",
204909, 2,"R",1561,"R",0,"R",0,"R",1561,"A",,"A",,"A",,"A",,"A",
204909, 3,"R",1554,"R",0,"R",0,"R",1554,"A",,"A",,"A",,"A",,"A",
204909,11,"R",7,"Z",0,"Z",0,"R",7,"A",,"A",,"A",,"A",,"A",
204936, 1,"R",2886,"R",124,"R",94,"R",2668,"R",120,"R",4,"R",0,"R",0,"R",0
204936, 2,"R",2494,"R",1,"R",84,"R",2409,"R",1,"R",0,"R",0,"R",0,"R",0
204936, 3,"R",2361,"R",1,"R",84,"R",2276,"R",1,"R",0,"R",0,"R",0,"R",0
204936,11,"R",133,"R",0,"R",0,"R",133,"A",,"A",,"A",,"A",,"A",
204936,12,"R",392,"R",123,"R",10,"R",259,"R",119,"R",4,"R",0,"R",0,"R",0
204945, 1,"R",9460,"R",1336,"R",1898,"R",6226,"R",1283,"R",49,"R",4,"R",0,"R",0
204945, 2,"R",9460,"R",1336,"R",1898,"R",6226,"R",1283,"R",49,"R",4,"R",0,"R",0
204945, 3,"R",5812,"R",854,"R",1755,"R",3203,"R",832,"R",19,"R",3,"R",0,"R",0
204945,11,"R",3648,"R",482,"R",143,"R",3023,"R",451,"R",30,"R",1,"R",0,"R",0
204963, 1,"R",33,"A",,"A",,"R",33,"A",,"A",,"A",,"A",,"A",
204963, 2,"R",33,"A",,"A",,"R",33,"A",,"A",,"A",,"A",,"A",
204981, 1,"R",119,"A",,"A",,"R",119,"A",,"A",,"A",,"A",,"A",
204981, 2,"R",119,"A",,"A",,"R",119,"A",,"A",,"A",,"A",,"A",
204981, 3,"R",119,"A",,"A",,"R",119,"A",,"A",,"A",,"A",,"A",
204990, 1,"R",193,"R",81,"R",112,"R",0,"R",12,"R",67,"Z",0,"R",2,"R",0
204990,12,"R",193,"R",81,"R",112,"R",0,"R",12,"R",67,"Z",0,"R",2,"R",0
205027, 1,"R",150,"A",,"A",,"R",150,"A",,"A",,"A",,"A",,"A",
205027, 2,"R",90,"A",,"A",,"R",90,"A",,"A",,"A",,"A",,"A",
205027, 3,"R",90,"A",,"A",,"R",90,"A",,"A",,"A",,"A",,"A",
205027,12,"R",60,"A",,"A",,"R",60,"A",,"A",,"A",,"A",,"A",
205054, 1,"R",440,"A",,"A",,"R",440,"A",,"A",,"A",,"A",,"A",
205054, 2,"R",440,"A",,"A",,"R",440,"A",,"A",,"A",,"A",,"A",
205054, 3,"R",440,"A",,"A",,"R",440,"A",,"A",,"A",,"A",,"A",
205090, 1,"R",60,"A",,"A",,"R",60,"A",,"A",,"A",,"A",,"A",
205090, 2,"R",60,"A",,"A",,"R",60,"A",,"A",,"A",,"A",,"A",
205124, 1,"R",60,"A",,"A",,"R",60,"A",,"A",,"A",,"A",,"A",
205124, 2,"R",38,"A",,"A",,"R",38,"A",,"A",,"A",,"A",,"A",
205124, 3,"R",38,"A",,"A",,"R",38,"A",,"A",,"A",,"A",,"A",
205124,12,"R",22,"A",,"A",,"R",22,"A",,"A",,"A",,"A",,"A",
205142, 1,"R",148,"A",,"A",,"R",148,"A",,"A",,"A",,"A",,"A",
205142, 2,"R",148,"A",,"A",,"R",148,"A",,"A",,"A",,"A",,"A",
205179, 1,"R",479,"R",110,"R",265,"R",104,"R",24,"R",86,"R",0,"R",0,"R",0
205179, 2,"R",479,"R",110,"R",265,"R",104,"R",24,"R",86,"R",0,"R",0,"R",0
205179, 3,"R",479,"R",110,"R",265,"R",104,"R",24,"R",86,"R",0,"R",0,"R",0
205203, 1,"R",1704,"R",78,"R",234,"R",1392,"R",70,"R",8,"R",0,"R",0,"R",0
205203, 2,"R",1666,"R",78,"R",214,"R",1374,"R",70,"R",8,"R",0,"R",0,"R",0
205203, 3,"R",826,"R",38,"R",214,"R",574,"R",32,"R",6,"R",0,"R",0,"R",0
205203,11,"R",840,"R",40,"R",0,"R",800,"R",38,"R",2,"R",0,"R",0,"R",0
205203,12,"R",38,"R",0,"R",20,"R",18,"A",,"A",,"A",,"A",,"A",
205391, 1,"R",210,"A",,"A",,"R",210,"A",,"A",,"A",,"A",,"A",
205391, 2,"R",210,"A",,"A",,"R",210,"A",,"A",,"A",,"A",,"A",
205391, 3,"R",210,"A",,"A",,"R",210,"A",,"A",,"A",,"A",,"A",
205443, 1,"R",3253,"R",37,"R",539,"R",2677,"R",33,"R",4,"R",0,"R",0,"R",0
205443, 2,"R",3097,"R",17,"R",533,"R",2547,"R",14,"R",3,"R",0,"R",0,"R",0
205443, 3,"R",2762,"R",17,"R",521,"R",2224,"R",14,"R",3,"R",0,"R",0,"R",0
205443,11,"R",335,"R",0,"R",12,"R",323,"A",,"A",,"A",,"A",,"A",
205443,12,"R",156,"R",20,"R",6,"R",130,"R",19,"R",1,"R",0,"R",0,"R",0
205470, 1,"R",18576,"R",3572,"R",3357,"R",11647,"R",3512,"R",60,"Z",0,"Z",0,"R",0
205470, 2,"R",18576,"R",3572,"R",3357,"R",11647,"R",3512,"R",60,"Z",0,"Z",0,"R",0
205470, 3,"R",14940,"R",2570,"R",3105,"R",9265,"R",2523,"R",47,"Z",0,"Z",0,"R",0
205470,11,"R",3636,"R",1002,"R",252,"R",2382,"R",989,"R",13,"Z",0,"Z",0,"R",0
205559, 1,"R",92,"R",0,"R",32,"R",60,"A",,"A",,"A",,"A",,"A",
205559, 2,"R",92,"R",0,"R",32,"R",60,"A",,"A",,"A",,"A",,"A",
205559, 3,"R",92,"R",0,"R",32,"R",60,"A",,"A",,"A",,"A",,"A",
205841, 1,"R",11654,"R",1874,"R",3543,"R",6237,"R",1842,"R",31,"R",1,"R",0,"R",0
205841, 2,"R",11654,"R",1874,"R",3543,"R",6237,"R",1842,"R",31,"R",1,"R",0,"R",0
205841, 3,"R",7805,"R",1082,"R",2751,"R",3972,"R",1050,"R",31,"R",1,"R",0,"R",0
205841,11,"R",3849,"R",792,"R",792,"R",2265,"R",792,"R",0,"R",0,"R",0,"R",0
205887, 1,"R",550,"R",122,"R",316,"R",112,"R",114,"R",8,"R",0,"R",0,"R",0
205887, 2,"R",550,"R",122,"R",316,"R",112,"R",114,"R",8,"R",0,"R",0,"R",0
205887, 3,"R",550,"R",122,"R",316,"R",112,"R",114,"R",8,"R",0,"R",0,"R",0
205957, 1,"R",3028,"R",666,"R",445,"R",1917,"R",91,"R",530,"R",0,"R",45,"R",0
205957, 2,"R",2241,"R",96,"R",375,"R",1770,"R",8,"R",83,"R",0,"R",5,"R",0
205957, 3,"R",2117,"R",50,"R",374,"R",1693,"R",5,"R",42,"R",0,"R",3,"R",0
205957,11,"R",124,"R",46,"R",1,"R",77,"R",3,"R",41,"R",0,"R",2,"R",0
205957,12,"R",787,"R",570,"R",70,"R",147,"R",83,"R",447,"R",0,"R",40,"R",0
205966, 1,"R",2455,"R",223,"R",531,"R",1701,"R",222,"R",1,"R",0,"R",0,"R",0
205966, 2,"R",2455,"R",223,"R",531,"R",1701,"R",222,"R",1,"R",0,"R",0,"R",0
205966, 3,"R",1276,"R",173,"R",379,"R",724,"R",172,"R",1,"R",0,"R",0,"R",0
205966,11,"R",1179,"R",50,"R",152,"R",977,"R",50,"R",0,"R",0,"R",0,"R",0
206011, 1,"R",2228,"R",399,"R",678,"R",1151,"R",380,"R",19,"Z",0,"Z",0,"R",0
206011, 2,"R",2228,"R",399,"R",678,"R",1151,"R",380,"R",19,"Z",0,"Z",0,"R",0
206011, 3,"R",1344,"R",182,"R",567,"R",595,"R",164,"R",18,"Z",0,"Z",0,"R",0
206011,11,"R",884,"R",217,"R",111,"R",556,"R",216,"R",1,"Z",0,"Z",0,"R",0
206039, 1,"R",39,"A",,"A",,"R",39,"A",,"A",,"A",,"A",,"A",
206039, 2,"R",39,"A",,"A",,"R",39,"A",,"A",,"A",,"A",,"A",
206048, 1,"R",3045,"R",1222,"R",450,"R",1373,"R",875,"R",338,"R",4,"R",5,"R",0
206048, 2,"R",2223,"R",480,"R",418,"R",1325,"R",404,"R",76,"R",0,"R",0,"R",0
206048, 3,"R",1995,"R",409,"R",385,"R",1201,"R",338,"R",71,"R",0,"R",0,"R",0
206048,11,"R",228,"R",71,"R",33,"R",124,"R",66,"R",5,"R",0,"R",0,"R",0
206048,12,"R",822,"R",742,"R",32,"R",48,"R",471,"R",262,"R",4,"R",5,"R",0
206084, 1,"R",20237,"R",1887,"R",6238,"R",12112,"R",1665,"R",215,"R",3,"R",0,"R",4
206084, 2,"R",16065,"R",1451,"R",5577,"R",9037,"R",1295,"R",150,"R",3,"R",0,"R",3
206084, 3,"R",14893,"R",1112,"R",5411,"R",8370,"R",958,"R",149,"R",3,"R",0,"R",2
206084,11,"R",1172,"R",339,"R",166,"R",667,"R",337,"R",1,"R",0,"R",0,"R",1
206084,12,"R",4172,"R",436,"R",661,"R",3075,"R",370,"R",65,"R",0,"R",0,"R",1
206154, 1,"R",51,"R",1,"R",7,"R",43,"R",1,"R",0,"R",0,"R",0,"R",0
206154, 2,"R",45,"R",1,"R",7,"R",37,"R",1,"R",0,"R",0,"R",0,"R",0
206154, 3,"R",29,"R",0,"R",7,"R",22,"A",,"A",,"A",,"A",,"A",
206154,11,"R",16,"R",1,"R",0,"R",15,"R",1,"R",0,"R",0,"R",0,"R",0
206154,12,"R",6,"R",0,"R",0,"R",6,"A",,"A",,"A",,"A",,"A",
206172, 1,"R",51,"A",,"A",,"R",51,"A",,"A",,"A",,"A",,"A",
206172, 2,"R",51,"A",,"A",,"R",51,"A",,"A",,"A",,"A",,"A",
206172, 3,"R",51,"A",,"A",,"R",51,"A",,"A",,"A",,"A",,"A",
206181, 1,"R",207,"A",,"A",,"R",207,"A",,"A",,"A",,"A",,"A",
206181, 2,"R",207,"A",,"A",,"R",207,"A",,"A",,"A",,"A",,"A",
206181, 3,"R",207,"A",,"A",,"R",207,"A",,"A",,"A",,"A",,"A",
206279, 1,"R",925,"R",638,"R",280,"R",7,"R",76,"R",559,"R",0,"R",3,"R",0
206279, 2,"R",657,"R",538,"R",115,"R",4,"R",54,"R",481,"R",0,"R",3,"R",0
206279, 3,"R",657,"R",538,"R",115,"R",4,"R",54,"R",481,"R",0,"R",3,"R",0
206279,12,"R",268,"R",100,"R",165,"R",3,"R",22,"R",78,"R",0,"R",0,"R",0
206288, 1,"R",407,"R",69,"R",139,"R",199,"R",16,"R",52,"R",0,"R",1,"R",0
206288,12,"R",407,"R",69,"R",139,"R",199,"R",16,"R",52,"R",0,"R",1,"R",0
206321, 1,"R",117,"A",,"A",,"R",117,"A",,"A",,"A",,"A",,"A",
206321, 2,"R",117,"A",,"A",,"R",117,"A",,"A",,"A",,"A",,"A",
206321, 3,"R",36,"A",,"A",,"R",36,"A",,"A",,"A",,"A",,"A",
206321,11,"R",81,"A",,"A",,"R",81,"A",,"A",,"A",,"A",,"A",
206330, 1,"R",587,"R",79,"R",226,"R",282,"R",17,"R",61,"Z",0,"Z",0,"R",1
206330, 2,"R",513,"R",14,"R",225,"R",274,"R",14,"Z",0,"Z",0,"Z",0,"R",0
206330, 3,"R",424,"R",3,"R",181,"R",240,"R",3,"Z",0,"Z",0,"Z",0,"R",0
206330,11,"R",89,"R",11,"R",44,"R",34,"R",11,"Z",0,"Z",0,"Z",0,"R",0
206330,12,"R",74,"R",65,"R",1,"R",8,"R",3,"R",61,"Z",0,"Z",0,"R",1
206349, 1,"R",1073,"R",47,"R",266,"R",760,"R",46,"R",1,"R",0,"R",0,"R",0
206349, 2,"R",631,"R",37,"R",229,"R",365,"R",36,"R",1,"R",0,"R",0,"R",0
206349, 3,"R",621,"R",37,"R",229,"R",355,"R",36,"R",1,"R",0,"R",0,"R",0
206349,11,"R",10,"R",0,"R",0,"R",10,"A",,"A",,"A",,"A",,"A",
206349,12,"R",442,"R",10,"R",37,"R",395,"R",10,"R",0,"R",0,"R",0,"R",0
206394, 1,"R",109,"R",19,"R",65,"R",25,"R",17,"R",2,"Z",0,"Z",0,"R",0
206394, 2,"R",109,"R",19,"R",65,"R",25,"R",17,"R",2,"Z",0,"Z",0,"R",0
206394, 3,"R",107,"R",19,"R",65,"R",23,"R",17,"R",2,"Z",0,"Z",0,"R",0
206394,11,"R",2,"Z",0,"Z",0,"R",2,"A",,"A",,"A",,"A",,"A",
206437, 1,"R",2779,"R",400,"R",442,"R",1937,"R",260,"R",140,"R",0,"R",0,"R",0
206437, 2,"R",2027,"R",136,"R",297,"R",1594,"R",18,"R",118,"R",0,"R",0,"R",0
206437, 3,"R",1826,"R",136,"R",297,"R",1393,"R",18,"R",118,"R",0,"R",0,"R",0
206437,11,"R",201,"R",0,"R",0,"R",201,"A",,"A",,"A",,"A",,"A",
206437,12,"R",752,"R",264,"R",145,"R",343,"R",242,"R",22,"R",0,"R",0,"R",0
206446, 1,"R",1797,"R",208,"R",672,"R",917,"R",156,"R",52,"R",0,"R",0,"R",0
206446, 2,"R",1797,"R",208,"R",672,"R",917,"R",156,"R",52,"R",0,"R",0,"R",0
206446, 3,"R",973,"R",120,"R",466,"R",387,"R",81,"R",39,"R",0,"R",0,"R",0
206446,11,"R",824,"R",88,"R",206,"R",530,"R",75,"R",13,"R",0,"R",0,"R",0
206491, 1,"R",672,"R",0,"R",6,"R",666,"A",,"A",,"A",,"A",,"A",
206491, 2,"R",657,"R",0,"R",0,"R",657,"A",,"A",,"A",,"A",,"A",
206491, 3,"R",643,"R",0,"R",0,"R",643,"A",,"A",,"A",,"A",,"A",
206491,11,"R",14,"R",0,"R",0,"R",14,"A",,"A",,"A",,"A",,"A",
206491,12,"R",15,"R",0,"R",6,"R",9,"A",,"A",,"A",,"A",,"A",
206507, 1,"R",1260,"R",0,"R",48,"R",1212,"A",,"A",,"A",,"A",,"A",
206507, 2,"R",1260,"R",0,"R",48,"R",1212,"A",,"A",,"A",,"A",,"A",
206507, 3,"R",1253,"R",0,"R",48,"R",1205,"A",,"A",,"A",,"A",,"A",
206507,11,"R",7,"R",0,"R",0,"R",7,"A",,"A",,"A",,"A",,"A",
206516, 1,"R",48,"R",8,"R",22,"R",18,"R",7,"R",1,"Z",0,"Z",0,"R",0
206516,12,"R",48,"R",8,"R",22,"R",18,"R",7,"R",1,"Z",0,"Z",0,"R",0
206525, 1,"R",1801,"R",0,"R",5,"R",1796,"A",,"A",,"A",,"A",,"A",
206525, 2,"R",1757,"R",0,"R",5,"R",1752,"A",,"A",,"A",,"A",,"A",
206525, 3,"R",1701,"R",0,"R",5,"R",1696,"A",,"A",,"A",,"A",,"A",
206525,11,"R",56,"R",0,"R",0,"R",56,"A",,"A",,"A",,"A",,"A",
206525,12,"R",44,"A",,"A",,"R",44,"A",,"A",,"A",,"A",,"A",
206589, 1,"R",2004,"A",,"A",,"R",2004,"A",,"A",,"A",,"A",,"A",
206589, 2,"R",2004,"A",,"A",,"R",2004,"A",,"A",,"A",,"A",,"A",
206589, 3,"R",2001,"A",,"A",,"R",2001,"A",,"A",,"A",,"A",,"A",
206589,11,"R",3,"A",,"A",,"R",3,"A",,"A",,"A",,"A",,"A",
206604, 1,"R",14403,"R",180,"R",4283,"R",9940,"R",167,"R",11,"R",0,"R",0,"R",2
206604, 2,"R",10925,"R",46,"R",3179,"R",7700,"R",44,"R",2,"R",0,"R",0,"R",0
206604, 3,"R",10140,"R",41,"R",3076,"R",7023,"R",39,"R",2,"R",0,"R",0,"R",0
206604,11,"R",785,"R",5,"R",103,"R",677,"R",5,"R",0,"R",0,"R",0,"R",0
206604,12,"R",3478,"R",134,"R",1104,"R",2240,"R",123,"R",9,"R",0,"R",0,"R",2
206613, 1,"R",1063,"R",19,"R",542,"R",502,"R",19,"R",0,"R",0,"R",0,"R",0
206613, 2,"R",1063,"R",19,"R",542,"R",502,"R",19,"R",0,"R",0,"R",0,"R",0
206613, 3,"R",832,"R",16,"R",460,"R",356,"R",16,"R",0,"R",0,"R",0,"R",0
206613,11,"R",231,"R",3,"R",82,"R",146,"R",3,"R",0,"R",0,"R",0,"R",0
206622, 1,"R",7127,"R",823,"R",1284,"R",5020,"R",470,"R",351,"R",1,"R",1,"R",0
206622, 2,"R",4995,"R",273,"R",1016,"R",3706,"R",190,"R",83,"Z",0,"Z",0,"R",0
206622, 3,"R",4955,"R",272,"R",1016,"R",3667,"R",189,"R",83,"Z",0,"Z",0,"R",0
206622,11,"R",40,"R",1,"R",0,"R",39,"R",1,"Z",0,"Z",0,"Z",0,"R",0
206622,12,"R",2132,"R",550,"R",268,"R",1314,"R",280,"R",268,"R",1,"R",1,"R",0
206695, 1,"R",12607,"R",728,"R",3668,"R",8211,"R",647,"R",81,"R",0,"R",0,"R",0
206695, 2,"R",11442,"R",517,"R",3490,"R",7435,"R",472,"R",45,"R",0,"R",0,"R",0
206695, 3,"R",10030,"R",406,"R",3312,"R",6312,"R",361,"R",45,"R",0,"R",0,"R",0
206695,11,"R",1412,"R",111,"R",178,"R",1123,"R",111,"R",0,"R",0,"R",0,"R",0
206695,12,"R",1165,"R",211,"R",178,"R",776,"R",175,"R",36,"R",0,"R",0,"R",0
206817, 1,"R",271,"R",18,"R",124,"R",129,"R",18,"R",0,"R",0,"R",0,"R",0
206817, 2,"R",271,"R",18,"R",124,"R",129,"R",18,"R",0,"R",0,"R",0,"R",0
206817, 3,"R",271,"R",18,"R",124,"R",129,"R",18,"R",0,"R",0,"R",0,"R",0
206835, 1,"R",1096,"R",330,"R",0,"R",766,"R",201,"R",126,"Z",0,"Z",0,"R",3
206835, 2,"R",911,"R",197,"R",0,"R",714,"R",117,"R",78,"Z",0,"Z",0,"R",2
206835, 3,"R",905,"R",197,"R",0,"R",708,"R",117,"R",78,"Z",0,"Z",0,"R",2
206835,11,"R",6,"R",0,"R",0,"R",6,"A",,"A",,"A",,"A",,"A",
206835,12,"R",185,"R",133,"R",0,"R",52,"R",84,"R",48,"Z",0,"Z",0,"R",1
206862, 1,"R",2081,"R",279,"R",273,"R",1529,"R",205,"R",30,"Z",0,"Z",0,"R",44
206862, 2,"R",1563,"R",145,"R",248,"R",1170,"R",108,"R",9,"Z",0,"Z",0,"R",28
206862, 3,"R",1563,"R",145,"R",248,"R",1170,"R",108,"R",9,"Z",0,"Z",0,"R",28
206862,12,"R",518,"R",134,"R",25,"R",359,"R",97,"R",21,"Z",0,"Z",0,"R",16
206880, 1,"R",40,"A",,"A",,"R",40,"A",,"A",,"A",,"A",,"A",
206880, 2,"R",40,"A",,"A",,"R",40,"A",,"A",,"A",,"A",,"A",
206905, 1,"R",98,"R",0,"R",1,"R",97,"A",,"A",,"A",,"A",,"A",
206905, 2,"R",98,"R",0,"R",1,"R",97,"A",,"A",,"A",,"A",,"A",
206905, 3,"R",98,"R",0,"R",1,"R",97,"A",,"A",,"A",,"A",,"A",
206914, 1,"R",4290,"R",676,"R",1865,"R",1749,"R",552,"R",88,"R",0,"R",36,"R",0
206914, 2,"R",3944,"R",476,"R",1791,"R",1677,"R",407,"R",60,"R",0,"R",9,"R",0
206914, 3,"R",3623,"R",459,"R",1764,"R",1400,"R",390,"R",60,"R",0,"R",9,"R",0
206914,11,"R",321,"R",17,"R",27,"R",277,"R",17,"R",0,"R",0,"R",0,"R",0
206914,12,"R",346,"R",200,"R",74,"R",72,"R",145,"R",28,"R",0,"R",27,"R",0
206923, 1,"R",1900,"R",47,"R",64,"R",1789,"R",47,"R",0,"R",0,"R",0,"R",0
206923, 2,"R",1900,"R",47,"R",64,"R",1789,"R",47,"R",0,"R",0,"R",0,"R",0
206923, 3,"R",1547,"R",3,"R",55,"R",1489,"R",3,"R",0,"R",0,"R",0,"R",0
206923,11,"R",353,"R",44,"R",9,"R",300,"R",44,"R",0,"R",0,"R",0,"R",0
206932, 1,"R",247,"A",,"A",,"R",247,"A",,"A",,"A",,"A",,"A",
206932, 2,"R",247,"A",,"A",,"R",247,"A",,"A",,"A",,"A",,"A",
206941, 1,"R",15393,"R",983,"R",4400,"R",10010,"R",977,"R",5,"R",0,"R",0,"R",1
206941, 2,"R",13840,"R",951,"R",4270,"R",8619,"R",945,"R",5,"R",0,"R",0,"R",1
206941, 3,"R",13118,"R",903,"R",4188,"R",8027,"R",897,"R",5,"R",0,"R",0,"R",1
206941,11,"R",722,"R",48,"R",82,"R",592,"R",48,"R",0,"R",0,"R",0,"R",0
206941,12,"R",1553,"R",32,"R",130,"R",1391,"R",32,"R",0,"R",0,"R",0,"R",0
206996, 1,"R",2090,"R",333,"R",1196,"R",561,"R",323,"R",7,"R",3,"R",0,"R",0
206996, 2,"R",2090,"R",333,"R",1196,"R",561,"R",323,"R",7,"R",3,"R",0,"R",0
206996, 3,"R",1827,"R",271,"R",1122,"R",434,"R",262,"R",6,"R",3,"R",0,"R",0
206996,11,"R",263,"R",62,"R",74,"R",127,"R",61,"R",1,"R",0,"R",0,"R",0
207041, 1,"R",3576,"R",546,"R",1434,"R",1596,"R",527,"R",19,"R",0,"R",0,"R",0
207041, 2,"R",2941,"R",141,"R",1292,"R",1508,"R",137,"R",4,"R",0,"R",0,"R",0
207041, 3,"R",2725,"R",91,"R",1242,"R",1392,"R",87,"R",4,"R",0,"R",0,"R",0
207041,11,"R",216,"R",50,"R",50,"R",116,"R",50,"R",0,"R",0,"R",0,"R",0
207041,12,"R",635,"R",405,"R",142,"R",88,"R",390,"R",15,"R",0,"R",0,"R",0
207050, 1,"R",1541,"R",311,"R",677,"R",553,"R",307,"R",4,"R",0,"R",0,"R",0
207050, 2,"R",1541,"R",311,"R",677,"R",553,"R",307,"R",4,"R",0,"R",0,"R",0
207050, 3,"R",1160,"R",153,"R",618,"R",389,"R",149,"R",4,"R",0,"R",0,"R",0
207050,11,"R",381,"R",158,"R",59,"R",164,"R",158,"R",0,"R",0,"R",0,"R",0
207069, 1,"R",1929,"R",609,"R",666,"R",654,"R",571,"R",38,"R",0,"R",0,"R",0
207069, 2,"R",1929,"R",609,"R",666,"R",654,"R",571,"R",38,"R",0,"R",0,"R",0
207069, 3,"R",1103,"R",336,"R",496,"R",271,"R",298,"R",38,"R",0,"R",0,"R",0
207069,11,"R",826,"R",273,"R",170,"R",383,"R",273,"R",0,"R",0,"R",0,"R",0
207087, 1,"R",33,"A",,"A",,"R",33,"A",,"A",,"A",,"A",,"A",
207087, 2,"R",33,"A",,"A",,"R",33,"A",,"A",,"A",,"A",,"A",
207102, 1,"R",88,"A",,"A",,"R",88,"A",,"A",,"A",,"A",,"A",
207102, 2,"R",88,"A",,"A",,"R",88,"A",,"A",,"A",,"A",,"A",
207157, 1,"R",317,"R",111,"R",43,"R",163,"R",31,"R",79,"Z",0,"R",1,"R",0
207157, 2,"R",295,"R",107,"R",43,"R",145,"R",31,"R",75,"Z",0,"R",1,"R",0
207157, 3,"R",290,"R",107,"R",39,"R",144,"R",31,"R",75,"Z",0,"R",1,"R",0
207157,11,"R",5,"Z",0,"R",4,"R",1,"A",,"A",,"A",,"A",,"A",
207157,12,"R",22,"R",4,"Z",0,"R",18,"Z",0,"R",4,"Z",0,"Z",0,"R",0
207209, 1,"R",2119,"R",81,"R",505,"R",1533,"R",45,"R",4,"R",32,"R",0,"R",0
207209, 2,"R",1948,"R",67,"R",504,"R",1377,"R",36,"R",2,"R",29,"R",0,"R",0
207209, 3,"R",1922,"R",42,"R",503,"R",1377,"R",20,"R",1,"R",21,"R",0,"R",0
207209,11,"R",26,"R",25,"R",1,"R",0,"R",16,"R",1,"R",8,"R",0,"R",0
207209,12,"R",171,"R",14,"R",1,"R",156,"R",9,"R",2,"R",3,"R",0,"R",0
207236, 1,"R",2143,"R",593,"R",935,"R",615,"R",586,"R",7,"R",0,"R",0,"R",0
207236, 2,"R",2143,"R",593,"R",935,"R",615,"R",586,"R",7,"R",0,"R",0,"R",0
207236, 3,"R",1617,"R",352,"R",847,"R",418,"R",345,"R",7,"R",0,"R",0,"R",0
207236,11,"R",526,"R",241,"R",88,"R",197,"R",241,"R",0,"R",0,"R",0,"R",0
207254, 1,"R",979,"R",72,"R",907,"R",0,"R",33,"R",39,"Z",0,"Z",0,"R",0
207254, 2,"R",979,"R",72,"R",907,"R",0,"R",33,"R",39,"Z",0,"Z",0,"R",0
207254, 3,"R",979,"R",72,"R",907,"R",0,"R",33,"R",39,"Z",0,"Z",0,"R",0
207263, 1,"R",7879,"R",1533,"R",3448,"R",2898,"R",1450,"R",83,"R",0,"R",0,"R",0
207263, 2,"R",6712,"R",1182,"R",3100,"R",2430,"R",1124,"R",58,"R",0,"R",0,"R",0
207263, 3,"R",6332,"R",1109,"R",3067,"R",2156,"R",1054,"R",55,"R",0,"R",0,"R",0
207263,11,"R",380,"R",73,"R",33,"R",274,"R",70,"R",3,"R",0,"R",0,"R",0
207263,12,"R",1167,"R",351,"R",348,"R",468,"R",326,"R",25,"R",0,"R",0,"R",0
207272, 1,"R",24,"A",,"A",,"R",24,"A",,"A",,"A",,"A",,"A",
207272, 2,"R",24,"A",,"A",,"R",24,"A",,"A",,"A",,"A",,"A",
207281, 1,"R",4181,"R",577,"R",1343,"R",2261,"R",563,"R",13,"R",1,"R",0,"R",0
207281, 2,"R",4181,"R",577,"R",1343,"R",2261,"R",563,"R",13,"R",1,"R",0,"R",0
207281, 3,"R",2546,"R",404,"R",1242,"R",900,"R",397,"R",7,"R",0,"R",0,"R",0
207281,11,"R",1635,"R",173,"R",101,"R",1361,"R",166,"R",6,"R",1,"R",0,"R",0
207290, 1,"R",1897,"R",110,"R",606,"R",1181,"R",101,"R",7,"R",2,"R",0,"R",0
207290, 2,"R",1897,"R",110,"R",606,"R",1181,"R",101,"R",7,"R",2,"R",0,"R",0
207290, 3,"R",1627,"R",80,"R",558,"R",989,"R",71,"R",7,"R",2,"R",0,"R",0
207290,11,"R",270,"R",30,"R",48,"R",192,"R",30,"R",0,"R",0,"R",0,"R",0
207306, 1,"R",1992,"R",371,"R",852,"R",769,"R",355,"R",16,"R",0,"R",0,"R",0
207306, 2,"R",1773,"R",264,"R",764,"R",745,"R",254,"R",10,"R",0,"R",0,"R",0
207306, 3,"R",1681,"R",245,"R",754,"R",682,"R",235,"R",10,"R",0,"R",0,"R",0
207306,11,"R",92,"R",19,"R",10,"R",63,"R",19,"R",0,"R",0,"R",0,"R",0
207306,12,"R",219,"R",107,"R",88,"R",24,"R",101,"R",6,"R",0,"R",0,"R",0
207315, 1,"R",980,"R",352,"R",103,"R",525,"R",177,"R",168,"R",7,"R",0,"R",0
207315,12,"R",980,"R",352,"R",103,"R",525,"R",177,"R",168,"R",7,"R",0,"R",0
207324, 1,"R",2228,"R",131,"R",344,"R",1753,"R",61,"R",19,"R",51,"R",0,"R",0
207324, 2,"R",1905,"R",6,"R",283,"R",1616,"R",2,"R",4,"R",0,"R",0,"R",0
207324, 3,"R",1813,"R",5,"R",281,"R",1527,"R",1,"R",4,"R",0,"R",0,"R",0
207324,11,"R",92,"R",1,"R",2,"R",89,"R",1,"R",0,"R",0,"R",0,"R",0
207324,12,"R",323,"R",125,"R",61,"R",137,"R",59,"R",15,"R",51,"R",0,"R",0
207342, 1,"R",3126,"R",167,"R",1175,"R",1784,"R",145,"R",21,"R",1,"R",0,"R",0
207342, 2,"R",760,"R",27,"R",654,"R",79,"R",20,"R",7,"R",0,"R",0,"R",0
207342, 3,"R",759,"R",26,"R",654,"R",79,"R",19,"R",7,"R",0,"R",0,"R",0
207342,11,"R",1,"R",1,"R",0,"R",0,"R",1,"R",0,"R",0,"R",0,"R",0
207342,12,"R",2366,"R",140,"R",521,"R",1705,"R",125,"R",14,"R",1,"R",0,"R",0
207351, 1,"R",1262,"R",257,"R",405,"R",600,"R",206,"R",49,"R",2,"R",0,"R",0
207351, 2,"R",1262,"R",257,"R",405,"R",600,"R",206,"R",49,"R",2,"R",0,"R",0
207351, 3,"R",1106,"R",209,"R",392,"R",505,"R",159,"R",48,"R",2,"R",0,"R",0
207351,11,"R",156,"R",48,"R",13,"R",95,"R",47,"R",1,"R",0,"R",0,"R",0
207388, 1,"R",24690,"R",1618,"R",8190,"R",14882,"R",1238,"R",327,"R",53,"R",0,"R",0
207388, 2,"R",20597,"R",803,"R",7562,"R",12232,"R",661,"R",93,"R",49,"R",0,"R",0
207388, 3,"R",20323,"R",714,"R",7557,"R",12052,"R",631,"R",81,"R",2,"R",0,"R",0
207388,11,"R",274,"R",89,"R",5,"R",180,"R",30,"R",12,"R",47,"R",0,"R",0
207388,12,"R",4093,"R",815,"R",628,"R",2650,"R",577,"R",234,"R",4,"R",0,"R",0
207397, 1,"R",5701,"R",1672,"R",2015,"R",2014,"R",1571,"R",101,"R",0,"R",0,"R",0
207397, 2,"R",5701,"R",1672,"R",2015,"R",2014,"R",1571,"R",101,"R",0,"R",0,"R",0
207397, 3,"R",5058,"R",1456,"R",1889,"R",1713,"R",1359,"R",97,"R",0,"R",0,"R",0
207397,11,"R",643,"R",216,"R",126,"R",301,"R",212,"R",4,"R",0,"R",0,"R",0
207403, 1,"R",2011,"R",103,"R",91,"R",1817,"R",76,"R",26,"R",1,"R",0,"R",0
207403, 2,"R",1886,"R",16,"R",87,"R",1783,"R",13,"R",3,"Z",0,"Z",0,"R",0
207403, 3,"R",1808,"R",15,"R",87,"R",1706,"R",12,"R",3,"Z",0,"Z",0,"R",0
207403,11,"R",78,"R",1,"R",0,"R",77,"R",1,"Z",0,"Z",0,"Z",0,"R",0
207403,12,"R",125,"R",87,"R",4,"R",34,"R",63,"R",23,"R",1,"R",0,"R",0
207449, 1,"R",12039,"R",1483,"R",3047,"R",7509,"R",410,"R",4,"R",1069,"R",0,"R",0
207449, 2,"R",12039,"R",1483,"R",3047,"R",7509,"R",410,"R",4,"R",1069,"R",0,"R",0
207449, 3,"R",10737,"R",1082,"R",2839,"R",6816,"R",388,"R",4,"R",690,"R",0,"R",0
207449,11,"R",1302,"R",401,"R",208,"R",693,"R",22,"R",0,"R",379,"R",0,"R",0
207458, 1,"R",2773,"R",30,"R",276,"R",2467,"R",20,"R",10,"R",0,"R",0,"R",0
207458, 2,"R",1709,"R",14,"R",196,"R",1499,"R",10,"R",4,"R",0,"R",0,"R",0
207458, 3,"R",1691,"R",14,"R",196,"R",1481,"R",10,"R",4,"R",0,"R",0,"R",0
207458,11,"R",18,"R",0,"R",0,"R",18,"A",,"A",,"A",,"A",,"A",
207458,12,"R",1064,"R",16,"R",80,"R",968,"R",10,"R",6,"R",0,"R",0,"R",0
207500, 1,"R",28564,"R",2379,"R",6868,"R",19317,"R",1395,"R",919,"R",62,"R",3,"R",0
207500, 2,"R",22152,"R",991,"R",6515,"R",14646,"R",732,"R",218,"R",41,"R",0,"R",0
207500, 3,"R",21675,"R",955,"R",6478,"R",14242,"R",696,"R",218,"R",41,"R",0,"R",0
207500,11,"R",477,"R",36,"R",37,"R",404,"R",36,"R",0,"R",0,"R",0,"R",0
207500,12,"R",6412,"R",1388,"R",353,"R",4671,"R",663,"R",701,"R",21,"R",3,"R",0
207564, 1,"R",2401,"R",371,"R",813,"R",1217,"R",363,"R",7,"R",1,"R",0,"R",0
207564, 2,"R",2401,"R",371,"R",813,"R",1217,"R",363,"R",7,"R",1,"R",0,"R",0
207564, 3,"R",2195,"R",317,"R",764,"R",1114,"R",309,"R",7,"R",1,"R",0,"R",0
207564,11,"R",206,"R",54,"R",49,"R",103,"R",54,"R",0,"R",0,"R",0,"R",0
207582, 1,"R",4053,"R",565,"Z",0,"R",3488,"R",135,"R",348,"R",12,"R",70,"R",0
207582, 2,"R",3529,"R",501,"Z",0,"R",3028,"R",110,"R",315,"R",10,"R",66,"R",0
207582, 3,"R",3159,"R",456,"Z",0,"R",2703,"R",108,"R",305,"R",4,"R",39,"R",0
207582,11,"R",370,"R",45,"Z",0,"R",325,"R",2,"R",10,"R",6,"R",27,"R",0
207582,12,"R",524,"R",64,"Z",0,"R",460,"R",25,"R",33,"R",2,"R",4,"R",0
207661, 1,"R",3633,"R",616,"R",1273,"R",1744,"R",597,"R",19,"R",0,"R",0,"R",0
207661, 2,"R",3607,"R",616,"R",1273,"R",1718,"R",597,"R",19,"R",0,"R",0,"R",0
207661, 3,"R",3162,"R",570,"R",1249,"R",1343,"R",551,"R",19,"R",0,"R",0,"R",0
207661,11,"R",445,"R",46,"R",24,"R",375,"R",46,"R",0,"R",0,"R",0,"R",0
207661,12,"R",26,"A",,"A",,"R",26,"A",,"A",,"A",,"A",,"A",
207670, 1,"R",7420,"R",1352,"R",1968,"R",4100,"R",1337,"R",15,"R",0,"R",0,"R",0
207670, 2,"R",7420,"R",1352,"R",1968,"R",4100,"R",1337,"R",15,"R",0,"R",0,"R",0
207670, 3,"R",5587,"R",934,"R",1839,"R",2814,"R",927,"R",7,"R",0,"R",0,"R",0
207670,11,"R",1833,"R",418,"R",129,"R",1286,"R",410,"R",8,"R",0,"R",0,"R",0
207704, 1,"R",73,"A",,"A",,"R",73,"A",,"A",,"A",,"A",,"A",
207704, 2,"R",73,"A",,"A",,"R",73,"A",,"A",,"A",,"A",,"A",
207722, 1,"R",852,"A",,"A",,"R",852,"A",,"A",,"A",,"A",,"A",
207722, 2,"R",852,"A",,"A",,"R",852,"A",,"A",,"A",,"A",,"A",
207722, 3,"R",817,"A",,"A",,"R",817,"A",,"A",,"A",,"A",,"A",
207722,11,"R",35,"A",,"A",,"R",35,"A",,"A",,"A",,"A",,"A",
207740, 1,"R",1602,"R",177,"R",480,"R",945,"R",175,"R",2,"R",0,"R",0,"R",0
207740, 2,"R",1602,"R",177,"R",480,"R",945,"R",175,"R",2,"R",0,"R",0,"R",0
207740, 3,"R",1228,"R",84,"R",449,"R",695,"R",83,"R",1,"R",0,"R",0,"R",0
207740,11,"R",374,"R",93,"R",31,"R",250,"R",92,"R",1,"R",0,"R",0,"R",0
207786, 1,"R",20,"A",,"A",,"R",20,"A",,"A",,"A",,"A",,"A",
207786, 2,"R",20,"A",,"A",,"R",20,"A",,"A",,"A",,"A",,"A",
207847, 1,"R",4542,"R",2114,"R",1352,"R",1076,"R",1325,"R",777,"R",12,"R",0,"R",0
207847, 2,"R",3144,"R",830,"R",1299,"R",1015,"R",701,"R",127,"R",2,"R",0,"R",0
207847, 3,"R",2960,"R",759,"R",1283,"R",918,"R",633,"R",124,"R",2,"R",0,"R",0
207847,11,"R",184,"R",71,"R",16,"R",97,"R",68,"R",3,"R",0,"R",0,"R",0
207847,12,"R",1398,"R",1284,"R",53,"R",61,"R",624,"R",650,"R",10,"R",0,"R",0
207856, 1,"R",598,"R",96,"R",172,"R",330,"R",48,"R",46,"R",1,"R",0,"R",1
207856, 2,"R",560,"R",85,"R",172,"R",303,"R",44,"R",39,"R",1,"R",0,"R",1
207856, 3,"R",556,"R",82,"R",172,"R",302,"R",41,"R",39,"R",1,"R",0,"R",1
207856,11,"R",4,"R",3,"R",0,"R",1,"R",3,"R",0,"Z",0,"Z",0,"R",0
207856,12,"R",38,"R",11,"Z",0,"R",27,"R",4,"R",7,"Z",0,"Z",0,"R",0
207865, 1,"R",5267,"R",1099,"R",1529,"R",2639,"R",1063,"R",36,"R",0,"R",0,"R",0
207865, 2,"R",4450,"R",772,"R",1402,"R",2276,"R",749,"R",23,"R",0,"R",0,"R",0
207865, 3,"R",4242,"R",647,"R",1384,"R",2211,"R",624,"R",23,"R",0,"R",0,"R",0
207865,11,"R",208,"R",125,"R",18,"R",65,"R",125,"R",0,"R",0,"R",0,"R",0
207865,12,"R",817,"R",327,"R",127,"R",363,"R",314,"R",13,"R",0,"R",0,"R",0
207935, 1,"R",16475,"R",2444,"R",4089,"R",9942,"R",2402,"R",41,"R",1,"R",0,"R",0
207935, 2,"R",16475,"R",2444,"R",4089,"R",9942,"R",2402,"R",41,"R",1,"R",0,"R",0
207935, 3,"R",13903,"R",1967,"R",3871,"R",8065,"R",1934,"R",32,"R",1,"R",0,"R",0
207935,11,"R",2572,"R",477,"R",218,"R",1877,"R",468,"R",9,"R",0,"R",0,"R",0
207962, 1,"R",753,"R",0,"R",54,"R",699,"A",,"A",,"A",,"A",,"A",
207962, 2,"R",753,"R",0,"R",54,"R",699,"A",,"A",,"A",,"A",,"A",
207962, 3,"R",753,"R",0,"R",54,"R",699,"A",,"A",,"A",,"A",,"A",
207971, 1,"R",4365,"R",120,"R",11,"R",4234,"R",45,"R",70,"R",5,"Z",0,"R",0
207971, 2,"R",3267,"R",0,"R",7,"R",3260,"A",,"A",,"A",,"A",,"A",
207971, 3,"R",3246,"R",0,"R",7,"R",3239,"A",,"A",,"A",,"A",,"A",
207971,11,"R",21,"R",0,"R",0,"R",21,"A",,"A",,"A",,"A",,"A",
207971,12,"R",1098,"R",120,"R",4,"R",974,"R",45,"R",70,"R",5,"Z",0,"R",0
208017, 1,"R",17,"A",,"A",,"R",17,"A",,"A",,"A",,"A",,"A",
208017, 2,"R",17,"A",,"A",,"R",17,"A",,"A",,"A",,"A",,"A",
208035, 1,"R",1278,"R",405,"R",390,"R",483,"R",384,"R",20,"R",1,"R",0,"R",0
208035, 2,"R",1278,"R",405,"R",390,"R",483,"R",384,"R",20,"R",1,"R",0,"R",0
208035, 3,"R",991,"R",245,"R",361,"R",385,"R",230,"R",15,"R",0,"R",0,"R",0
208035,11,"R",287,"R",160,"R",29,"R",98,"R",154,"R",5,"R",1,"R",0,"R",0
208044, 1,"R",19,"A",,"A",,"R",19,"A",,"A",,"A",,"A",,"A",
208044, 2,"R",19,"A",,"A",,"R",19,"A",,"A",,"A",,"A",,"A",
208053, 1,"R",307,"A",,"A",,"R",307,"A",,"A",,"A",,"A",,"A",
208053, 2,"R",307,"A",,"A",,"R",307,"A",,"A",,"A",,"A",,"A",
208053, 3,"R",71,"A",,"A",,"R",71,"A",,"A",,"A",,"A",,"A",
208053,11,"R",236,"A",,"A",,"R",236,"A",,"A",,"A",,"A",,"A",
208187, 1,"R",165,"A",,"A",,"R",165,"A",,"A",,"A",,"A",,"A",
208187, 2,"R",165,"A",,"A",,"R",165,"A",,"A",,"A",,"A",,"A",
208275, 1,"R",1681,"R",297,"R",551,"R",833,"R",290,"R",7,"Z",0,"Z",0,"R",0
208275, 2,"R",1681,"R",297,"R",551,"R",833,"R",290,"R",7,"Z",0,"Z",0,"R",0
208275, 3,"R",1330,"R",192,"R",521,"R",617,"R",186,"R",6,"Z",0,"Z",0,"R",0
208275,11,"R",351,"R",105,"R",30,"R",216,"R",104,"R",1,"Z",0,"Z",0,"R",0
208318, 1,"R",4872,"R",493,"R",1124,"R",3255,"R",471,"R",22,"R",0,"R",0,"R",0
208318, 2,"R",4872,"R",493,"R",1124,"R",3255,"R",471,"R",22,"R",0,"R",0,"R",0
208318, 3,"R",4564,"R",466,"R",1110,"R",2988,"R",444,"R",22,"R",0,"R",0,"R",0
208318,11,"R",308,"R",27,"R",14,"R",267,"R",27,"R",0,"R",0,"R",0,"R",0
208390, 1,"R",10151,"R",1904,"R",1726,"R",6521,"R",1723,"R",173,"Z",0,"R",3,"R",5
208390, 2,"R",10151,"R",1904,"R",1726,"R",6521,"R",1723,"R",173,"Z",0,"R",3,"R",5
208390, 3,"R",8514,"R",1545,"R",1633,"R",5336,"R",1408,"R",134,"Z",0,"R",1,"R",2
208390,11,"R",1637,"R",359,"R",93,"R",1185,"R",315,"R",39,"Z",0,"R",2,"R",3
208406, 1,"R",6064,"R",551,"R",1670,"R",3843,"R",527,"R",24,"Z",0,"Z",0,"R",0
208406, 2,"R",6064,"R",551,"R",1670,"R",3843,"R",527,"R",24,"Z",0,"Z",0,"R",0
208406, 3,"R",5187,"R",454,"R",1545,"R",3188,"R",436,"R",18,"Z",0,"Z",0,"R",0
208406,11,"R",877,"R",97,"R",125,"R",655,"R",91,"R",6,"Z",0,"Z",0,"R",0
208415, 1,"R",815,"R",44,"R",241,"R",530,"R",35,"R",9,"Z",0,"Z",0,"R",0
208415, 2,"R",815,"R",44,"R",241,"R",530,"R",35,"R",9,"Z",0,"Z",0,"R",0
208415, 3,"R",585,"R",32,"R",207,"R",346,"R",27,"R",5,"Z",0,"Z",0,"R",0
208415,11,"R",230,"R",12,"R",34,"R",184,"R",8,"R",4,"Z",0,"Z",0,"R",0
208433, 1,"R",63,"A",,"A",,"R",63,"A",,"A",,"A",,"A",,"A",
208433, 2,"R",63,"A",,"A",,"R",63,"A",,"A",,"A",,"A",,"A",
208479, 1,"R",446,"A",,"A",,"R",446,"A",,"A",,"A",,"A",,"A",
208479, 2,"R",446,"A",,"A",,"R",446,"A",,"A",,"A",,"A",,"A",
208479, 3,"R",446,"A",,"A",,"R",446,"A",,"A",,"A",,"A",,"A",
208488, 1,"R",5342,"R",3247,"R",1128,"R",967,"R",322,"R",2828,"R",20,"R",77,"R",0
208488, 2,"R",1501,"R",164,"R",742,"R",595,"R",101,"R",62,"R",1,"R",0,"R",0
208488, 3,"R",1468,"R",163,"R",741,"R",564,"R",100,"R",62,"R",1,"R",0,"R",0
208488,11,"R",33,"R",1,"R",1,"R",31,"R",1,"R",0,"R",0,"R",0,"R",0
208488,12,"R",3841,"R",3083,"R",386,"R",372,"R",221,"R",2766,"R",19,"R",77,"R",0
208512, 1,"R",321,"A",,"A",,"R",321,"A",,"A",,"A",,"A",,"A",
208512, 2,"R",321,"A",,"A",,"R",321,"A",,"A",,"A",,"A",,"A",
208512, 3,"R",321,"A",,"A",,"R",321,"A",,"A",,"A",,"A",,"A",
208637, 1,"R",297,"A",,"A",,"R",297,"A",,"A",,"A",,"A",,"A",
208637, 2,"R",297,"A",,"A",,"R",297,"A",,"A",,"A",,"A",,"A",
208646, 1,"R",2978,"R",1341,"R",646,"R",991,"R",992,"R",342,"Z",0,"R",7,"R",0
208646, 2,"R",2744,"R",1189,"R",628,"R",927,"R",866,"R",317,"Z",0,"R",6,"R",0
208646, 3,"R",2587,"R",1076,"R",618,"R",893,"R",765,"R",307,"Z",0,"R",4,"R",0
208646,11,"R",157,"R",113,"R",10,"R",34,"R",101,"R",10,"Z",0,"R",2,"R",0
208646,12,"R",234,"R",152,"R",18,"R",64,"R",126,"R",25,"Z",0,"R",1,"R",0
208725, 1,"R",92,"R",5,"R",0,"R",87,"R",2,"R",2,"Z",0,"R",1,"R",0
208725, 2,"R",92,"R",5,"R",0,"R",87,"R",2,"R",2,"Z",0,"R",1,"R",0
208725, 3,"R",92,"R",5,"R",0,"R",87,"R",2,"R",2,"Z",0,"R",1,"R",0
208822, 1,"R",3941,"R",322,"R",534,"R",3085,"R",194,"R",114,"R",1,"R",13,"R",0
208822, 2,"R",2671,"R",99,"R",232,"R",2340,"R",75,"R",24,"R",0,"R",0,"R",0
208822, 3,"R",2669,"R",99,"R",231,"R",2339,"R",75,"R",24,"R",0,"R",0,"R",0
208822,11,"R",2,"R",0,"R",1,"R",1,"A",,"A",,"A",,"A",,"A",
208822,12,"R",1270,"R",223,"R",302,"R",745,"R",119,"R",90,"R",1,"R",13,"R",0
208859, 1,"R",42,"A",,"A",,"R",42,"A",,"A",,"A",,"A",,"A",
208859, 2,"R",42,"A",,"A",,"R",42,"A",,"A",,"A",,"A",,"A",
209038, 1,"R",9029,"R",1082,"R",1983,"R",5964,"R",1023,"Z",0,"R",41,"Z",0,"R",18
209038, 2,"R",9029,"R",1082,"R",1983,"R",5964,"R",1023,"Z",0,"R",41,"Z",0,"R",18
209038, 3,"R",6607,"R",825,"R",1909,"R",3873,"R",790,"Z",0,"R",18,"Z",0,"R",17
209038,11,"R",2422,"R",257,"R",74,"R",2091,"R",233,"Z",0,"R",23,"Z",0,"R",1
209056, 1,"R",3355,"R",8,"R",0,"R",3347,"R",8,"Z",0,"Z",0,"Z",0,"R",0
209056, 2,"R",2046,"A",,"A",,"R",2046,"A",,"A",,"A",,"A",,"A",
209056, 3,"R",2011,"A",,"A",,"R",2011,"A",,"A",,"A",,"A",,"A",
209056,11,"R",35,"A",,"A",,"R",35,"A",,"A",,"A",,"A",,"A",
209056,12,"R",1309,"R",8,"R",0,"R",1301,"R",8,"Z",0,"Z",0,"Z",0,"R",0
209065, 1,"R",1376,"R",10,"R",267,"R",1099,"R",7,"R",3,"R",0,"R",0,"R",0
209065, 2,"R",1376,"R",10,"R",267,"R",1099,"R",7,"R",3,"R",0,"R",0,"R",0
209065, 3,"R",1343,"R",9,"R",267,"R",1067,"R",6,"R",3,"R",0,"R",0,"R",0
209065,11,"R",33,"R",1,"R",0,"R",32,"R",1,"R",0,"R",0,"R",0,"R",0
209074, 1,"R",5559,"R",178,"R",680,"R",4701,"R",174,"R",3,"R",0,"R",1,"R",0
209074, 2,"R",5559,"R",178,"R",680,"R",4701,"R",174,"R",3,"R",0,"R",1,"R",0
209074, 3,"R",5516,"R",171,"R",666,"R",4679,"R",167,"R",3,"R",0,"R",1,"R",0
209074,11,"R",43,"R",7,"R",14,"R",22,"R",7,"R",0,"R",0,"R",0,"R",0
209083, 1,"R",51,"A",,"A",,"R",51,"A",,"A",,"A",,"A",,"A",
209083, 2,"R",51,"A",,"A",,"R",51,"A",,"A",,"A",,"A",,"A",
209153, 1,"R",34,"A",,"A",,"R",34,"A",,"A",,"A",,"A",,"A",
209153, 2,"R",34,"A",,"A",,"R",34,"A",,"A",,"A",,"A",,"A",
209205, 1,"R",60,"A",,"A",,"R",60,"A",,"A",,"A",,"A",,"A",
209205, 2,"R",60,"A",,"A",,"R",60,"A",,"A",,"A",,"A",,"A",
209241, 1,"R",165,"A",,"A",,"R",165,"A",,"A",,"A",,"A",,"A",
209241, 2,"R",40,"A",,"A",,"R",40,"A",,"A",,"A",,"A",,"A",
209241, 3,"R",40,"A",,"A",,"R",40,"A",,"A",,"A",,"A",,"A",
209241,12,"R",125,"A",,"A",,"R",125,"A",,"A",,"A",,"A",,"A",
209250, 1,"R",8612,"R",643,"R",1353,"R",6616,"R",594,"R",49,"Z",0,"Z",0,"R",0
209250, 2,"R",8612,"R",643,"R",1353,"R",6616,"R",594,"R",49,"Z",0,"Z",0,"R",0
209250, 3,"R",5311,"R",622,"R",1253,"R",3436,"R",575,"R",47,"Z",0,"Z",0,"R",0
209250,11,"R",3301,"R",21,"R",100,"R",3180,"R",19,"R",2,"Z",0,"Z",0,"R",0
209287, 1,"R",695,"R",156,"R",113,"R",426,"R",65,"R",84,"R",1,"R",6,"R",0
209287, 2,"R",407,"R",72,"R",55,"R",280,"R",39,"R",32,"R",1,"R",0,"R",0
209287, 3,"R",403,"R",72,"R",55,"R",276,"R",39,"R",32,"R",1,"R",0,"R",0
209287,11,"R",4,"R",0,"R",0,"R",4,"A",,"A",,"A",,"A",,"A",
209287,12,"R",288,"R",84,"R",58,"R",146,"R",26,"R",52,"R",0,"R",6,"R",0
209296, 1,"R",564,"R",0,"R",43,"R",521,"A",,"A",,"A",,"A",,"A",
209296, 2,"R",32,"A",,"A",,"R",32,"A",,"A",,"A",,"A",,"A",
209296, 3,"R",32,"A",,"A",,"R",32,"A",,"A",,"A",,"A",,"A",
209296,12,"R",532,"R",0,"R",43,"R",489,"A",,"A",,"A",,"A",,"A",
209409, 1,"R",800,"R",371,"R",271,"R",158,"R",304,"R",67,"Z",0,"Z",0,"R",0
209409, 2,"R",593,"R",302,"R",214,"R",77,"R",255,"R",47,"Z",0,"Z",0,"R",0
209409, 3,"R",555,"R",267,"R",214,"R",74,"R",237,"R",30,"Z",0,"Z",0,"R",0
209409,11,"R",38,"R",35,"Z",0,"R",3,"R",18,"R",17,"Z",0,"Z",0,"R",0
209409,12,"R",207,"R",69,"R",57,"R",81,"R",49,"R",20,"Z",0,"Z",0,"R",0
209490, 1,"R",2999,"R",320,"R",339,"R",2340,"R",233,"R",79,"R",3,"R",5,"R",0
209490, 2,"R",782,"R",126,"R",1,"R",655,"R",116,"R",9,"R",1,"R",0,"R",0
209490, 3,"R",782,"R",126,"R",1,"R",655,"R",116,"R",9,"R",1,"R",0,"R",0
209490,12,"R",2217,"R",194,"R",338,"R",1685,"R",117,"R",70,"R",2,"R",5,"R",0
209506, 1,"R",5335,"R",759,"R",795,"R",3781,"R",357,"R",397,"R",0,"R",5,"R",0
209506, 2,"R",5206,"R",726,"R",769,"R",3711,"R",340,"R",381,"R",0,"R",5,"R",0
209506, 3,"R",3558,"R",594,"R",764,"R",2200,"R",266,"R",326,"R",0,"R",2,"R",0
209506,11,"R",1648,"R",132,"R",5,"R",1511,"R",74,"R",55,"R",0,"R",3,"R",0
209506,12,"R",129,"R",33,"R",26,"R",70,"R",17,"R",16,"R",0,"R",0,"R",0
209533, 1,"R",137,"R",3,"R",0,"R",134,"R",3,"R",0,"R",0,"R",0,"R",0
209533, 2,"R",103,"A",,"A",,"R",103,"A",,"A",,"A",,"A",,"A",
209533, 3,"R",103,"A",,"A",,"R",103,"A",,"A",,"A",,"A",,"A",
209533,12,"R",34,"R",3,"R",0,"R",31,"R",3,"R",0,"R",0,"R",0,"R",0
209542, 1,"R",30986,"R",6565,"R",6917,"R",17504,"R",2100,"R",4199,"R",0,"R",266,"R",0
209542, 2,"R",25699,"R",5306,"R",6539,"R",13854,"R",1624,"R",3456,"R",0,"R",226,"R",0
209542, 3,"R",24787,"R",4916,"R",6488,"R",13383,"R",1571,"R",3163,"R",0,"R",182,"R",0
209542,11,"R",912,"R",390,"R",51,"R",471,"R",53,"R",293,"R",0,"R",44,"R",0
209542,12,"R",5287,"R",1259,"R",378,"R",3650,"R",476,"R",743,"R",0,"R",40,"R",0
209551, 1,"R",22644,"R",219,"R",2926,"R",19499,"R",163,"R",49,"R",0,"R",7,"R",0
209551, 2,"R",19101,"R",110,"R",2775,"R",16216,"R",65,"R",38,"R",0,"R",7,"R",0
209551, 3,"R",18923,"R",107,"R",2773,"R",16043,"R",65,"R",35,"R",0,"R",7,"R",0
209551,11,"R",178,"R",3,"R",2,"R",173,"R",0,"R",3,"R",0,"R",0,"R",0
209551,12,"R",3543,"R",109,"R",151,"R",3283,"R",98,"R",11,"R",0,"R",0,"R",0
209603, 1,"R",574,"R",0,"R",14,"R",560,"A",,"A",,"A",,"A",,"A",
209603, 2,"R",463,"A",,"A",,"R",463,"A",,"A",,"A",,"A",,"A",
209603, 3,"R",448,"A",,"A",,"R",448,"A",,"A",,"A",,"A",,"A",
209603,11,"R",15,"A",,"A",,"R",15,"A",,"A",,"A",,"A",,"A",
209603,12,"R",111,"R",0,"R",14,"R",97,"A",,"A",,"A",,"A",,"A",
209612, 1,"R",3938,"R",101,"R",286,"R",3551,"R",53,"R",47,"R",1,"R",0,"R",0
209612, 2,"R",1894,"R",47,"R",75,"R",1772,"R",12,"R",35,"R",0,"R",0,"R",0
209612, 3,"R",1820,"R",0,"R",75,"R",1745,"A",,"A",,"A",,"A",,"A",
209612,11,"R",74,"R",47,"R",0,"R",27,"R",12,"R",35,"R",0,"R",0,"R",0
209612,12,"R",2044,"R",54,"R",211,"R",1779,"R",41,"R",12,"R",1,"R",0,"R",0
209667, 1,"R",48,"A",,"A",,"R",48,"A",,"A",,"A",,"A",,"A",
209667, 2,"R",48,"A",,"A",,"R",48,"A",,"A",,"A",,"A",,"A",
209676, 1,"R",87,"A",,"A",,"R",87,"A",,"A",,"A",,"A",,"A",
209676, 2,"R",87,"A",,"A",,"R",87,"A",,"A",,"A",,"A",,"A",
209694, 1,"R",32,"A",,"A",,"R",32,"A",,"A",,"A",,"A",,"A",
209694, 2,"R",32,"A",,"A",,"R",32,"A",,"A",,"A",,"A",,"A",
209700, 1,"R",163,"A",,"A",,"R",163,"A",,"A",,"A",,"A",,"A",
209700, 2,"R",163,"A",,"A",,"R",163,"A",,"A",,"A",,"A",,"A",
209719, 1,"R",56,"A",,"A",,"R",56,"A",,"A",,"A",,"A",,"A",
209719, 2,"R",56,"A",,"A",,"R",56,"A",,"A",,"A",,"A",,"A",
209746, 1,"R",27046,"R",5064,"R",6070,"R",15912,"R",4705,"R",328,"R",0,"R",29,"R",2
209746, 2,"R",27046,"R",5064,"R",6070,"R",15912,"R",4705,"R",328,"R",0,"R",29,"R",2
209746, 3,"R",24404,"R",4675,"R",5903,"R",13826,"R",4335,"R",310,"R",0,"R",29,"R",1
209746,11,"R",2642,"R",389,"R",167,"R",2086,"R",370,"R",18,"R",0,"R",0,"R",1
209807, 1,"R",25711,"R",2112,"R",6409,"R",17190,"R",1685,"R",396,"R",11,"Z",0,"R",20
209807, 2,"R",20357,"R",1505,"R",6034,"R",12818,"R",1271,"R",214,"R",7,"Z",0,"R",13
209807, 3,"R",18541,"R",1449,"R",6001,"R",11091,"R",1226,"R",207,"R",7,"Z",0,"R",9
209807,11,"R",1816,"R",56,"R",33,"R",1727,"R",45,"R",7,"Z",0,"Z",0,"R",4
209807,12,"R",5354,"R",607,"R",375,"R",4372,"R",414,"R",182,"R",4,"Z",0,"R",7
209825, 1,"R",4280,"R",0,"R",14,"R",4266,"A",,"A",,"A",,"A",,"A",
209825, 2,"R",3787,"A",,"A",,"R",3787,"A",,"A",,"A",,"A",,"A",
209825, 3,"R",3757,"A",,"A",,"R",3757,"A",,"A",,"A",,"A",,"A",
209825,11,"R",30,"A",,"A",,"R",30,"A",,"A",,"A",,"A",,"A",
209825,12,"R",493,"R",0,"R",14,"R",479,"A",,"A",,"A",,"A",,"A",
209922, 1,"R",1503,"A",,"A",,"R",1503,"A",,"A",,"A",,"A",,"A",
209922, 2,"R",1483,"A",,"A",,"R",1483,"A",,"A",,"A",,"A",,"A",
209922, 3,"R",1456,"A",,"A",,"R",1456,"A",,"A",,"A",,"A",,"A",
209922,11,"R",27,"A",,"A",,"R",27,"A",,"A",,"A",,"A",,"A",
209922,12,"R",20,"A",,"A",,"R",20,"A",,"A",,"A",,"A",,"A",
209940, 1,"R",4842,"R",700,"R",1317,"R",2825,"R",670,"R",30,"R",0,"R",0,"R",0
209940, 2,"R",4842,"R",700,"R",1317,"R",2825,"R",670,"R",30,"R",0,"R",0,"R",0
209940, 3,"R",4216,"R",647,"R",1263,"R",2306,"R",620,"R",27,"R",0,"R",0,"R",0
209940,11,"R",626,"R",53,"R",54,"R",519,"R",50,"R",3,"R",0,"R",0,"R",0
210076, 1,"R",892,"Z",0,"R",11,"R",881,"A",,"A",,"A",,"A",,"A",
210076, 2,"R",892,"Z",0,"R",11,"R",881,"A",,"A",,"A",,"A",,"A",
210076, 3,"R",892,"Z",0,"R",11,"R",881,"A",,"A",,"A",,"A",,"A",
210146, 1,"R",6278,"R",440,"R",1147,"R",4691,"R",341,"R",98,"R",1,"R",0,"R",0
210146, 2,"R",5362,"R",327,"R",1115,"R",3920,"R",252,"R",74,"R",1,"R",0,"R",0
210146, 3,"R",4048,"R",309,"R",1107,"R",2632,"R",235,"R",73,"R",1,"R",0,"R",0
210146,11,"R",1314,"R",18,"R",8,"R",1288,"R",17,"R",1,"R",0,"R",0,"R",0
210146,12,"R",916,"R",113,"R",32,"R",771,"R",89,"R",24,"R",0,"R",0,"R",0
210155, 1,"R",2157,"R",274,"R",917,"R",966,"R",244,"R",23,"R",7,"R",0,"R",0
210155, 2,"R",2157,"R",274,"R",917,"R",966,"R",244,"R",23,"R",7,"R",0,"R",0
210155, 3,"R",1391,"R",230,"R",753,"R",408,"R",208,"R",18,"R",4,"R",0,"R",0
210155,11,"R",766,"R",44,"R",164,"R",558,"R",36,"R",5,"R",3,"R",0,"R",0
210234, 1,"R",1866,"R",260,"R",677,"R",929,"R",122,"R",138,"R",0,"R",0,"R",0
210234, 2,"R",1866,"R",260,"R",677,"R",929,"R",122,"R",138,"R",0,"R",0,"R",0
210234, 3,"R",1350,"R",217,"R",638,"R",495,"R",93,"R",124,"R",0,"R",0,"R",0
210234,11,"R",516,"R",43,"R",39,"R",434,"R",29,"R",14,"R",0,"R",0,"R",0
210270, 1,"R",2703,"R",784,"R",664,"R",1255,"R",419,"R",365,"Z",0,"Z",0,"R",0
210270, 2,"R",2703,"R",784,"R",664,"R",1255,"R",419,"R",365,"Z",0,"Z",0,"R",0
210270, 3,"R",2255,"R",687,"R",633,"R",935,"R",325,"R",362,"Z",0,"Z",0,"R",0
210270,11,"R",448,"R",97,"R",31,"R",320,"R",94,"R",3,"Z",0,"Z",0,"R",0
210304, 1,"R",368,"R",0,"R",14,"R",354,"A",,"A",,"A",,"A",,"A",
210304, 2,"R",364,"R",0,"R",14,"R",350,"A",,"A",,"A",,"A",,"A",
210304, 3,"R",363,"R",0,"R",14,"R",349,"A",,"A",,"A",,"A",,"A",
210304,11,"R",1,"R",0,"R",0,"R",1,"A",,"A",,"A",,"A",,"A",
210304,12,"R",4,"R",0,"R",0,"R",4,"A",,"A",,"A",,"A",,"A",
210331, 1,"R",1183,"R",139,"R",98,"R",946,"R",108,"R",28,"Z",0,"R",1,"R",2
210331, 2,"R",1048,"R",103,"R",51,"R",894,"R",84,"R",19,"Z",0,"Z",0,"R",0
210331, 3,"R",970,"R",47,"R",51,"R",872,"R",32,"R",15,"Z",0,"Z",0,"R",0
210331,11,"R",78,"R",56,"R",0,"R",22,"R",52,"R",4,"Z",0,"Z",0,"R",0
210331,12,"R",135,"R",36,"R",47,"R",52,"R",24,"R",9,"Z",0,"R",1,"R",2
210340, 1,"R",56,"A",,"A",,"R",56,"A",,"A",,"A",,"A",,"A",
210340, 2,"R",56,"A",,"A",,"R",56,"A",,"A",,"A",,"A",,"A",
210368, 1,"R",704,"R",181,"R",134,"R",389,"R",31,"R",141,"R",0,"R",9,"R",0
210368,12,"R",704,"R",181,"R",134,"R",389,"R",31,"R",141,"R",0,"R",9,"R",0
210401, 1,"R",2363,"A",,"A",,"R",2363,"A",,"A",,"A",,"A",,"A",
210401, 2,"R",1808,"A",,"A",,"R",1808,"A",,"A",,"A",,"A",,"A",
210401, 3,"R",1623,"A",,"A",,"R",1623,"A",,"A",,"A",,"A",,"A",
210401,11,"R",185,"A",,"A",,"R",185,"A",,"A",,"A",,"A",,"A",
210401,12,"R",555,"A",,"A",,"R",555,"A",,"A",,"A",,"A",,"A",
210429, 1,"R",5185,"R",261,"R",1155,"R",3769,"R",203,"R",55,"R",0,"R",3,"R",0
210429, 2,"R",4576,"R",106,"R",1107,"R",3363,"R",93,"R",13,"R",0,"R",0,"R",0
210429, 3,"R",4552,"R",102,"R",1107,"R",3343,"R",89,"R",13,"R",0,"R",0,"R",0
210429,11,"R",24,"R",4,"R",0,"R",20,"R",4,"R",0,"R",0,"R",0,"R",0
210429,12,"R",609,"R",155,"R",48,"R",406,"R",110,"R",42,"R",0,"R",3,"R",0
210438, 1,"R",1076,"R",529,"Z",0,"R",547,"R",38,"R",458,"R",0,"R",33,"R",0
210438, 2,"R",42,"R",42,"Z",0,"R",0,"R",6,"R",29,"R",0,"R",7,"R",0
210438,11,"R",42,"R",42,"Z",0,"R",0,"R",6,"R",29,"R",0,"R",7,"R",0
210438,12,"R",1034,"R",487,"Z",0,"R",547,"R",32,"R",429,"R",0,"R",26,"R",0
210474, 1,"R",63,"A",,"A",,"R",63,"A",,"A",,"A",,"A",,"A",
210474, 2,"R",63,"A",,"A",,"R",63,"A",,"A",,"A",,"A",,"A",
210492, 1,"R",305,"A",,"A",,"R",305,"A",,"A",,"A",,"A",,"A",
210492, 2,"R",296,"A",,"A",,"R",296,"A",,"A",,"A",,"A",,"A",
210492, 3,"R",294,"A",,"A",,"R",294,"A",,"A",,"A",,"A",,"A",
210492,11,"R",2,"A",,"A",,"R",2,"A",,"A",,"A",,"A",,"A",
210492,12,"R",9,"A",,"A",,"R",9,"A",,"A",,"A",,"A",,"A",
210508, 1,"R",27,"A",,"A",,"R",27,"A",,"A",,"A",,"A",,"A",
210508,12,"R",27,"A",,"A",,"R",27,"A",,"A",,"A",,"A",,"A",
210571, 1,"R",1934,"R",30,"R",29,"R",1875,"R",29,"R",1,"R",0,"R",0,"R",0
210571, 2,"R",1912,"R",30,"R",29,"R",1853,"R",29,"R",1,"R",0,"R",0,"R",0
210571, 3,"R",1897,"R",30,"R",29,"R",1838,"R",29,"R",1,"R",0,"R",0,"R",0
210571,11,"R",15,"R",0,"R",0,"R",15,"A",,"A",,"A",,"A",,"A",
210571,12,"R",22,"R",0,"R",0,"R",22,"A",,"A",,"A",,"A",,"A",
210599, 1,"R",316,"A",,"A",,"R",316,"A",,"A",,"A",,"A",,"A",
210599, 2,"R",316,"A",,"A",,"R",316,"A",,"A",,"A",,"A",,"A",
210605, 1,"R",16086,"R",2455,"R",3315,"R",10316,"R",2425,"R",30,"R",0,"R",0,"R",0
210605, 2,"R",16086,"R",2455,"R",3315,"R",10316,"R",2425,"R",30,"R",0,"R",0,"R",0
210605, 3,"R",14497,"R",2069,"R",3182,"R",9246,"R",2050,"R",19,"R",0,"R",0,"R",0
210605,11,"R",1589,"R",386,"R",133,"R",1070,"R",375,"R",11,"R",0,"R",0,"R",0
210669, 1,"R",1771,"A",,"A",,"R",1771,"A",,"A",,"A",,"A",,"A",
210669, 2,"R",1771,"A",,"A",,"R",1771,"A",,"A",,"A",,"A",,"A",
210669, 3,"R",1735,"A",,"A",,"R",1735,"A",,"A",,"A",,"A",,"A",
210669,11,"R",36,"A",,"A",,"R",36,"A",,"A",,"A",,"A",,"A",
210711, 1,"R",31,"A",,"A",,"R",31,"A",,"A",,"A",,"A",,"A",
210711, 2,"R",31,"A",,"A",,"R",31,"A",,"A",,"A",,"A",,"A",
210739, 1,"R",3438,"R",602,"R",484,"R",2352,"R",545,"R",57,"R",0,"R",0,"R",0
210739, 2,"R",2499,"R",312,"R",410,"R",1777,"R",287,"R",25,"R",0,"R",0,"R",0
210739, 3,"R",2449,"R",305,"R",409,"R",1735,"R",281,"R",24,"R",0,"R",0,"R",0
210739,11,"R",50,"R",7,"R",1,"R",42,"R",6,"R",1,"R",0,"R",0,"R",0
210739,12,"R",939,"R",290,"R",74,"R",575,"R",258,"R",32,"R",0,"R",0,"R",0
210748, 1,"R",40,"A",,"A",,"R",40,"A",,"A",,"A",,"A",,"A",
210748, 2,"R",40,"A",,"A",,"R",40,"A",,"A",,"A",,"A",,"A",
210775, 1,"R",2792,"R",364,"R",368,"R",2060,"R",345,"R",17,"R",1,"Z",0,"R",1
210775, 2,"R",2196,"R",237,"R",294,"R",1665,"R",227,"R",10,"Z",0,"Z",0,"R",0
210775, 3,"R",2176,"R",231,"R",294,"R",1651,"R",223,"R",8,"Z",0,"Z",0,"R",0
210775,11,"R",20,"R",6,"R",0,"R",14,"R",4,"R",2,"Z",0,"Z",0,"R",0
210775,12,"R",596,"R",127,"R",74,"R",395,"R",118,"R",7,"R",1,"Z",0,"R",1
210784, 1,"R",104,"A",,"A",,"R",104,"A",,"A",,"A",,"A",,"A",
210784, 2,"R",104,"A",,"A",,"R",104,"A",,"A",,"A",,"A",,"A",
210809, 1,"R",9594,"R",9530,"R",64,"R",0,"R",578,"R",8952,"R",0,"R",0,"R",0
210809, 2,"R",9121,"R",9121,"R",0,"R",0,"R",543,"R",8578,"R",0,"R",0,"R",0
210809, 3,"R",9121,"R",9121,"R",0,"R",0,"R",543,"R",8578,"R",0,"R",0,"R",0
210809,12,"R",473,"R",409,"R",64,"R",0,"R",35,"R",374,"R",0,"R",0,"R",0
211006, 1,"R",290,"A",,"A",,"R",290,"A",,"A",,"A",,"A",,"A",
211006, 2,"R",290,"A",,"A",,"R",290,"A",,"A",,"A",,"A",,"A",
211024, 1,"R",768,"R",86,"R",175,"R",507,"R",46,"R",40,"Z",0,"Z",0,"R",0
211024, 2,"R",531,"R",37,"R",23,"R",471,"R",20,"R",17,"Z",0,"Z",0,"R",0
211024, 3,"R",531,"R",37,"R",23,"R",471,"R",20,"R",17,"Z",0,"Z",0,"R",0
211024,12,"R",237,"R",49,"R",152,"R",36,"R",26,"R",23,"Z",0,"Z",0,"R",0
211079, 1,"R",2254,"R",165,"R",606,"R",1483,"R",163,"R",2,"Z",0,"Z",0,"R",0
211079, 2,"R",2254,"R",165,"R",606,"R",1483,"R",163,"R",2,"Z",0,"Z",0,"R",0
211079, 3,"R",1634,"R",146,"R",594,"R",894,"R",145,"R",1,"Z",0,"Z",0,"R",0
211079,11,"R",620,"R",19,"R",12,"R",589,"R",18,"R",1,"Z",0,"Z",0,"R",0
211088, 1,"R",3662,"R",637,"R",508,"R",2517,"R",163,"R",289,"R",0,"R",185,"R",0
211088, 2,"R",2160,"R",7,"R",387,"R",1766,"R",5,"R",2,"R",0,"R",0,"R",0
211088, 3,"R",2003,"R",4,"R",387,"R",1612,"R",2,"R",2,"R",0,"R",0,"R",0
211088,11,"R",157,"R",3,"R",0,"R",154,"R",3,"R",0,"R",0,"R",0,"R",0
211088,12,"R",1502,"R",630,"R",121,"R",751,"R",158,"R",287,"R",0,"R",185,"R",0
211130, 1,"R",204,"R",4,"R",13,"R",187,"R",3,"R",1,"Z",0,"Z",0,"R",0
211130,12,"R",204,"R",4,"R",13,"R",187,"R",3,"R",1,"Z",0,"Z",0,"R",0
211149, 1,"R",115,"A",,"A",,"R",115,"A",,"A",,"A",,"A",,"A",
211149, 2,"R",115,"A",,"A",,"R",115,"A",,"A",,"A",,"A",,"A",
211149, 3,"R",115,"A",,"A",,"R",115,"A",,"A",,"A",,"A",,"A",
211158, 1,"R",8909,"R",239,"R",1215,"R",7455,"R",231,"R",8,"R",0,"R",0,"R",0
211158, 2,"R",8238,"R",77,"R",1051,"R",7110,"R",74,"R",3,"R",0,"R",0,"R",0
211158, 3,"R",7920,"R",74,"R",1044,"R",6802,"R",72,"R",2,"R",0,"R",0,"R",0
211158,11,"R",318,"R",3,"R",7,"R",308,"R",2,"R",1,"R",0,"R",0,"R",0
211158,12,"R",671,"R",162,"R",164,"R",345,"R",157,"R",5,"R",0,"R",0,"R",0
211273, 1,"R",1690,"A",,"A",,"R",1690,"A",,"A",,"A",,"A",,"A",
211273, 2,"R",1360,"A",,"A",,"R",1360,"A",,"A",,"A",,"A",,"A",
211273, 3,"R",1353,"A",,"A",,"R",1353,"A",,"A",,"A",,"A",,"A",
211273,11,"R",7,"A",,"A",,"R",7,"A",,"A",,"A",,"A",,"A",
211273,12,"R",330,"A",,"A",,"R",330,"A",,"A",,"A",,"A",,"A",
211291, 1,"R",3668,"A",,"A",,"R",3668,"A",,"A",,"A",,"A",,"A",
211291, 2,"R",3597,"A",,"A",,"R",3597,"A",,"A",,"A",,"A",,"A",
211291, 3,"R",3583,"A",,"A",,"R",3583,"A",,"A",,"A",,"A",,"A",
211291,11,"R",14,"A",,"A",,"R",14,"A",,"A",,"A",,"A",,"A",
211291,12,"R",71,"A",,"A",,"R",71,"A",,"A",,"A",,"A",,"A",
211307, 1,"R",7761,"R",1306,"R",1951,"R",4504,"R",1264,"R",41,"R",1,"R",0,"R",0
211307, 2,"R",7761,"R",1306,"R",1951,"R",4504,"R",1264,"R",41,"R",1,"R",0,"R",0
211307, 3,"R",7104,"R",1174,"R",1914,"R",4016,"R",1136,"R",37,"R",1,"R",0,"R",0
211307,11,"R",657,"R",132,"R",37,"R",488,"R",128,"R",4,"R",0,"R",0,"R",0
211316, 1,"R",67,"A",,"A",,"R",67,"A",,"A",,"A",,"A",,"A",
211316, 2,"R",67,"A",,"A",,"R",67,"A",,"A",,"A",,"A",,"A",
211334, 1,"R",26,"A",,"A",,"R",26,"A",,"A",,"A",,"A",,"A",
211334, 2,"R",26,"A",,"A",,"R",26,"A",,"A",,"A",,"A",,"A",
211343, 1,"R",3305,"R",131,"R",800,"R",2374,"R",129,"R",2,"R",0,"R",0,"R",0
211343, 2,"R",3305,"R",131,"R",800,"R",2374,"R",129,"R",2,"R",0,"R",0,"R",0
211343, 3,"R",2780,"R",99,"R",776,"R",1905,"R",98,"R",1,"R",0,"R",0,"R",0
211343,11,"R",525,"R",32,"R",24,"R",469,"R",31,"R",1,"R",0,"R",0,"R",0
211352, 1,"R",2283,"R",34,"R",1120,"R",1129,"R",26,"R",8,"Z",0,"Z",0,"R",0
211352, 2,"R",1707,"R",0,"R",888,"R",819,"A",,"A",,"A",,"A",,"A",
211352, 3,"R",1555,"R",0,"R",888,"R",667,"A",,"A",,"A",,"A",,"A",
211352,11,"R",152,"R",0,"R",0,"R",152,"A",,"A",,"A",,"A",,"A",
211352,12,"R",576,"R",34,"R",232,"R",310,"R",26,"R",8,"Z",0,"Z",0,"R",0
211361, 1,"R",7310,"R",2965,"R",1787,"R",2558,"R",2042,"R",901,"R",12,"R",10,"R",0
211361, 2,"R",5172,"R",1257,"R",1620,"R",2295,"R",958,"R",286,"R",4,"R",9,"R",0
211361, 3,"R",5063,"R",1172,"R",1615,"R",2276,"R",882,"R",277,"R",4,"R",9,"R",0
211361,11,"R",109,"R",85,"R",5,"R",19,"R",76,"R",9,"R",0,"R",0,"R",0
211361,12,"R",2138,"R",1708,"R",167,"R",263,"R",1084,"R",615,"R",8,"R",1,"R",0
211431, 1,"R",2076,"R",327,"R",632,"R",1117,"R",295,"R",32,"R",0,"R",0,"R",0
211431, 2,"R",1333,"R",135,"R",520,"R",678,"R",129,"R",6,"R",0,"R",0,"R",0
211431, 3,"R",1314,"R",134,"R",520,"R",660,"R",128,"R",6,"R",0,"R",0,"R",0
211431,11,"R",19,"R",1,"R",0,"R",18,"R",1,"R",0,"R",0,"R",0,"R",0
211431,12,"R",743,"R",192,"R",112,"R",439,"R",166,"R",26,"R",0,"R",0,"R",0
211440, 1,"R",14029,"R",27,"R",1297,"R",12705,"R",3,"R",14,"R",0,"R",10,"R",0
211440, 2,"R",6589,"R",5,"R",469,"R",6115,"R",3,"R",0,"R",0,"R",2,"R",0
211440, 3,"R",6483,"R",0,"R",469,"R",6014,"A",,"A",,"A",,"A",,"A",
211440,11,"R",106,"R",5,"R",0,"R",101,"R",3,"R",0,"R",0,"R",2,"R",0
211440,12,"R",7440,"R",22,"R",828,"R",6590,"R",0,"R",14,"R",0,"R",8,"R",0
211468, 1,"R",1596,"R",172,"R",557,"R",867,"R",148,"R",18,"R",6,"Z",0,"R",0
211468, 2,"R",1323,"R",64,"R",470,"R",789,"R",59,"R",5,"Z",0,"Z",0,"R",0
211468, 3,"R",1303,"R",63,"R",466,"R",774,"R",58,"R",5,"Z",0,"Z",0,"R",0
211468,11,"R",20,"R",1,"R",4,"R",15,"R",1,"Z",0,"Z",0,"Z",0,"R",0
211468,12,"R",273,"R",108,"R",87,"R",78,"R",89,"R",13,"R",6,"Z",0,"R",0
211477, 1,"R",1047,"R",501,"R",336,"R",210,"R",468,"R",33,"R",0,"R",0,"R",0
211477, 2,"R",1023,"R",487,"R",326,"R",210,"R",454,"R",33,"R",0,"R",0,"R",0
211477, 3,"R",1020,"R",486,"R",326,"R",208,"R",453,"R",33,"R",0,"R",0,"R",0
211477,11,"R",3,"R",1,"R",0,"R",2,"R",1,"R",0,"R",0,"R",0,"R",0
211477,12,"R",24,"R",14,"R",10,"R",0,"R",14,"R",0,"R",0,"R",0,"R",0
211556, 1,"R",2384,"R",335,"R",621,"R",1428,"R",163,"R",171,"R",0,"R",1,"R",0
211556, 2,"R",1298,"R",57,"R",391,"R",850,"R",54,"R",3,"R",0,"R",0,"R",0
211556, 3,"R",1047,"R",55,"R",387,"R",605,"R",53,"R",2,"R",0,"R",0,"R",0
211556,11,"R",251,"R",2,"R",4,"R",245,"R",1,"R",1,"R",0,"R",0,"R",0
211556,12,"R",1086,"R",278,"R",230,"R",578,"R",109,"R",168,"R",0,"R",1,"R",0
211583, 1,"R",1794,"R",17,"R",60,"R",1717,"Z",0,"Z",0,"Z",0,"R",17,"R",0
211583, 2,"R",1322,"R",17,"R",54,"R",1251,"Z",0,"Z",0,"Z",0,"R",17,"R",0
211583, 3,"R",1284,"R",0,"R",54,"R",1230,"A",,"A",,"A",,"A",,"A",
211583,11,"R",38,"R",17,"R",0,"R",21,"Z",0,"Z",0,"Z",0,"R",17,"R",0
211583,12,"R",472,"R",0,"R",6,"R",466,"A",,"A",,"A",,"A",,"A",
211608, 1,"R",466,"R",11,"R",171,"R",284,"R",9,"R",0,"R",0,"R",0,"R",2
211608, 2,"R",466,"R",11,"R",171,"R",284,"R",9,"R",0,"R",0,"R",0,"R",2
211608, 3,"R",466,"R",11,"R",171,"R",284,"R",9,"R",0,"R",0,"R",0,"R",2
211635, 1,"R",165,"A",,"A",,"R",165,"A",,"A",,"A",,"A",,"A",
211635, 2,"R",165,"A",,"A",,"R",165,"A",,"A",,"A",,"A",,"A",
211644, 1,"R",4864,"R",1503,"R",1195,"R",2166,"R",1176,"R",320,"R",1,"R",6,"R",0
211644, 2,"R",3937,"R",763,"R",1133,"R",2041,"R",674,"R",87,"R",0,"R",2,"R",0
211644, 3,"R",3849,"R",712,"R",1132,"R",2005,"R",623,"R",87,"R",0,"R",2,"R",0
211644,11,"R",88,"R",51,"R",1,"R",36,"R",51,"R",0,"R",0,"R",0,"R",0
211644,12,"R",927,"R",740,"R",62,"R",125,"R",502,"R",233,"R",1,"R",4,"R",0
211802, 1,"R",212,"A",,"A",,"R",212,"A",,"A",,"A",,"A",,"A",
211802, 2,"R",212,"A",,"A",,"R",212,"A",,"A",,"A",,"A",,"A",
211893, 1,"R",171,"A",,"A",,"R",171,"A",,"A",,"A",,"A",,"A",
211893, 2,"R",130,"A",,"A",,"R",130,"A",,"A",,"A",,"A",,"A",
211893, 3,"R",130,"A",,"A",,"R",130,"A",,"A",,"A",,"A",,"A",
211893,12,"R",41,"A",,"A",,"R",41,"A",,"A",,"A",,"A",,"A",
211909, 1,"R",146,"A",,"A",,"R",146,"A",,"A",,"A",,"A",,"A",
211909, 2,"R",146,"A",,"A",,"R",146,"A",,"A",,"A",,"A",,"A",
211909, 3,"R",146,"A",,"A",,"R",146,"A",,"A",,"A",,"A",,"A",
211927, 1,"R",11314,"R",1655,"R",2375,"R",7284,"R",1607,"R",36,"R",12,"Z",0,"R",0
211927, 2,"R",11314,"R",1655,"R",2375,"R",7284,"R",1607,"R",36,"R",12,"Z",0,"R",0
211927, 3,"R",11314,"R",1655,"R",2375,"R",7284,"R",1607,"R",36,"R",12,"Z",0,"R",0
211981, 1,"R",2428,"R",110,"R",467,"R",1851,"R",99,"R",11,"R",0,"R",0,"R",0
211981, 2,"R",1982,"R",59,"R",451,"R",1472,"R",57,"R",2,"R",0,"R",0,"R",0
211981, 3,"R",1884,"R",52,"R",449,"R",1383,"R",50,"R",2,"R",0,"R",0,"R",0
211981,11,"R",98,"R",7,"R",2,"R",89,"R",7,"R",0,"R",0,"R",0,"R",0
211981,12,"R",446,"R",51,"R",16,"R",379,"R",42,"R",9,"R",0,"R",0,"R",0
212009, 1,"R",2399,"A",,"A",,"R",2399,"A",,"A",,"A",,"A",,"A",
212009, 2,"R",2399,"A",,"A",,"R",2399,"A",,"A",,"A",,"A",,"A",
212009, 3,"R",2353,"A",,"A",,"R",2353,"A",,"A",,"A",,"A",,"A",
212009,11,"R",46,"A",,"A",,"R",46,"A",,"A",,"A",,"A",,"A",
212018, 1,"R",211,"R",0,"R",17,"R",194,"A",,"A",,"A",,"A",,"A",
212018,12,"R",211,"R",0,"R",17,"R",194,"A",,"A",,"A",,"A",,"A",
212045, 1,"R",213,"R",0,"R",159,"R",54,"A",,"A",,"A",,"A",,"A",
212045, 2,"R",213,"R",0,"R",159,"R",54,"A",,"A",,"A",,"A",,"A",
212045, 3,"R",213,"R",0,"R",159,"R",54,"A",,"A",,"A",,"A",,"A",
212054, 1,"R",24634,"R",1437,"R",1528,"R",21669,"R",670,"R",759,"R",8,"Z",0,"R",0
212054, 2,"R",15724,"R",559,"R",1364,"R",13801,"R",280,"R",272,"R",7,"Z",0,"R",0
212054, 3,"R",15557,"R",556,"R",1361,"R",13640,"R",279,"R",270,"R",7,"Z",0,"R",0
212054,11,"R",167,"R",3,"R",3,"R",161,"R",1,"R",2,"R",0,"Z",0,"R",0
212054,12,"R",8910,"R",878,"R",164,"R",7868,"R",390,"R",487,"R",1,"Z",0,"R",0
212106, 1,"R",9274,"R",564,"R",1144,"R",7566,"R",396,"R",161,"R",1,"R",6,"R",0
212106, 2,"R",6013,"R",64,"R",807,"R",5142,"R",54,"R",10,"R",0,"R",0,"R",0
212106, 3,"R",6008,"R",64,"R",807,"R",5137,"R",54,"R",10,"R",0,"R",0,"R",0
212106,11,"R",5,"R",0,"R",0,"R",5,"A",,"A",,"A",,"A",,"A",
212106,12,"R",3261,"R",500,"R",337,"R",2424,"R",342,"R",151,"R",1,"R",6,"R",0
212115, 1,"R",6412,"R",186,"R",819,"R",5407,"R",168,"R",16,"R",2,"R",0,"R",0
212115, 2,"R",5700,"R",17,"R",712,"R",4971,"R",15,"R",2,"R",0,"R",0,"R",0
212115, 3,"R",5599,"R",14,"R",710,"R",4875,"R",12,"R",2,"R",0,"R",0,"R",0
212115,11,"R",101,"R",3,"R",2,"R",96,"R",3,"R",0,"R",0,"R",0,"R",0
212115,12,"R",712,"R",169,"R",107,"R",436,"R",153,"R",14,"R",2,"R",0,"R",0
212133, 1,"R",3256,"R",776,"R",344,"R",2136,"R",592,"R",125,"R",1,"R",58,"R",0
212133, 2,"R",1885,"R",162,"R",184,"R",1539,"R",134,"R",27,"R",1,"R",0,"R",0
212133, 3,"R",1844,"R",162,"R",184,"R",1498,"R",134,"R",27,"R",1,"R",0,"R",0
212133,11,"R",41,"R",0,"R",0,"R",41,"A",,"A",,"A",,"A",,"A",
212133,12,"R",1371,"R",614,"R",160,"R",597,"R",458,"R",98,"R",0,"R",58,"R",0
212160, 1,"R",4834,"R",949,"R",783,"R",3102,"R",720,"R",225,"R",0,"R",4,"R",0
212160, 2,"R",3572,"R",43,"R",572,"R",2957,"R",36,"R",6,"R",0,"R",1,"R",0
212160, 3,"R",3498,"R",34,"R",569,"R",2895,"R",27,"R",6,"R",0,"R",1,"R",0
212160,11,"R",74,"R",9,"R",3,"R",62,"R",9,"R",0,"R",0,"R",0,"R",0
212160,12,"R",1262,"R",906,"R",211,"R",145,"R",684,"R",219,"R",0,"R",3,"R",0
212197, 1,"R",1687,"R",8,"R",80,"R",1599,"R",5,"R",3,"Z",0,"Z",0,"R",0
212197, 2,"R",1633,"R",0,"R",79,"R",1554,"A",,"A",,"A",,"A",,"A",
212197, 3,"R",1602,"R",0,"R",78,"R",1524,"A",,"A",,"A",,"A",,"A",
212197,11,"R",31,"R",0,"R",1,"R",30,"A",,"A",,"A",,"A",,"A",
212197,12,"R",54,"R",8,"R",1,"R",45,"R",5,"R",3,"Z",0,"Z",0,"R",0
212230, 1,"R",42,"A",,"A",,"R",42,"A",,"A",,"A",,"A",,"A",
212230, 2,"R",42,"A",,"A",,"R",42,"A",,"A",,"A",,"A",,"A",
212267, 1,"R",113,"A",,"A",,"R",113,"A",,"A",,"A",,"A",,"A",
212267, 2,"R",113,"A",,"A",,"R",113,"A",,"A",,"A",,"A",,"A",
212276, 1,"R",83,"A",,"A",,"R",83,"A",,"A",,"A",,"A",,"A",
212276, 2,"R",83,"A",,"A",,"R",83,"A",,"A",,"A",,"A",,"A",
212294, 1,"R",57,"A",,"A",,"R",57,"A",,"A",,"A",,"A",,"A",
212294, 2,"R",57,"A",,"A",,"R",57,"A",,"A",,"A",,"A",,"A",
212300, 1,"R",48,"A",,"A",,"R",48,"A",,"A",,"A",,"A",,"A",
212300, 2,"R",48,"A",,"A",,"R",48,"A",,"A",,"A",,"A",,"A",
212328, 1,"R",93,"A",,"A",,"R",93,"A",,"A",,"A",,"A",,"A",
212328, 2,"R",93,"A",,"A",,"R",93,"A",,"A",,"A",,"A",,"A",
212337, 1,"R",120,"A",,"A",,"R",120,"A",,"A",,"A",,"A",,"A",
212337, 2,"R",120,"A",,"A",,"R",120,"A",,"A",,"A",,"A",,"A",
212355, 1,"R",137,"A",,"A",,"R",137,"A",,"A",,"A",,"A",,"A",
212355, 2,"R",137,"A",,"A",,"R",137,"A",,"A",,"A",,"A",,"A",
212373, 1,"R",21,"A",,"A",,"R",21,"A",,"A",,"A",,"A",,"A",
212373, 2,"R",21,"A",,"A",,"R",21,"A",,"A",,"A",,"A",,"A",
212382, 1,"R",114,"A",,"A",,"R",114,"A",,"A",,"A",,"A",,"A",
212382, 2,"R",114,"A",,"A",,"R",114,"A",,"A",,"A",,"A",,"A",
212391, 1,"R",101,"A",,"A",,"R",101,"A",,"A",,"A",,"A",,"A",
212391, 2,"R",101,"A",,"A",,"R",101,"A",,"A",,"A",,"A",,"A",
212434, 1,"R",182,"A",,"A",,"R",182,"A",,"A",,"A",,"A",,"A",
212434, 2,"R",182,"A",,"A",,"R",182,"A",,"A",,"A",,"A",,"A",
212434, 3,"R",182,"A",,"A",,"R",182,"A",,"A",,"A",,"A",,"A",
212443, 1,"R",151,"R",0,"R",141,"R",10,"A",,"A",,"A",,"A",,"A",
212443,12,"R",151,"R",0,"R",141,"R",10,"A",,"A",,"A",,"A",,"A",
212452, 1,"R",117,"A",,"A",,"R",117,"A",,"A",,"A",,"A",,"A",
212452, 2,"R",46,"A",,"A",,"R",46,"A",,"A",,"A",,"A",,"A",
212452, 3,"R",46,"A",,"A",,"R",46,"A",,"A",,"A",,"A",,"A",
212452,12,"R",71,"A",,"A",,"R",71,"A",,"A",,"A",,"A",,"A",
212568, 1,"R",98,"A",,"A",,"R",98,"A",,"A",,"A",,"A",,"A",
212568, 2,"R",98,"A",,"A",,"R",98,"A",,"A",,"A",,"A",,"A",
212577, 1,"R",2309,"A",,"A",,"R",2309,"A",,"A",,"A",,"A",,"A",
212577, 2,"R",2309,"A",,"A",,"R",2309,"A",,"A",,"A",,"A",,"A",
212577, 3,"R",2298,"A",,"A",,"R",2298,"A",,"A",,"A",,"A",,"A",
212577,11,"R",11,"A",,"A",,"R",11,"A",,"A",,"A",,"A",,"A",
212601, 1,"R",4291,"R",229,"R",391,"R",3671,"R",190,"R",38,"R",0,"R",1,"R",0
212601, 2,"R",3291,"R",42,"R",294,"R",2955,"R",40,"R",2,"R",0,"R",0,"R",0
212601, 3,"R",2733,"R",21,"R",294,"R",2418,"R",19,"R",2,"R",0,"R",0,"R",0
212601,11,"R",558,"R",21,"R",0,"R",537,"R",21,"R",0,"R",0,"R",0,"R",0
212601,12,"R",1000,"R",187,"R",97,"R",716,"R",150,"R",36,"R",0,"R",1,"R",0
212656, 1,"R",1543,"R",174,"R",58,"R",1311,"R",129,"R",29,"R",0,"R",16,"R",0
212656, 2,"R",1376,"R",112,"R",44,"R",1220,"R",88,"R",18,"R",0,"R",6,"R",0
212656, 3,"R",1263,"R",99,"R",43,"R",1121,"R",83,"R",10,"R",0,"R",6,"R",0
212656,11,"R",113,"R",13,"R",1,"R",99,"R",5,"R",8,"R",0,"R",0,"R",0
212656,12,"R",167,"R",62,"R",14,"R",91,"R",41,"R",11,"R",0,"R",10,"R",0
212674, 1,"R",2441,"R",0,"R",0,"R",2441,"A",,"A",,"A",,"A",,"A",
212674, 2,"R",2441,"R",0,"R",0,"R",2441,"A",,"A",,"A",,"A",,"A",
212674, 3,"R",2441,"R",0,"R",0,"R",2441,"A",,"A",,"A",,"A",,"A",
212753, 1,"R",98,"A",,"A",,"R",98,"A",,"A",,"A",,"A",,"A",
212753, 2,"R",98,"A",,"A",,"R",98,"A",,"A",,"A",,"A",,"A",
212771, 1,"R",332,"R",82,"R",25,"R",225,"R",25,"R",55,"R",0,"R",2,"R",0
212771, 2,"R",113,"R",2,"R",0,"R",111,"R",0,"R",2,"R",0,"R",0,"R",0
212771, 3,"R",73,"R",1,"R",0,"R",72,"R",0,"R",1,"R",0,"R",0,"R",0
212771,11,"R",40,"R",1,"R",0,"R",39,"R",0,"R",1,"R",0,"R",0,"R",0
212771,12,"R",219,"R",80,"R",25,"R",114,"R",25,"R",53,"R",0,"R",2,"R",0
212805, 1,"R",2338,"R",0,"R",0,"R",2338,"A",,"A",,"A",,"A",,"A",
212805, 2,"R",2338,"R",0,"R",0,"R",2338,"A",,"A",,"A",,"A",,"A",
212805, 3,"R",2291,"R",0,"R",0,"R",2291,"A",,"A",,"A",,"A",,"A",
212805,11,"R",47,"R",0,"R",0,"R",47,"A",,"A",,"A",,"A",,"A",
212832, 1,"R",3056,"R",887,"R",490,"R",1679,"R",759,"R",128,"Z",0,"R",0,"R",0
212832, 2,"R",2250,"R",220,"R",456,"R",1574,"R",179,"R",41,"Z",0,"R",0,"R",0
212832, 3,"R",1943,"R",166,"R",456,"R",1321,"R",144,"R",22,"Z",0,"R",0,"R",0
212832,11,"R",307,"R",54,"R",0,"R",253,"R",35,"R",19,"Z",0,"Z",0,"R",0
212832,12,"R",806,"R",667,"R",34,"R",105,"R",580,"R",87,"Z",0,"R",0,"R",0
212869, 1,"R",1343,"R",14,"R",170,"R",1159,"R",8,"R",6,"R",0,"R",0,"R",0
212869, 2,"R",1343,"R",14,"R",170,"R",1159,"R",8,"R",6,"R",0,"R",0,"R",0
212869, 3,"R",1310,"R",12,"R",164,"R",1134,"R",7,"R",5,"R",0,"R",0,"R",0
212869,11,"R",33,"R",2,"R",6,"R",25,"R",1,"R",1,"R",0,"R",0,"R",0
212878, 1,"R",18081,"R",3040,"R",3795,"R",11246,"R",2994,"R",45,"R",0,"R",1,"R",0
212878, 2,"R",18081,"R",3040,"R",3795,"R",11246,"R",2994,"R",45,"R",0,"R",1,"R",0
212878, 3,"R",15099,"R",2381,"R",3622,"R",9096,"R",2346,"R",35,"R",0,"R",0,"R",0
212878,11,"R",2982,"R",659,"R",173,"R",2150,"R",648,"R",10,"R",0,"R",1,"R",0
212911, 1,"R",1310,"A",,"A",,"R",1310,"A",,"A",,"A",,"A",,"A",
212911, 2,"R",1310,"A",,"A",,"R",1310,"A",,"A",,"A",,"A",,"A",
212911, 3,"R",1305,"A",,"A",,"R",1305,"A",,"A",,"A",,"A",,"A",
212911,11,"R",5,"A",,"A",,"R",5,"A",,"A",,"A",,"A",,"A",
212975, 1,"R",175,"A",,"A",,"R",175,"A",,"A",,"A",,"A",,"A",
212975, 2,"R",175,"A",,"A",,"R",175,"A",,"A",,"A",,"A",,"A",
212975, 3,"R",175,"A",,"A",,"R",175,"A",,"A",,"A",,"A",,"A",
212984, 1,"R",3089,"R",486,"R",442,"R",2161,"R",441,"R",33,"R",12,"R",0,"R",0
212984, 2,"R",2069,"R",21,"R",431,"R",1617,"R",9,"R",0,"R",12,"R",0,"R",0
212984, 3,"R",1903,"R",21,"R",430,"R",1452,"R",9,"R",0,"R",12,"R",0,"R",0
212984,11,"R",166,"R",0,"R",1,"R",165,"A",,"A",,"A",,"A",,"A",
212984,12,"R",1020,"R",465,"R",11,"R",544,"R",432,"R",33,"R",0,"R",0,"R",0
212993, 1,"R",81,"A",,"A",,"R",81,"A",,"A",,"A",,"A",,"A",
212993, 2,"R",81,"A",,"A",,"R",81,"A",,"A",,"A",,"A",,"A",
212993, 3,"R",81,"A",,"A",,"R",81,"A",,"A",,"A",,"A",,"A",
213011, 1,"R",2448,"R",372,"R",566,"R",1510,"R",330,"R",35,"R",0,"R",0,"R",7
213011, 2,"R",1504,"R",243,"R",489,"R",772,"R",203,"R",33,"R",0,"R",0,"R",7
213011, 3,"R",1285,"R",231,"R",482,"R",572,"R",191,"R",33,"R",0,"R",0,"R",7
213011,11,"R",219,"R",12,"R",7,"R",200,"R",12,"R",0,"R",0,"R",0,"R",0
213011,12,"R",944,"R",129,"R",77,"R",738,"R",127,"R",2,"R",0,"R",0,"R",0
213020, 1,"R",11483,"R",492,"R",2760,"R",8231,"R",452,"R",39,"R",0,"R",1,"R",0
213020, 2,"R",9373,"R",158,"R",2536,"R",6679,"R",151,"R",7,"R",0,"R",0,"R",0
213020, 3,"R",9069,"R",123,"R",2509,"R",6437,"R",118,"R",5,"R",0,"R",0,"R",0
213020,11,"R",304,"R",35,"R",27,"R",242,"R",33,"R",2,"R",0,"R",0,"R",0
213020,12,"R",2110,"R",334,"R",224,"R",1552,"R",301,"R",32,"R",0,"R",1,"R",0
213163, 1,"R",56,"A",,"A",,"R",56,"A",,"A",,"A",,"A",,"A",
213163, 2,"R",56,"A",,"A",,"R",56,"A",,"A",,"A",,"A",,"A",
213181, 1,"R",200,"A",,"A",,"R",200,"A",,"A",,"A",,"A",,"A",
213181, 2,"R",200,"A",,"A",,"R",200,"A",,"A",,"A",,"A",,"A",
213181, 3,"R",200,"A",,"A",,"R",200,"A",,"A",,"A",,"A",,"A",
213215, 1,"R",101,"A",,"A",,"R",101,"A",,"A",,"A",,"A",,"A",
213215, 2,"R",101,"A",,"A",,"R",101,"A",,"A",,"A",,"A",,"A",
213233, 1,"R",430,"R",0,"R",46,"R",384,"A",,"A",,"A",,"A",,"A",
213233, 2,"R",430,"R",0,"R",46,"R",384,"A",,"A",,"A",,"A",,"A",
213233, 3,"R",422,"R",0,"R",44,"R",378,"A",,"A",,"A",,"A",,"A",
213233,11,"R",8,"R",0,"R",2,"R",6,"A",,"A",,"A",,"A",,"A",
213251, 1,"R",1433,"R",0,"R",7,"R",1426,"A",,"A",,"A",,"A",,"A",
213251, 2,"R",1423,"R",0,"R",7,"R",1416,"A",,"A",,"A",,"A",,"A",
213251, 3,"R",1304,"R",0,"R",7,"R",1297,"A",,"A",,"A",,"A",,"A",
213251,11,"R",119,"R",0,"R",0,"R",119,"A",,"A",,"A",,"A",,"A",
213251,12,"R",10,"R",0,"R",0,"R",10,"A",,"A",,"A",,"A",,"A",
213303, 1,"R",1424,"R",97,"R",557,"R",770,"R",93,"R",4,"R",0,"R",0,"R",0
213303, 2,"R",1340,"R",76,"R",557,"R",707,"R",73,"R",3,"R",0,"R",0,"R",0
213303, 3,"R",1190,"R",73,"R",537,"R",580,"R",71,"R",2,"R",0,"R",0,"R",0
213303,11,"R",150,"R",3,"R",20,"R",127,"R",2,"R",1,"R",0,"R",0,"R",0
213303,12,"R",84,"R",21,"R",0,"R",63,"R",20,"R",1,"R",0,"R",0,"R",0
213321, 1,"R",2569,"R",0,"R",5,"R",2564,"A",,"A",,"A",,"A",,"A",
213321, 2,"R",2269,"R",0,"R",0,"R",2269,"A",,"A",,"A",,"A",,"A",
213321, 3,"R",2122,"R",0,"R",0,"R",2122,"A",,"A",,"A",,"A",,"A",
213321,11,"R",147,"R",0,"R",0,"R",147,"A",,"A",,"A",,"A",,"A",
213321,12,"R",300,"R",0,"R",5,"R",295,"A",,"A",,"A",,"A",,"A",
213330, 1,"R",10,"A",,"A",,"R",10,"A",,"A",,"A",,"A",,"A",
213330, 2,"R",10,"A",,"A",,"R",10,"A",,"A",,"A",,"A",,"A",
213349, 1,"R",8290,"R",287,"R",1293,"R",6710,"R",269,"R",0,"R",0,"R",0,"R",18
213349, 2,"R",7372,"R",38,"R",1163,"R",6171,"R",35,"R",0,"R",0,"R",0,"R",3
213349, 3,"R",7335,"R",37,"R",1162,"R",6136,"R",34,"R",0,"R",0,"R",0,"R",3
213349,11,"R",37,"R",1,"R",1,"R",35,"R",1,"R",0,"R",0,"R",0,"R",0
213349,12,"R",918,"R",249,"R",130,"R",539,"R",234,"R",0,"R",0,"R",0,"R",15
213358, 1,"R",1443,"R",135,"R",366,"R",942,"R",132,"R",3,"R",0,"R",0,"R",0
213358, 2,"R",1289,"R",98,"R",359,"R",832,"R",97,"R",1,"R",0,"R",0,"R",0
213358, 3,"R",1262,"R",85,"R",359,"R",818,"R",84,"R",1,"R",0,"R",0,"R",0
213358,11,"R",27,"R",13,"R",0,"R",14,"R",13,"R",0,"R",0,"R",0,"R",0
213358,12,"R",154,"R",37,"R",7,"R",110,"R",35,"R",2,"R",0,"R",0,"R",0
213367, 1,"R",5191,"R",572,"R",330,"R",4289,"R",396,"R",171,"R",4,"R",1,"R",0
213367, 2,"R",3904,"R",116,"R",283,"R",3505,"R",75,"R",40,"R",1,"R",0,"R",0
213367, 3,"R",3766,"R",75,"R",277,"R",3414,"R",54,"R",21,"R",0,"R",0,"R",0
213367,11,"R",138,"R",41,"R",6,"R",91,"R",21,"R",19,"R",1,"R",0,"R",0
213367,12,"R",1287,"R",456,"R",47,"R",784,"R",321,"R",131,"R",3,"R",1,"R",0
213376, 1,"R",1873,"R",132,"Z",0,"R",1741,"R",124,"R",8,"Z",0,"Z",0,"R",0
213376, 2,"R",1873,"R",132,"Z",0,"R",1741,"R",124,"R",8,"Z",0,"Z",0,"R",0
213376, 3,"R",1738,"R",94,"Z",0,"R",1644,"R",89,"R",5,"Z",0,"Z",0,"R",0
213376,11,"R",135,"R",38,"Z",0,"R",97,"R",35,"R",3,"Z",0,"Z",0,"R",0
213385, 1,"R",2642,"A",,"A",,"R",2642,"A",,"A",,"A",,"A",,"A",
213385, 2,"R",2642,"A",,"A",,"R",2642,"A",,"A",,"A",,"A",,"A",
213385, 3,"R",2616,"A",,"A",,"R",2616,"A",,"A",,"A",,"A",,"A",
213385,11,"R",26,"A",,"A",,"R",26,"A",,"A",,"A",,"A",,"A",
213400, 1,"R",2122,"R",259,"R",295,"R",1568,"R",95,"R",120,"R",0,"R",44,"R",0
213400, 2,"R",1688,"R",220,"R",295,"R",1173,"R",95,"R",120,"R",0,"R",5,"R",0
213400, 3,"R",1530,"R",220,"R",295,"R",1015,"R",95,"R",120,"R",0,"R",5,"R",0
213400,11,"R",158,"R",0,"R",0,"R",158,"A",,"A",,"A",,"A",,"A",
213400,12,"R",434,"R",39,"R",0,"R",395,"R",0,"R",0,"R",0,"R",39,"R",0
213446, 1,"R",117,"Z",0,"R",117,"R",0,"A",,"A",,"A",,"A",,"A",
213446,12,"R",117,"Z",0,"R",117,"R",0,"A",,"A",,"A",,"A",,"A",
213455, 1,"R",202,"A",,"A",,"R",202,"A",,"A",,"A",,"A",,"A",
213455, 2,"R",202,"A",,"A",,"R",202,"A",,"A",,"A",,"A",,"A",
213473, 1,"R",131,"A",,"A",,"R",131,"A",,"A",,"A",,"A",,"A",
213473, 2,"R",131,"A",,"A",,"R",131,"A",,"A",,"A",,"A",,"A",
213473, 3,"R",131,"A",,"A",,"R",131,"A",,"A",,"A",,"A",,"A",
213491, 1,"R",46,"A",,"A",,"R",46,"A",,"A",,"A",,"A",,"A",
213491, 2,"R",46,"A",,"A",,"R",46,"A",,"A",,"A",,"A",,"A",
213507, 1,"R",1922,"R",38,"R",154,"R",1730,"R",23,"R",15,"R",0,"R",0,"R",0
213507, 2,"R",1750,"R",3,"R",130,"R",1617,"R",3,"R",0,"R",0,"R",0,"R",0
213507, 3,"R",1684,"R",0,"R",130,"R",1554,"A",,"A",,"A",,"A",,"A",
213507,11,"R",66,"R",3,"R",0,"R",63,"R",3,"R",0,"R",0,"R",0,"R",0
213507,12,"R",172,"R",35,"R",24,"R",113,"R",20,"R",15,"R",0,"R",0,"R",0
213525, 1,"R",7109,"R",317,"R",1812,"R",4980,"R",315,"R",2,"Z",0,"Z",0,"R",0
213525, 2,"R",7109,"R",317,"R",1812,"R",4980,"R",315,"R",2,"Z",0,"Z",0,"R",0
213525, 3,"R",5620,"R",173,"R",1704,"R",3743,"R",172,"R",1,"Z",0,"Z",0,"R",0
213525,11,"R",1489,"R",144,"R",108,"R",1237,"R",143,"R",1,"Z",0,"Z",0,"R",0
213534, 1,"R",675,"R",0,"R",503,"R",172,"A",,"A",,"A",,"A",,"A",
213534, 2,"R",675,"R",0,"R",503,"R",172,"A",,"A",,"A",,"A",,"A",
213534, 3,"R",675,"R",0,"R",503,"R",172,"A",,"A",,"A",,"A",,"A",
213543, 1,"R",6849,"R",296,"R",69,"R",6484,"R",119,"R",150,"R",0,"R",27,"R",0
213543, 2,"R",5047,"R",0,"R",3,"R",5044,"A",,"A",,"A",,"A",,"A",
213543, 3,"R",5030,"R",0,"R",3,"R",5027,"A",,"A",,"A",,"A",,"A",
213543,11,"R",17,"R",0,"R",0,"R",17,"A",,"A",,"A",,"A",,"A",
213543,12,"R",1802,"R",296,"R",66,"R",1440,"R",119,"R",150,"R",0,"R",27,"R",0
213552, 1,"R",77,"A",,"A",,"R",77,"A",,"A",,"A",,"A",,"A",
213552, 2,"R",77,"A",,"A",,"R",77,"A",,"A",,"A",,"A",,"A",
213570, 1,"R",600,"A",,"A",,"R",600,"A",,"A",,"A",,"A",,"A",
213570, 2,"R",600,"A",,"A",,"R",600,"A",,"A",,"A",,"A",,"A",
213570, 3,"R",600,"A",,"A",,"R",600,"A",,"A",,"A",,"A",,"A",
213589, 1,"R",318,"A",,"A",,"R",318,"A",,"A",,"A",,"A",,"A",
213589, 2,"R",318,"A",,"A",,"R",318,"A",,"A",,"A",,"A",,"A",
213589, 3,"R",318,"A",,"A",,"R",318,"A",,"A",,"A",,"A",,"A",
213598, 1,"R",2376,"A",,"A",,"R",2376,"A",,"A",,"A",,"A",,"A",
213598, 2,"R",2122,"A",,"A",,"R",2122,"A",,"A",,"A",,"A",,"A",
213598, 3,"R",2113,"A",,"A",,"R",2113,"A",,"A",,"A",,"A",,"A",
213598,11,"R",9,"A",,"A",,"R",9,"A",,"A",,"A",,"A",,"A",
213598,12,"R",254,"A",,"A",,"R",254,"A",,"A",,"A",,"A",,"A",
213613, 1,"R",3418,"R",327,"R",1127,"R",1964,"R",296,"R",31,"R",0,"R",0,"R",0
213613, 2,"R",3060,"R",135,"R",1109,"R",1816,"R",134,"R",1,"R",0,"R",0,"R",0
213613, 3,"R",3020,"R",126,"R",1102,"R",1792,"R",125,"R",1,"R",0,"R",0,"R",0
213613,11,"R",40,"R",9,"R",7,"R",24,"R",9,"R",0,"R",0,"R",0,"R",0
213613,12,"R",358,"R",192,"R",18,"R",148,"R",162,"R",30,"R",0,"R",0,"R",0
213622, 1,"R",102,"A",,"A",,"R",102,"A",,"A",,"A",,"A",,"A",
213622, 2,"R",102,"A",,"A",,"R",102,"A",,"A",,"A",,"A",,"A",
213631, 1,"R",323,"R",0,"R",194,"R",129,"A",,"A",,"A",,"A",,"A",
213631,12,"R",323,"R",0,"R",194,"R",129,"A",,"A",,"A",,"A",,"A",
213659, 1,"R",4984,"R",535,"R",811,"R",3638,"R",191,"R",2,"Z",0,"Z",0,"R",342
213659, 2,"R",4984,"R",535,"R",811,"R",3638,"R",191,"R",2,"Z",0,"Z",0,"R",342
213659, 3,"R",4372,"R",414,"R",798,"R",3160,"R",190,"R",2,"Z",0,"Z",0,"R",222
213659,11,"R",612,"R",121,"R",13,"R",478,"R",1,"Z",0,"Z",0,"Z",0,"R",120
213668, 1,"R",1142,"A",,"A",,"R",1142,"A",,"A",,"A",,"A",,"A",
213668, 2,"R",1142,"A",,"A",,"R",1142,"A",,"A",,"A",,"A",,"A",
213668, 3,"R",1131,"A",,"A",,"R",1131,"A",,"A",,"A",,"A",,"A",
213668,11,"R",11,"A",,"A",,"R",11,"A",,"A",,"A",,"A",,"A",
213774, 1,"R",747,"R",32,"R",265,"R",450,"R",31,"R",1,"R",0,"R",0,"R",0
213774, 2,"R",740,"R",31,"R",261,"R",448,"R",30,"R",1,"R",0,"R",0,"R",0
213774, 3,"R",643,"R",30,"R",260,"R",353,"R",29,"R",1,"R",0,"R",0,"R",0
213774,11,"R",97,"R",1,"R",1,"R",95,"R",1,"R",0,"R",0,"R",0,"R",0
213774,12,"R",7,"R",1,"R",4,"R",2,"R",1,"R",0,"R",0,"R",0,"R",0
213783, 1,"R",1629,"R",111,"R",613,"R",905,"R",94,"R",16,"R",0,"R",1,"R",0
213783, 2,"R",1597,"R",89,"R",610,"R",898,"R",74,"R",14,"R",0,"R",1,"R",0
213783, 3,"R",1552,"R",73,"R",609,"R",870,"R",59,"R",13,"R",0,"R",1,"R",0
213783,11,"R",45,"R",16,"R",1,"R",28,"R",15,"R",1,"R",0,"R",0,"R",0
213783,12,"R",32,"R",22,"R",3,"R",7,"R",20,"R",2,"R",0,"R",0,"R",0
213826, 1,"R",2853,"R",144,"R",488,"R",2221,"R",91,"R",26,"R",27,"R",0,"R",0
213826, 2,"R",1934,"R",35,"R",385,"R",1514,"R",8,"R",0,"R",27,"R",0,"R",0
213826, 3,"R",1810,"R",5,"R",385,"R",1420,"R",5,"R",0,"R",0,"R",0,"R",0
213826,11,"R",124,"R",30,"R",0,"R",94,"R",3,"R",0,"R",27,"R",0,"R",0
213826,12,"R",919,"R",109,"R",103,"R",707,"R",83,"R",26,"R",0,"R",0,"R",0
213914, 1,"R",337,"A",,"A",,"R",337,"A",,"A",,"A",,"A",,"A",
213914, 2,"R",337,"A",,"A",,"R",337,"A",,"A",,"A",,"A",,"A",
213914, 3,"R",337,"A",,"A",,"R",337,"A",,"A",,"A",,"A",,"A",
213932, 1,"R",159,"A",,"A",,"R",159,"A",,"A",,"A",,"A",,"A",
213932, 2,"R",159,"A",,"A",,"R",159,"A",,"A",,"A",,"A",,"A",
213987, 1,"R",2685,"R",90,"R",553,"R",2042,"R",34,"R",52,"R",1,"R",3,"R",0
213987, 2,"R",2381,"R",0,"R",339,"R",2042,"A",,"A",,"A",,"A",,"A",
213987, 3,"R",2374,"R",0,"R",339,"R",2035,"A",,"A",,"A",,"A",,"A",
213987,11,"R",7,"R",0,"R",0,"R",7,"A",,"A",,"A",,"A",,"A",
213987,12,"R",304,"R",90,"R",214,"R",0,"R",34,"R",52,"R",1,"R",3,"R",0
213996, 1,"R",3375,"R",463,"R",86,"R",2826,"R",314,"R",143,"Z",0,"R",6,"R",0
213996, 2,"R",2734,"Z",0,"Z",0,"R",2734,"A",,"A",,"A",,"A",,"A",
213996, 3,"R",2633,"Z",0,"Z",0,"R",2633,"A",,"A",,"A",,"A",,"A",
213996,11,"R",101,"Z",0,"Z",0,"R",101,"A",,"A",,"A",,"A",,"A",
213996,12,"R",641,"R",463,"R",86,"R",92,"R",314,"R",143,"Z",0,"R",6,"R",0
214023, 1,"R",8,"A",,"A",,"R",8,"A",,"A",,"A",,"A",,"A",
214023, 2,"R",8,"A",,"A",,"R",8,"A",,"A",,"A",,"A",,"A",
214023, 3,"R",8,"A",,"A",,"R",8,"A",,"A",,"A",,"A",,"A",
214041, 1,"R",7746,"R",525,"R",1109,"R",6112,"R",488,"R",37,"R",0,"R",0,"R",0
214041, 2,"R",6750,"R",349,"R",1033,"R",5368,"R",338,"R",11,"R",0,"R",0,"R",0
214041, 3,"R",6597,"R",346,"R",1032,"R",5219,"R",336,"R",10,"R",0,"R",0,"R",0
214041,11,"R",153,"R",3,"R",1,"R",149,"R",2,"R",1,"R",0,"R",0,"R",0
214041,12,"R",996,"R",176,"R",76,"R",744,"R",150,"R",26,"R",0,"R",0,"R",0
214069, 1,"R",2566,"R",407,"R",556,"R",1603,"R",367,"R",40,"Z",0,"Z",0,"R",0
214069, 2,"R",2030,"R",244,"R",429,"R",1357,"R",233,"R",11,"Z",0,"Z",0,"R",0
214069, 3,"R",1997,"R",235,"R",429,"R",1333,"R",225,"R",10,"Z",0,"Z",0,"R",0
214069,11,"R",33,"R",9,"R",0,"R",24,"R",8,"R",1,"Z",0,"Z",0,"R",0
214069,12,"R",536,"R",163,"R",127,"R",246,"R",134,"R",29,"Z",0,"Z",0,"R",0
214111, 1,"R",10451,"R",1590,"R",1975,"R",6886,"R",1575,"R",8,"R",7,"R",0,"R",0
214111, 2,"R",10451,"R",1590,"R",1975,"R",6886,"R",1575,"R",8,"R",7,"R",0,"R",0
214111, 3,"R",8653,"R",1276,"R",1870,"R",5507,"R",1266,"R",5,"R",5,"R",0,"R",0
214111,11,"R",1798,"R",314,"R",105,"R",1379,"R",309,"R",3,"R",2,"R",0,"R",0
214148, 1,"R",397,"R",0,"R",54,"R",343,"A",,"A",,"A",,"A",,"A",
214148, 2,"R",372,"R",0,"R",45,"R",327,"A",,"A",,"A",,"A",,"A",
214148, 3,"R",372,"R",0,"R",45,"R",327,"A",,"A",,"A",,"A",,"A",
214148,12,"R",25,"R",0,"R",9,"R",16,"A",,"A",,"A",,"A",,"A",
214157, 1,"R",2514,"R",27,"R",74,"R",2413,"R",14,"R",13,"Z",0,"Z",0,"R",0
214157, 2,"R",2139,"R",5,"R",73,"R",2061,"R",5,"Z",0,"Z",0,"Z",0,"R",0
214157, 3,"R",2061,"R",3,"R",73,"R",1985,"R",3,"Z",0,"Z",0,"Z",0,"R",0
214157,11,"R",78,"R",2,"Z",0,"R",76,"R",2,"Z",0,"Z",0,"Z",0,"R",0
214157,12,"R",375,"R",22,"R",1,"R",352,"R",9,"R",13,"Z",0,"Z",0,"R",0
214166, 1,"R",1784,"R",137,"R",573,"R",1074,"R",133,"R",4,"Z",0,"Z",0,"R",0
214166, 2,"R",1733,"R",134,"R",547,"R",1052,"R",131,"R",3,"Z",0,"Z",0,"R",0
214166, 3,"R",1155,"R",134,"R",547,"R",474,"R",131,"R",3,"Z",0,"Z",0,"R",0
214166,11,"R",578,"Z",0,"Z",0,"R",578,"A",,"A",,"A",,"A",,"A",
214166,12,"R",51,"R",3,"R",26,"R",22,"R",2,"R",1,"Z",0,"Z",0,"R",0
214175, 1,"R",2340,"R",1,"R",14,"R",2325,"R",1,"Z",0,"Z",0,"Z",0,"R",0
214175, 2,"R",2340,"R",1,"R",14,"R",2325,"R",1,"Z",0,"Z",0,"Z",0,"R",0
214175, 3,"R",2285,"R",1,"R",14,"R",2270,"R",1,"Z",0,"Z",0,"Z",0,"R",0
214175,11,"R",55,"Z",0,"Z",0,"R",55,"A",,"A",,"A",,"A",,"A",
214272, 1,"R",2598,"R",254,"R",384,"R",1960,"R",201,"R",53,"R",0,"R",0,"R",0
214272, 2,"R",1996,"R",161,"R",350,"R",1485,"R",127,"R",34,"R",0,"R",0,"R",0
214272, 3,"R",1907,"R",161,"R",350,"R",1396,"R",127,"R",34,"R",0,"R",0,"R",0
214272,11,"R",89,"R",0,"R",0,"R",89,"A",,"A",,"A",,"A",,"A",
214272,12,"R",602,"R",93,"R",34,"R",475,"R",74,"R",19,"R",0,"R",0,"R",0
214290, 1,"R",454,"A",,"A",,"R",454,"A",,"A",,"A",,"A",,"A",
214290, 2,"R",454,"A",,"A",,"R",454,"A",,"A",,"A",,"A",,"A",
214290, 3,"R",454,"A",,"A",,"R",454,"A",,"A",,"A",,"A",,"A",
214379, 1,"R",9769,"R",1509,"R",2094,"R",6166,"R",1468,"R",40,"R",0,"R",1,"R",0
214379, 2,"R",9769,"R",1509,"R",2094,"R",6166,"R",1468,"R",40,"R",0,"R",1,"R",0
214379, 3,"R",8952,"R",1341,"R",2062,"R",5549,"R",1303,"R",37,"R",0,"R",1,"R",0
214379,11,"R",817,"R",168,"R",32,"R",617,"R",165,"R",3,"R",0,"R",0,"R",0
214476, 1,"R",80,"R",0,"R",80,"R",0,"A",,"A",,"A",,"A",,"A",
214476, 2,"R",80,"R",0,"R",80,"R",0,"A",,"A",,"A",,"A",,"A",
214528, 1,"R",284,"A",,"A",,"R",284,"A",,"A",,"A",,"A",,"A",
214528, 2,"R",284,"A",,"A",,"R",284,"A",,"A",,"A",,"A",,"A",
214528, 3,"R",284,"A",,"A",,"R",284,"A",,"A",,"A",,"A",,"A",
214564, 1,"R",1211,"R",7,"R",114,"R",1090,"R",1,"R",4,"R",0,"R",2,"R",0
214564,12,"R",1211,"R",7,"R",114,"R",1090,"R",1,"R",4,"R",0,"R",2,"R",0
214582, 1,"R",404,"R",54,"R",128,"R",222,"R",51,"R",3,"R",0,"R",0,"R",0
214582, 2,"R",404,"R",54,"R",128,"R",222,"R",51,"R",3,"R",0,"R",0,"R",0
214582, 3,"R",404,"R",54,"R",128,"R",222,"R",51,"R",3,"R",0,"R",0,"R",0
214591, 1,"R",4312,"R",20,"R",496,"R",3796,"R",19,"R",1,"R",0,"R",0,"R",0
214591, 2,"R",4152,"R",9,"R",460,"R",3683,"R",8,"R",1,"R",0,"R",0,"R",0
214591, 3,"R",4117,"R",9,"R",459,"R",3649,"R",8,"R",1,"R",0,"R",0,"R",0
214591,11,"R",35,"R",0,"R",1,"R",34,"A",,"A",,"A",,"A",,"A",
214591,12,"R",160,"R",11,"R",36,"R",113,"R",11,"R",0,"R",0,"R",0,"R",0
214607, 1,"R",401,"R",14,"R",29,"R",358,"R",14,"R",0,"R",0,"R",0,"R",0
214607,12,"R",401,"R",14,"R",29,"R",358,"R",14,"R",0,"R",0,"R",0,"R",0
214616, 1,"R",943,"R",0,"R",22,"R",921,"A",,"A",,"A",,"A",,"A",
214616,12,"R",943,"R",0,"R",22,"R",921,"A",,"A",,"A",,"A",,"A",
214625, 1,"R",585,"R",5,"R",193,"R",387,"R",3,"R",2,"R",0,"R",0,"R",0
214625, 2,"R",585,"R",5,"R",193,"R",387,"R",3,"R",2,"R",0,"R",0,"R",0
214625, 3,"R",567,"R",4,"R",193,"R",370,"R",3,"R",1,"R",0,"R",0,"R",0
214625,11,"R",18,"R",1,"R",0,"R",17,"R",0,"R",1,"R",0,"R",0,"R",0
214634, 1,"R",419,"R",12,"R",99,"R",308,"R",12,"R",0,"R",0,"R",0,"R",0
214634, 2,"R",419,"R",12,"R",99,"R",308,"R",12,"R",0,"R",0,"R",0,"R",0
214634, 3,"R",317,"R",12,"R",97,"R",208,"R",12,"R",0,"R",0,"R",0,"R",0
214634,11,"R",102,"R",0,"R",2,"R",100,"A",,"A",,"A",,"A",,"A",
214643, 1,"R",438,"R",5,"R",124,"R",309,"R",5,"R",0,"R",0,"R",0,"R",0
214643, 2,"R",429,"R",3,"R",124,"R",302,"R",3,"R",0,"R",0,"R",0,"R",0
214643, 3,"R",401,"R",3,"R",124,"R",274,"R",3,"R",0,"R",0,"R",0,"R",0
214643,11,"R",28,"R",0,"R",0,"R",28,"A",,"A",,"A",,"A",,"A",
214643,12,"R",9,"R",2,"R",0,"R",7,"R",2,"R",0,"R",0,"R",0,"R",0
214652, 1,"R",992,"R",5,"R",236,"R",751,"R",5,"R",0,"R",0,"R",0,"R",0
214652, 2,"R",992,"R",5,"R",236,"R",751,"R",5,"R",0,"R",0,"R",0,"R",0
214652, 3,"R",970,"R",5,"R",234,"R",731,"R",5,"R",0,"R",0,"R",0,"R",0
214652,11,"R",22,"R",0,"R",2,"R",20,"A",,"A",,"A",,"A",,"A",
214670, 1,"R",912,"R",28,"R",421,"R",463,"R",25,"R",3,"R",0,"R",0,"R",0
214670, 2,"R",912,"R",28,"R",421,"R",463,"R",25,"R",3,"R",0,"R",0,"R",0
214670, 3,"R",841,"R",24,"R",414,"R",403,"R",21,"R",3,"R",0,"R",0,"R",0
214670,11,"R",71,"R",4,"R",7,"R",60,"R",4,"R",0,"R",0,"R",0,"R",0
214689, 1,"R",3244,"R",1,"R",112,"R",3131,"R",0,"R",1,"R",0,"R",0,"R",0
214689, 2,"R",3244,"R",1,"R",112,"R",3131,"R",0,"R",1,"R",0,"R",0,"R",0
214689, 3,"R",3220,"R",1,"R",111,"R",3108,"R",0,"R",1,"R",0,"R",0,"R",0
214689,11,"R",24,"R",0,"R",1,"R",23,"A",,"A",,"A",,"A",,"A",
214698, 1,"R",622,"R",2,"R",183,"R",437,"R",2,"R",0,"R",0,"R",0,"R",0
214698, 2,"R",622,"R",2,"R",183,"R",437,"R",2,"R",0,"R",0,"R",0,"R",0
214698, 3,"R",576,"R",1,"R",183,"R",392,"R",1,"R",0,"R",0,"R",0,"R",0
214698,11,"R",46,"R",1,"R",0,"R",45,"R",1,"R",0,"R",0,"R",0,"R",0
214704, 1,"R",2578,"R",21,"R",693,"R",1864,"R",19,"R",2,"R",0,"R",0,"R",0
214704, 2,"R",2578,"R",21,"R",693,"R",1864,"R",19,"R",2,"R",0,"R",0,"R",0
214704, 3,"R",2509,"R",16,"R",692,"R",1801,"R",15,"R",1,"R",0,"R",0,"R",0
214704,11,"R",69,"R",5,"R",1,"R",63,"R",4,"R",1,"R",0,"R",0,"R",0
214713, 1,"R",4933,"R",29,"R",562,"R",4342,"R",27,"R",2,"R",0,"R",0,"R",0
214713, 2,"R",4191,"R",6,"R",519,"R",3666,"R",5,"R",1,"R",0,"R",0,"R",0
214713, 3,"R",4162,"R",6,"R",519,"R",3637,"R",5,"R",1,"R",0,"R",0,"R",0
214713,11,"R",29,"R",0,"R",0,"R",29,"A",,"A",,"A",,"A",,"A",
214713,12,"R",742,"R",23,"R",43,"R",676,"R",22,"R",1,"R",0,"R",0,"R",0
214731, 1,"R",1351,"R",14,"R",284,"R",1053,"R",14,"R",0,"R",0,"R",0,"R",0
214731, 2,"R",1351,"R",14,"R",284,"R",1053,"R",14,"R",0,"R",0,"R",0,"R",0
214731, 3,"R",1313,"R",14,"R",283,"R",1016,"R",14,"R",0,"R",0,"R",0,"R",0
214731,11,"R",38,"R",0,"R",1,"R",37,"A",,"A",,"A",,"A",,"A",
214740, 1,"R",564,"R",3,"R",178,"R",383,"R",3,"R",0,"R",0,"R",0,"R",0
214740, 2,"R",564,"R",3,"R",178,"R",383,"R",3,"R",0,"R",0,"R",0,"R",0
214740, 3,"R",476,"R",3,"R",177,"R",296,"R",3,"R",0,"R",0,"R",0,"R",0
214740,11,"R",88,"R",0,"R",1,"R",87,"A",,"A",,"A",,"A",,"A",
214759, 1,"R",640,"R",0,"R",168,"R",472,"A",,"A",,"A",,"A",,"A",
214759, 2,"R",640,"R",0,"R",168,"R",472,"A",,"A",,"A",,"A",,"A",
214759, 3,"R",637,"R",0,"R",168,"R",469,"A",,"A",,"A",,"A",,"A",
214759,11,"R",3,"R",0,"R",0,"R",3,"A",,"A",,"A",,"A",,"A",
214768, 1,"R",676,"R",1,"R",152,"R",523,"R",1,"R",0,"R",0,"R",0,"R",0
214768, 2,"R",676,"R",1,"R",152,"R",523,"R",1,"R",0,"R",0,"R",0,"R",0
214768, 3,"R",634,"R",1,"R",152,"R",481,"R",1,"R",0,"R",0,"R",0,"R",0
214768,11,"R",42,"R",0,"R",0,"R",42,"A",,"A",,"A",,"A",,"A",
214777, 1,"R",46810,"R",89,"R",13255,"R",33466,"R",57,"R",28,"R",0,"R",4,"R",0
214777, 2,"R",40363,"R",59,"R",12951,"R",27353,"R",32,"R",24,"R",0,"R",3,"R",0
214777, 3,"R",40108,"R",52,"R",12937,"R",27119,"R",27,"R",22,"R",0,"R",3,"R",0
214777,11,"R",255,"R",7,"R",14,"R",234,"R",5,"R",2,"R",0,"R",0,"R",0
214777,12,"R",6447,"R",30,"R",304,"R",6113,"R",25,"R",4,"R",0,"R",1,"R",0
214786, 1,"R",462,"R",2,"R",182,"R",278,"R",2,"R",0,"R",0,"R",0,"R",0
214786, 2,"R",462,"R",2,"R",182,"R",278,"R",2,"R",0,"R",0,"R",0,"R",0
214786, 3,"R",456,"R",2,"R",182,"R",272,"R",2,"R",0,"R",0,"R",0,"R",0
214786,11,"R",6,"R",0,"R",0,"R",6,"A",,"A",,"A",,"A",,"A",
214795, 1,"R",830,"R",5,"R",261,"R",564,"R",5,"R",0,"R",0,"R",0,"R",0
214795, 2,"R",830,"R",5,"R",261,"R",564,"R",5,"R",0,"R",0,"R",0,"R",0
214795, 3,"R",710,"R",4,"R",256,"R",450,"R",4,"R",0,"R",0,"R",0,"R",0
214795,11,"R",120,"R",1,"R",5,"R",114,"R",1,"R",0,"R",0,"R",0,"R",0
214801, 1,"R",3746,"R",14,"R",809,"R",2923,"R",12,"R",2,"R",0,"R",0,"R",0
214801, 2,"R",3746,"R",14,"R",809,"R",2923,"R",12,"R",2,"R",0,"R",0,"R",0
214801, 3,"R",3683,"R",13,"R",803,"R",2867,"R",11,"R",2,"R",0,"R",0,"R",0
214801,11,"R",63,"R",1,"R",6,"R",56,"R",1,"R",0,"R",0,"R",0,"R",0
214810, 1,"R",609,"R",19,"R",279,"R",311,"R",19,"R",0,"R",0,"R",0,"R",0
214810, 2,"R",609,"R",19,"R",279,"R",311,"R",19,"R",0,"R",0,"R",0,"R",0
214810, 3,"R",564,"R",17,"R",278,"R",269,"R",17,"R",0,"R",0,"R",0,"R",0
214810,11,"R",45,"R",2,"R",1,"R",42,"R",2,"R",0,"R",0,"R",0,"R",0
214829, 1,"R",948,"R",4,"R",217,"R",727,"R",3,"R",1,"R",0,"R",0,"R",0
214829, 2,"R",935,"R",4,"R",217,"R",714,"R",3,"R",1,"R",0,"R",0,"R",0
214829, 3,"R",888,"R",4,"R",217,"R",667,"R",3,"R",1,"R",0,"R",0,"R",0
214829,11,"R",47,"R",0,"R",0,"R",47,"A",,"A",,"A",,"A",,"A",
214829,12,"R",13,"R",0,"R",0,"R",13,"A",,"A",,"A",,"A",,"A",
214883, 1,"R",1357,"R",714,"R",587,"R",56,"R",625,"R",88,"R",0,"R",1,"R",0
214883, 2,"R",1271,"R",680,"R",537,"R",54,"R",595,"R",84,"R",0,"R",1,"R",0
214883, 3,"R",1260,"R",671,"R",536,"R",53,"R",590,"R",80,"R",0,"R",1,"R",0
214883,11,"R",11,"R",9,"R",1,"R",1,"R",5,"R",4,"R",0,"R",0,"R",0
214883,12,"R",86,"R",34,"R",50,"R",2,"R",30,"R",4,"R",0,"R",0,"R",0
214892, 1,"R",237,"A",,"A",,"R",237,"A",,"A",,"A",,"A",,"A",
214892, 2,"R",237,"A",,"A",,"R",237,"A",,"A",,"A",,"A",,"A",
214892, 3,"R",237,"A",,"A",,"R",237,"A",,"A",,"A",,"A",,"A",
214944, 1,"R",368,"A",,"A",,"R",368,"A",,"A",,"A",,"A",,"A",
214944, 2,"R",368,"A",,"A",,"R",368,"A",,"A",,"A",,"A",,"A",
214944, 3,"R",368,"A",,"A",,"R",368,"A",,"A",,"A",,"A",,"A",
214971, 1,"R",273,"R",8,"R",0,"R",265,"R",3,"R",5,"R",0,"R",0,"R",0
214971, 2,"R",199,"R",0,"R",0,"R",199,"A",,"A",,"A",,"A",,"A",
214971, 3,"R",199,"R",0,"R",0,"R",199,"A",,"A",,"A",,"A",,"A",
214971,12,"R",74,"R",8,"R",0,"R",66,"R",3,"R",5,"R",0,"R",0,"R",0
215008, 1,"R",72,"A",,"A",,"R",72,"A",,"A",,"A",,"A",,"A",
215008, 2,"R",72,"A",,"A",,"R",72,"A",,"A",,"A",,"A",,"A",
215044, 1,"R",128,"A",,"A",,"R",128,"A",,"A",,"A",,"A",,"A",
215044, 2,"R",128,"A",,"A",,"R",128,"A",,"A",,"A",,"A",,"A",
215053, 1,"R",251,"A",,"A",,"R",251,"A",,"A",,"A",,"A",,"A",
215053, 2,"R",251,"A",,"A",,"R",251,"A",,"A",,"A",,"A",,"A",
215053, 3,"R",251,"A",,"A",,"R",251,"A",,"A",,"A",,"A",,"A",
215062, 1,"R",25860,"R",326,"R",259,"R",25275,"R",178,"R",146,"R",0,"R",2,"R",0
215062, 2,"R",11851,"R",55,"R",87,"R",11709,"R",48,"R",5,"R",0,"R",2,"R",0
215062, 3,"R",10764,"R",23,"R",52,"R",10689,"R",17,"R",4,"R",0,"R",2,"R",0
215062,11,"R",1087,"R",32,"R",35,"R",1020,"R",31,"R",1,"R",0,"R",0,"R",0
215062,12,"R",14009,"R",271,"R",172,"R",13566,"R",130,"R",141,"R",0,"R",0,"R",0
215105, 1,"R",1914,"R",0,"R",0,"R",1914,"A",,"A",,"A",,"A",,"A",
215105, 2,"R",1734,"A",,"A",,"R",1734,"A",,"A",,"A",,"A",,"A",
215105, 3,"R",1717,"A",,"A",,"R",1717,"A",,"A",,"A",,"A",,"A",
215105,11,"R",17,"A",,"A",,"R",17,"A",,"A",,"A",,"A",,"A",
215105,12,"R",180,"R",0,"R",0,"R",180,"A",,"A",,"A",,"A",,"A",
215114, 1,"R",1143,"R",172,"R",190,"R",781,"R",63,"R",77,"R",0,"R",32,"R",0
215114, 2,"R",791,"R",12,"R",139,"R",640,"R",5,"R",7,"R",0,"R",0,"R",0
215114, 3,"R",776,"R",12,"R",138,"R",626,"R",5,"R",7,"R",0,"R",0,"R",0
215114,11,"R",15,"R",0,"R",1,"R",14,"A",,"A",,"A",,"A",,"A",
215114,12,"R",352,"R",160,"R",51,"R",141,"R",58,"R",70,"R",0,"R",32,"R",0
215123, 1,"R",2855,"R",57,"R",0,"R",2798,"R",36,"R",21,"Z",0,"Z",0,"R",0
215123,12,"R",2855,"R",57,"R",0,"R",2798,"R",36,"R",21,"Z",0,"Z",0,"R",0
215132, 1,"R",2231,"R",83,"R",379,"R",1769,"R",47,"R",34,"R",1,"R",1,"R",0
215132, 2,"R",1231,"R",0,"R",278,"R",953,"A",,"A",,"A",,"A",,"A",
215132, 3,"R",1225,"R",0,"R",278,"R",947,"A",,"A",,"A",,"A",,"A",
215132,11,"R",6,"R",0,"R",0,"R",6,"A",,"A",,"A",,"A",,"A",
215132,12,"R",1000,"R",83,"R",101,"R",816,"R",47,"R",34,"R",1,"R",1,"R",0
215239, 1,"R",16672,"R",1882,"R",3391,"R",11399,"R",1841,"R",33,"Z",0,"R",8,"R",0
215239, 2,"R",16672,"R",1882,"R",3391,"R",11399,"R",1841,"R",33,"Z",0,"R",8,"R",0
215239, 3,"R",15470,"R",1706,"R",3317,"R",10447,"R",1676,"R",23,"Z",0,"R",7,"R",0
215239,11,"R",1202,"R",176,"R",74,"R",952,"R",165,"R",10,"Z",0,"R",1,"R",0
215266, 1,"R",1281,"R",0,"R",184,"R",1097,"A",,"A",,"A",,"A",,"A",
215266, 2,"R",1281,"R",0,"R",184,"R",1097,"A",,"A",,"A",,"A",,"A",
215266, 3,"R",1246,"Z",0,"R",184,"R",1062,"A",,"A",,"A",,"A",,"A",
215266,11,"R",35,"R",0,"Z",0,"R",35,"A",,"A",,"A",,"A",,"A",
215275, 1,"R",1508,"Z",0,"R",58,"R",1450,"A",,"A",,"A",,"A",,"A",
215275, 2,"R",1508,"Z",0,"R",58,"R",1450,"A",,"A",,"A",,"A",,"A",
215275, 3,"R",1506,"Z",0,"R",58,"R",1448,"A",,"A",,"A",,"A",,"A",
215275,11,"R",2,"Z",0,"Z",0,"R",2,"A",,"A",,"A",,"A",,"A",
215284, 1,"R",2600,"Z",0,"R",1,"R",2599,"A",,"A",,"A",,"A",,"A",
215284, 2,"R",2600,"Z",0,"R",1,"R",2599,"A",,"A",,"A",,"A",,"A",
215284, 3,"R",2598,"Z",0,"R",1,"R",2597,"A",,"A",,"A",,"A",,"A",
215284,11,"R",2,"Z",0,"Z",0,"R",2,"A",,"A",,"A",,"A",,"A",
215293, 1,"R",28673,"R",395,"R",1366,"R",26912,"R",315,"R",72,"Z",0,"R",6,"R",2
215293, 2,"R",19330,"R",60,"R",826,"R",18444,"R",53,"R",7,"Z",0,"Z",0,"R",0
215293, 3,"R",19127,"R",53,"R",821,"R",18253,"R",46,"R",7,"Z",0,"Z",0,"R",0
215293,11,"R",203,"R",7,"R",5,"R",191,"R",7,"Z",0,"Z",0,"Z",0,"R",0
215293,12,"R",9343,"R",335,"R",540,"R",8468,"R",262,"R",65,"Z",0,"R",6,"R",2
215309, 1,"R",225,"Z",0,"R",2,"R",223,"A",,"A",,"A",,"A",,"A",
215309, 2,"R",225,"Z",0,"R",2,"R",223,"A",,"A",,"A",,"A",,"A",
215309, 3,"R",223,"Z",0,"R",2,"R",221,"A",,"A",,"A",,"A",,"A",
215309,11,"R",2,"Z",0,"Z",0,"R",2,"A",,"A",,"A",,"A",,"A",
215336, 1,"R",26,"A",,"A",,"R",26,"A",,"A",,"A",,"A",,"A",
215336, 2,"R",26,"A",,"A",,"R",26,"A",,"A",,"A",,"A",,"A",
215381, 1,"R",499,"A",,"A",,"R",499,"A",,"A",,"A",,"A",,"A",
215381, 2,"R",499,"A",,"A",,"R",499,"A",,"A",,"A",,"A",,"A",
215381, 3,"R",499,"A",,"A",,"R",499,"A",,"A",,"A",,"A",,"A",
215390, 1,"R",217,"R",53,"Z",0,"R",164,"R",22,"R",31,"Z",0,"Z",0,"R",0
215390, 2,"R",217,"R",53,"Z",0,"R",164,"R",22,"R",31,"Z",0,"Z",0,"R",0
215390, 3,"R",217,"R",53,"Z",0,"R",164,"R",22,"R",31,"Z",0,"Z",0,"R",0
215415, 1,"R",1651,"R",160,"R",249,"R",1242,"R",133,"R",27,"R",0,"R",0,"R",0
215415, 2,"R",1651,"R",160,"R",249,"R",1242,"R",133,"R",27,"R",0,"R",0,"R",0
215415, 3,"R",1648,"R",159,"R",249,"R",1240,"R",132,"R",27,"R",0,"R",0,"R",0
215415,11,"R",3,"R",1,"R",0,"R",2,"R",1,"R",0,"R",0,"R",0,"R",0
215424, 1,"R",206,"A",,"A",,"R",206,"A",,"A",,"A",,"A",,"A",
215424,12,"R",206,"A",,"A",,"R",206,"A",,"A",,"A",,"A",,"A",
215442, 1,"R",4099,"R",860,"R",879,"R",2360,"R",777,"R",83,"Z",0,"Z",0,"R",0
215442, 2,"R",3196,"R",418,"R",806,"R",1972,"R",377,"R",41,"Z",0,"Z",0,"R",0
215442, 3,"R",3170,"R",414,"R",806,"R",1950,"R",373,"R",41,"Z",0,"Z",0,"R",0
215442,11,"R",26,"R",4,"R",0,"R",22,"R",4,"R",0,"Z",0,"Z",0,"R",0
215442,12,"R",903,"R",442,"R",73,"R",388,"R",400,"R",42,"Z",0,"Z",0,"R",0
215479, 1,"R",65,"A",,"A",,"R",65,"A",,"A",,"A",,"A",,"A",
215479, 2,"R",65,"A",,"A",,"R",65,"A",,"A",,"A",,"A",,"A",
215530, 1,"R",71,"A",,"A",,"R",71,"A",,"A",,"A",,"A",,"A",
215530, 2,"R",71,"A",,"A",,"R",71,"A",,"A",,"A",,"A",,"A",
215585, 1,"R",4199,"R",424,"R",879,"R",2896,"R",421,"R",3,"R",0,"R",0,"R",0
215585, 2,"R",4199,"R",424,"R",879,"R",2896,"R",421,"R",3,"R",0,"R",0,"R",0
215585, 3,"R",3381,"R",353,"R",849,"R",2179,"R",352,"R",1,"R",0,"R",0,"R",0
215585,11,"R",818,"R",71,"R",30,"R",717,"R",69,"R",2,"R",0,"R",0,"R",0
215594, 1,"R",329,"A",,"A",,"R",329,"A",,"A",,"A",,"A",,"A",
215594, 2,"R",329,"A",,"A",,"R",329,"A",,"A",,"A",,"A",,"A",
215619, 1,"R",34,"A",,"A",,"R",34,"A",,"A",,"A",,"A",,"A",
215619,12,"R",34,"A",,"A",,"R",34,"A",,"A",,"A",,"A",,"A",
215628, 1,"R",89,"R",24,"R",18,"R",47,"R",5,"R",11,"Z",0,"R",8,"R",0
215628,12,"R",89,"R",24,"R",18,"R",47,"R",5,"R",11,"Z",0,"R",8,"R",0
215637, 1,"R",335,"A",,"A",,"R",335,"A",,"A",,"A",,"A",,"A",
215637, 2,"R",335,"A",,"A",,"R",335,"A",,"A",,"A",,"A",,"A",
215637, 3,"R",335,"A",,"A",,"R",335,"A",,"A",,"A",,"A",,"A",
215655, 1,"R",4895,"R",672,"R",1079,"R",3144,"R",581,"R",85,"R",0,"R",6,"R",0
215655, 2,"R",4005,"R",264,"R",991,"R",2750,"R",233,"R",30,"R",0,"R",1,"R",0
215655, 3,"R",3979,"R",261,"R",978,"R",2740,"R",230,"R",30,"R",0,"R",1,"R",0
215655,11,"R",26,"R",3,"R",13,"R",10,"R",3,"R",0,"R",0,"R",0,"R",0
215655,12,"R",890,"R",408,"R",88,"R",394,"R",348,"R",55,"Z",0,"R",5,"R",0
215682, 1,"R",417,"A",,"A",,"R",417,"A",,"A",,"A",,"A",,"A",
215682, 2,"R",417,"A",,"A",,"R",417,"A",,"A",,"A",,"A",,"A",
215682, 3,"R",417,"A",,"A",,"R",417,"A",,"A",,"A",,"A",,"A",
215691, 1,"R",945,"R",165,"R",222,"R",558,"R",120,"R",27,"Z",0,"R",18,"R",0
215691, 2,"R",572,"R",53,"R",141,"R",378,"R",32,"R",3,"Z",0,"R",18,"R",0
215691, 3,"R",544,"R",35,"R",140,"R",369,"R",32,"R",3,"Z",0,"Z",0,"R",0
215691,11,"R",28,"R",18,"R",1,"R",9,"Z",0,"Z",0,"Z",0,"R",18,"R",0
215691,12,"R",373,"R",112,"R",81,"R",180,"R",88,"R",24,"Z",0,"Z",0,"R",0
215743, 1,"R",2611,"R",458,"R",1542,"R",611,"R",348,"R",109,"R",0,"R",1,"R",0
215743, 2,"R",2102,"R",234,"R",1447,"R",421,"R",228,"R",6,"R",0,"R",0,"R",0
215743, 3,"R",1668,"R",206,"R",1446,"R",16,"R",200,"R",6,"R",0,"R",0,"R",0
215743,11,"R",434,"R",28,"R",1,"R",405,"R",28,"R",0,"R",0,"R",0,"R",0
215743,12,"R",509,"R",224,"R",95,"R",190,"R",120,"R",103,"R",0,"R",1,"R",0
215770, 1,"R",7589,"R",2074,"R",1117,"R",4398,"R",1120,"R",937,"R",0,"R",14,"R",3
215770, 2,"R",4904,"R",166,"R",826,"R",3912,"R",103,"R",62,"R",0,"R",1,"R",0
215770, 3,"R",4814,"R",165,"R",823,"R",3826,"R",103,"R",61,"R",0,"R",1,"R",0
215770,11,"R",90,"R",1,"R",3,"R",86,"R",0,"R",1,"R",0,"R",0,"R",0
215770,12,"R",2685,"R",1908,"R",291,"R",486,"R",1017,"R",875,"R",0,"R",13,"R",3
215798, 1,"R",1867,"R",0,"R",249,"R",1618,"A",,"A",,"A",,"A",,"A",
215798, 2,"R",1676,"R",0,"R",223,"R",1453,"A",,"A",,"A",,"A",,"A",
215798, 3,"R",1607,"R",0,"R",223,"R",1384,"A",,"A",,"A",,"A",,"A",
215798,11,"R",69,"R",0,"R",0,"R",69,"A",,"A",,"A",,"A",,"A",
215798,12,"R",191,"R",0,"R",26,"R",165,"A",,"A",,"A",,"A",,"A",
215813, 1,"R",51,"R",0,"R",3,"R",48,"A",,"A",,"A",,"A",,"A",
215813,12,"R",51,"R",0,"R",3,"R",48,"A",,"A",,"A",,"A",,"A",
215886, 1,"R",70,"A",,"A",,"R",70,"A",,"A",,"A",,"A",,"A",
215886, 2,"R",70,"A",,"A",,"R",70,"A",,"A",,"A",,"A",,"A",
215886, 3,"R",70,"A",,"A",,"R",70,"A",,"A",,"A",,"A",,"A",
215929, 1,"R",5286,"R",850,"R",119,"R",4317,"R",283,"R",564,"R",1,"R",2,"R",0
215929, 2,"R",3729,"R",2,"R",105,"R",3622,"R",2,"Z",0,"Z",0,"Z",0,"R",0
215929, 3,"R",3624,"R",0,"R",105,"R",3519,"A",,"A",,"A",,"A",,"A",
215929,11,"R",105,"R",2,"R",0,"R",103,"R",2,"Z",0,"Z",0,"Z",0,"R",0
215929,12,"R",1557,"R",848,"R",14,"R",695,"R",281,"R",564,"R",1,"R",2,"R",0
215947, 1,"R",2297,"R",163,"R",637,"R",1497,"R",136,"R",26,"R",1,"Z",0,"R",0
215947, 2,"R",1951,"R",75,"R",496,"R",1380,"R",60,"R",15,"Z",0,"Z",0,"R",0
215947, 3,"R",1671,"R",62,"R",496,"R",1113,"R",55,"R",7,"Z",0,"Z",0,"R",0
215947,11,"R",280,"R",13,"R",0,"R",267,"R",5,"R",8,"Z",0,"Z",0,"R",0
215947,12,"R",346,"R",88,"R",141,"R",117,"R",76,"R",11,"R",1,"Z",0,"R",0
215974, 1,"R",263,"A",,"A",,"R",263,"A",,"A",,"A",,"A",,"A",
215974, 2,"R",263,"A",,"A",,"R",263,"A",,"A",,"A",,"A",,"A",
215983, 1,"R",14,"A",,"A",,"R",14,"A",,"A",,"A",,"A",,"A",
215983, 2,"R",14,"A",,"A",,"R",14,"A",,"A",,"A",,"A",,"A",
215992, 1,"R",168,"A",,"A",,"R",168,"A",,"A",,"A",,"A",,"A",
215992, 2,"R",168,"A",,"A",,"R",168,"A",,"A",,"A",,"A",,"A",
215992, 3,"R",168,"A",,"A",,"R",168,"A",,"A",,"A",,"A",,"A",
216010, 1,"R",6381,"R",187,"R",83,"R",6111,"R",169,"R",0,"R",0,"R",0,"R",18
216010, 2,"R",5487,"R",16,"R",20,"R",5451,"R",15,"R",0,"R",0,"R",0,"R",1
216010, 3,"R",5343,"R",5,"R",0,"R",5338,"R",4,"R",0,"R",0,"R",0,"R",1
216010,11,"R",144,"R",11,"R",20,"R",113,"R",11,"R",0,"R",0,"R",0,"R",0
216010,12,"R",894,"R",171,"R",63,"R",660,"R",154,"R",0,"R",0,"R",0,"R",17
216038, 1,"R",8803,"R",1041,"R",1777,"R",5985,"R",907,"R",132,"R",0,"R",2,"R",0
216038, 2,"R",7517,"R",280,"R",1667,"R",5570,"R",260,"R",19,"R",0,"R",1,"R",0
216038, 3,"R",7436,"R",273,"R",1658,"R",5505,"R",253,"R",19,"R",0,"R",1,"R",0
216038,11,"R",81,"R",7,"R",9,"R",65,"R",7,"R",0,"R",0,"R",0,"R",0
216038,12,"R",1286,"R",761,"R",110,"R",415,"R",647,"R",113,"R",0,"R",1,"R",0
216047, 1,"R",227,"A",,"A",,"R",227,"A",,"A",,"A",,"A",,"A",
216047, 2,"R",65,"A",,"A",,"R",65,"A",,"A",,"A",,"A",,"A",
216047, 3,"R",62,"A",,"A",,"R",62,"A",,"A",,"A",,"A",,"A",
216047,11,"R",3,"A",,"A",,"R",3,"A",,"A",,"A",,"A",,"A",
216047,12,"R",162,"A",,"A",,"R",162,"A",,"A",,"A",,"A",,"A",
216074, 1,"R",90,"A",,"A",,"R",90,"A",,"A",,"A",,"A",,"A",
216074, 2,"R",90,"A",,"A",,"R",90,"A",,"A",,"A",,"A",,"A",
216083, 1,"R",406,"A",,"A",,"R",406,"A",,"A",,"A",,"A",,"A",
216083, 2,"R",406,"A",,"A",,"R",406,"A",,"A",,"A",,"A",,"A",
216083, 3,"R",404,"A",,"A",,"R",404,"A",,"A",,"A",,"A",,"A",
216083,11,"R",2,"A",,"A",,"R",2,"A",,"A",,"A",,"A",,"A",
216162, 1,"R",157,"A",,"A",,"R",157,"A",,"A",,"A",,"A",,"A",
216162, 2,"R",157,"A",,"A",,"R",157,"A",,"A",,"A",,"A",,"A",
216223, 1,"R",32,"A",,"A",,"R",32,"A",,"A",,"A",,"A",,"A",
216223, 2,"R",32,"A",,"A",,"R",32,"A",,"A",,"A",,"A",,"A",
216278, 1,"R",2396,"R",0,"R",0,"R",2396,"A",,"A",,"A",,"A",,"A",
216278, 2,"R",2393,"R",0,"R",0,"R",2393,"A",,"A",,"A",,"A",,"A",
216278, 3,"R",2310,"R",0,"R",0,"R",2310,"A",,"A",,"A",,"A",,"A",
216278,11,"R",83,"R",0,"R",0,"R",83,"A",,"A",,"A",,"A",,"A",
216278,12,"R",3,"A",,"A",,"R",3,"A",,"A",,"A",,"A",,"A",
216287, 1,"R",1559,"A",,"A",,"R",1559,"A",,"A",,"A",,"A",,"A",
216287, 2,"R",1559,"A",,"A",,"R",1559,"A",,"A",,"A",,"A",,"A",
216287, 3,"R",1544,"A",,"A",,"R",1544,"A",,"A",,"A",,"A",,"A",
216287,11,"R",15,"A",,"A",,"R",15,"A",,"A",,"A",,"A",,"A",
216296, 1,"R",1233,"R",0,"R",0,"R",1233,"A",,"A",,"A",,"A",,"A",
216296, 2,"R",1233,"R",0,"R",0,"R",1233,"A",,"A",,"A",,"A",,"A",
216296, 3,"R",1233,"R",0,"R",0,"R",1233,"A",,"A",,"A",,"A",,"A",
216311, 1,"R",123,"A",,"A",,"R",123,"A",,"A",,"A",,"A",,"A",
216311, 2,"R",123,"A",,"A",,"R",123,"A",,"A",,"A",,"A",,"A",
216311, 3,"R",123,"A",,"A",,"R",123,"A",,"A",,"A",,"A",,"A",
216339, 1,"R",39740,"R",1684,"R",5543,"R",32513,"R",1085,"R",578,"R",0,"R",21,"R",0
216339, 2,"R",29484,"R",489,"R",4699,"R",24296,"R",404,"R",80,"R",0,"R",5,"R",0
216339, 3,"R",28965,"R",451,"R",4682,"R",23832,"R",370,"R",76,"R",0,"R",5,"R",0
216339,11,"R",519,"R",38,"R",17,"R",464,"R",34,"R",4,"R",0,"R",0,"R",0
216339,12,"R",10256,"R",1195,"R",844,"R",8217,"R",681,"R",498,"R",0,"R",16,"R",0
216348, 1,"R",17,"A",,"A",,"R",17,"A",,"A",,"A",,"A",,"A",
216348,12,"R",17,"A",,"A",,"R",17,"A",,"A",,"A",,"A",,"A",
216357, 1,"R",742,"A",,"A",,"R",742,"A",,"A",,"A",,"A",,"A",
216357, 2,"R",742,"A",,"A",,"R",742,"A",,"A",,"A",,"A",,"A",
216357, 3,"R",704,"A",,"A",,"R",704,"A",,"A",,"A",,"A",,"A",
216357,11,"R",38,"A",,"A",,"R",38,"A",,"A",,"A",,"A",,"A",
216366, 1,"R",7786,"R",1058,"R",1380,"R",5348,"R",685,"R",316,"R",7,"R",50,"R",0
216366, 2,"R",3550,"R",319,"R",694,"R",2537,"R",274,"R",39,"R",0,"R",6,"R",0
216366, 3,"R",3495,"R",303,"R",669,"R",2523,"R",260,"R",37,"R",0,"R",6,"R",0
216366,11,"R",55,"R",16,"R",25,"R",14,"R",14,"R",2,"R",0,"R",0,"R",0
216366,12,"R",4236,"R",739,"R",686,"R",2811,"R",411,"R",277,"R",7,"R",44,"R",0
216418, 1,"R",194,"R",0,"R",43,"R",151,"A",,"A",,"A",,"A",,"A",
216418, 2,"R",194,"R",0,"R",43,"R",151,"A",,"A",,"A",,"A",,"A",
216418, 3,"R",194,"R",0,"R",43,"R",151,"A",,"A",,"A",,"A",,"A",
216427, 1,"R",15,"A",,"A",,"R",15,"A",,"A",,"A",,"A",,"A",
216427, 2,"R",15,"A",,"A",,"R",15,"A",,"A",,"A",,"A",,"A",
216427, 3,"R",15,"A",,"A",,"R",15,"A",,"A",,"A",,"A",,"A",
216436, 1,"R",149,"A",,"A",,"R",149,"A",,"A",,"A",,"A",,"A",
216436, 2,"R",149,"A",,"A",,"R",149,"A",,"A",,"A",,"A",,"A",
216436, 3,"R",149,"A",,"A",,"R",149,"A",,"A",,"A",,"A",,"A",
216445, 1,"R",120,"A",,"A",,"R",120,"A",,"A",,"A",,"A",,"A",
216445, 2,"R",120,"A",,"A",,"R",120,"A",,"A",,"A",,"A",,"A",
216445, 3,"R",120,"A",,"A",,"R",120,"A",,"A",,"A",,"A",,"A",
216454, 1,"R",111,"A",,"A",,"R",111,"A",,"A",,"A",,"A",,"A",
216454, 2,"R",111,"A",,"A",,"R",111,"A",,"A",,"A",,"A",,"A",
216454, 3,"R",111,"A",,"A",,"R",111,"A",,"A",,"A",,"A",,"A",
216463, 1,"R",163,"R",73,"R",30,"R",60,"R",6,"R",50,"R",0,"R",17,"R",0
216463,12,"R",163,"R",73,"R",30,"R",60,"R",6,"R",50,"R",0,"R",17,"R",0
216524, 1,"R",1435,"A",,"A",,"R",1435,"A",,"A",,"A",,"A",,"A",
216524, 2,"R",1435,"A",,"A",,"R",1435,"A",,"A",,"A",,"A",,"A",
216524, 3,"R",1406,"A",,"A",,"R",1406,"A",,"A",,"A",,"A",,"A",
216524,11,"R",29,"A",,"A",,"R",29,"A",,"A",,"A",,"A",,"A",
216542, 1,"R",657,"R",141,"R",249,"R",267,"R",82,"R",58,"R",0,"R",1,"R",0
216542, 2,"R",607,"R",102,"R",246,"R",259,"R",55,"R",47,"R",0,"R",0,"R",0
216542, 3,"R",569,"R",66,"R",246,"R",257,"R",32,"R",34,"R",0,"R",0,"R",0
216542,11,"R",38,"R",36,"R",0,"R",2,"R",23,"R",13,"R",0,"R",0,"R",0
216542,12,"R",50,"R",39,"R",3,"R",8,"R",27,"R",11,"R",0,"R",1,"R",0
216551, 1,"R",306,"A",,"A",,"R",306,"A",,"A",,"A",,"A",,"A",
216551, 2,"R",306,"A",,"A",,"R",306,"A",,"A",,"A",,"A",,"A",
216551, 3,"R",306,"A",,"A",,"R",306,"A",,"A",,"A",,"A",,"A",
216579, 1,"R",88,"A",,"A",,"R",88,"A",,"A",,"A",,"A",,"A",
216579, 2,"R",88,"A",,"A",,"R",88,"A",,"A",,"A",,"A",,"A",
216597, 1,"R",11030,"R",1576,"R",1222,"R",8232,"R",497,"R",1050,"R",6,"R",18,"R",5
216597, 2,"R",6917,"R",141,"R",910,"R",5866,"R",65,"R",75,"Z",0,"R",1,"R",0
216597, 3,"R",6819,"R",139,"R",908,"R",5772,"R",64,"R",74,"Z",0,"R",1,"R",0
216597,11,"R",98,"R",2,"R",2,"R",94,"R",1,"R",1,"Z",0,"Z",0,"R",0
216597,12,"R",4113,"R",1435,"R",312,"R",2366,"R",432,"R",975,"R",6,"R",17,"R",5
216630, 1,"R",58,"A",,"A",,"R",58,"A",,"A",,"A",,"A",,"A",
216630, 2,"R",58,"A",,"A",,"R",58,"A",,"A",,"A",,"A",,"A",
216667, 1,"R",1357,"A",,"A",,"R",1357,"A",,"A",,"A",,"A",,"A",
216667, 2,"R",1356,"A",,"A",,"R",1356,"A",,"A",,"A",,"A",,"A",
216667, 3,"R",1336,"A",,"A",,"R",1336,"A",,"A",,"A",,"A",,"A",
216667,11,"R",20,"A",,"A",,"R",20,"A",,"A",,"A",,"A",,"A",
216667,12,"R",1,"A",,"A",,"R",1,"A",,"A",,"A",,"A",,"A",
216694, 1,"R",1674,"R",160,"R",57,"R",1457,"R",138,"R",22,"Z",0,"Z",0,"R",0
216694, 2,"R",1330,"R",22,"R",9,"R",1299,"R",21,"R",1,"Z",0,"Z",0,"R",0
216694, 3,"R",1322,"R",22,"R",9,"R",1291,"R",21,"R",1,"Z",0,"Z",0,"R",0
216694,11,"R",8,"R",0,"R",0,"R",8,"A",,"A",,"A",,"A",,"A",
216694,12,"R",344,"R",138,"R",48,"R",158,"R",117,"R",21,"Z",0,"Z",0,"R",0
216746, 1,"R",66,"A",,"A",,"R",66,"A",,"A",,"A",,"A",,"A",
216746, 2,"R",66,"A",,"A",,"R",66,"A",,"A",,"A",,"A",,"A",
216764, 1,"R",17527,"R",1285,"R",2140,"R",14102,"R",1082,"R",169,"R",0,"R",34,"R",0
216764, 2,"R",14567,"R",123,"R",1892,"R",12552,"R",116,"R",2,"R",0,"R",5,"R",0
216764, 3,"R",14249,"R",119,"R",1889,"R",12241,"R",113,"R",1,"R",0,"R",5,"R",0
216764,11,"R",318,"R",4,"R",3,"R",311,"R",3,"R",1,"R",0,"R",0,"R",0
216764,12,"R",2960,"R",1162,"R",248,"R",1550,"R",966,"R",167,"R",0,"R",29,"R",0
216773, 1,"R",123,"A",,"A",,"R",123,"A",,"A",,"A",,"A",,"A",
216773, 2,"R",123,"A",,"A",,"R",123,"A",,"A",,"A",,"A",,"A",
216782, 1,"R",136,"A",,"A",,"R",136,"A",,"A",,"A",,"A",,"A",
216782, 2,"R",136,"A",,"A",,"R",136,"A",,"A",,"A",,"A",,"A",
216782, 3,"R",136,"A",,"A",,"R",136,"A",,"A",,"A",,"A",,"A",
216807, 1,"R",1269,"R",49,"R",0,"R",1220,"R",0,"R",6,"R",0,"R",0,"R",43
216807, 2,"R",1198,"R",0,"R",0,"R",1198,"A",,"A",,"A",,"A",,"A",
216807, 3,"R",1173,"R",0,"R",0,"R",1173,"A",,"A",,"A",,"A",,"A",
216807,11,"R",25,"R",0,"R",0,"R",25,"A",,"A",,"A",,"A",,"A",
216807,12,"R",71,"R",49,"R",0,"R",22,"R",0,"R",6,"R",0,"R",0,"R",43
216816, 1,"R",731,"R",221,"R",43,"R",467,"R",24,"R",155,"R",0,"R",42,"R",0
216816,12,"R",731,"R",221,"R",43,"R",467,"R",24,"R",155,"R",0,"R",42,"R",0
216825, 1,"R",4848,"R",845,"R",2134,"R",1869,"R",837,"R",8,"R",0,"R",0,"R",0
216825, 2,"R",4848,"R",845,"R",2134,"R",1869,"R",837,"R",8,"R",0,"R",0,"R",0
216825, 3,"R",3606,"R",672,"R",1928,"R",1006,"R",671,"R",1,"R",0,"R",0,"R",0
216825,11,"R",1242,"R",173,"R",206,"R",863,"R",166,"R",7,"R",0,"R",0,"R",0
216852, 1,"R",6621,"R",1148,"R",1254,"R",4219,"R",547,"R",601,"R",0,"R",0,"R",0
216852, 2,"R",3367,"R",191,"R",363,"R",2813,"R",138,"R",53,"R",0,"R",0,"R",0
216852, 3,"R",3201,"R",191,"R",363,"R",2647,"R",138,"R",53,"R",0,"R",0,"R",0
216852,11,"R",166,"R",0,"R",0,"R",166,"A",,"A",,"A",,"A",,"A",
216852,12,"R",3254,"R",957,"R",891,"R",1406,"R",409,"R",548,"R",0,"R",0,"R",0
216931, 1,"R",5132,"R",2222,"R",876,"R",2034,"R",1672,"R",527,"R",0,"R",23,"R",0
216931, 2,"R",2455,"R",61,"R",797,"R",1597,"R",46,"R",15,"R",0,"R",0,"R",0
216931, 3,"R",2358,"R",60,"R",793,"R",1505,"R",45,"R",15,"R",0,"R",0,"R",0
216931,11,"R",97,"R",1,"R",4,"R",92,"R",1,"R",0,"R",0,"R",0,"R",0
216931,12,"R",2677,"R",2161,"R",79,"R",437,"R",1626,"R",512,"R",0,"R",23,"R",0
216940, 1,"R",257,"A",,"A",,"R",257,"A",,"A",,"A",,"A",,"A",
216940, 2,"R",257,"A",,"A",,"R",257,"A",,"A",,"A",,"A",,"A",
216940, 3,"R",257,"A",,"A",,"R",257,"A",,"A",,"A",,"A",,"A",
217013, 1,"R",1499,"R",213,"R",264,"R",1022,"R",172,"R",41,"R",0,"R",0,"R",0
217013, 2,"R",1044,"R",53,"R",254,"R",737,"R",49,"R",4,"R",0,"R",0,"R",0
217013, 3,"R",832,"R",25,"R",196,"R",611,"R",21,"R",4,"R",0,"R",0,"R",0
217013,11,"R",212,"R",28,"R",58,"R",126,"R",28,"R",0,"R",0,"R",0,"R",0
217013,12,"R",455,"R",160,"R",10,"R",285,"R",123,"R",37,"R",0,"R",0,"R",0
217040, 1,"R",33,"A",,"A",,"R",33,"A",,"A",,"A",,"A",,"A",
217040, 2,"R",32,"A",,"A",,"R",32,"A",,"A",,"A",,"A",,"A",
217040, 3,"R",32,"A",,"A",,"R",32,"A",,"A",,"A",,"A",,"A",
217040,12,"R",1,"A",,"A",,"R",1,"A",,"A",,"A",,"A",,"A",
217059, 1,"R",4317,"R",0,"R",149,"R",4168,"A",,"A",,"A",,"A",,"A",
217059, 2,"R",4050,"R",0,"R",138,"R",3912,"A",,"A",,"A",,"A",,"A",
217059, 3,"R",3960,"R",0,"R",138,"R",3822,"A",,"A",,"A",,"A",,"A",
217059,11,"R",90,"R",0,"R",0,"R",90,"A",,"A",,"A",,"A",,"A",
217059,12,"R",267,"R",0,"R",11,"R",256,"A",,"A",,"A",,"A",,"A",
217077, 1,"R",1327,"A",,"A",,"R",1327,"A",,"A",,"A",,"A",,"A",
217077, 2,"R",1327,"A",,"A",,"R",1327,"A",,"A",,"A",,"A",,"A",
217077, 3,"R",1327,"A",,"A",,"R",1327,"A",,"A",,"A",,"A",,"A",
217156, 1,"R",10257,"A",,"A",,"R",10257,"A",,"A",,"A",,"A",,"A",
217156, 2,"R",7043,"A",,"A",,"R",7043,"A",,"A",,"A",,"A",,"A",
217156, 3,"R",6752,"A",,"A",,"R",6752,"A",,"A",,"A",,"A",,"A",
217156,11,"R",291,"A",,"A",,"R",291,"A",,"A",,"A",,"A",,"A",
217156,12,"R",3214,"A",,"A",,"R",3214,"A",,"A",,"A",,"A",,"A",
217165, 1,"R",3651,"R",0,"R",0,"R",3651,"A",,"A",,"A",,"A",,"A",
217165, 2,"R",3362,"A",,"A",,"R",3362,"A",,"A",,"A",,"A",,"A",
217165, 3,"R",3334,"A",,"A",,"R",3334,"A",,"A",,"A",,"A",,"A",
217165,11,"R",28,"A",,"A",,"R",28,"A",,"A",,"A",,"A",,"A",
217165,12,"R",289,"Z",0,"Z",0,"R",289,"A",,"A",,"A",,"A",,"A",
217235, 1,"R",7360,"R",126,"R",926,"R",6308,"R",40,"R",81,"R",1,"R",4,"R",0
217235, 2,"R",6681,"R",109,"R",851,"R",5721,"R",32,"R",72,"R",1,"R",4,"R",0
217235, 3,"R",6569,"R",108,"R",850,"R",5611,"R",32,"R",72,"R",0,"R",4,"R",0
217235,11,"R",112,"R",1,"R",1,"R",110,"R",0,"R",0,"R",1,"R",0,"R",0
217235,12,"R",679,"R",17,"R",75,"R",587,"R",8,"R",9,"Z",0,"R",0,"R",0
217305, 1,"R",2763,"R",171,"R",564,"R",2028,"R",105,"R",64,"R",2,"R",0,"R",0
217305, 2,"R",2596,"R",132,"R",529,"R",1935,"R",83,"R",48,"R",1,"R",0,"R",0
217305, 3,"R",2596,"R",132,"R",529,"R",1935,"R",83,"R",48,"R",1,"R",0,"R",0
217305,12,"R",167,"R",39,"R",35,"R",93,"R",22,"R",16,"R",1,"R",0,"R",0
217323, 1,"R",512,"A",,"A",,"R",512,"A",,"A",,"A",,"A",,"A",
217323, 2,"R",512,"A",,"A",,"R",512,"A",,"A",,"A",,"A",,"A",
217402, 1,"R",4674,"R",22,"R",78,"R",4574,"R",9,"R",13,"Z",0,"Z",0,"R",0
217402, 2,"R",4132,"R",21,"R",77,"R",4034,"R",8,"R",13,"Z",0,"Z",0,"R",0
217402, 3,"R",4079,"R",12,"R",76,"R",3991,"R",6,"R",6,"Z",0,"Z",0,"R",0
217402,11,"R",53,"R",9,"R",1,"R",43,"R",2,"R",7,"Z",0,"Z",0,"R",0
217402,12,"R",542,"R",1,"R",1,"R",540,"R",1,"Z",0,"Z",0,"Z",0,"R",0
217420, 1,"R",7766,"R",17,"R",253,"R",7496,"R",16,"R",1,"Z",0,"Z",0,"R",0
217420, 2,"R",6684,"R",10,"R",227,"R",6447,"R",9,"R",1,"Z",0,"Z",0,"R",0
217420, 3,"R",6480,"R",10,"R",225,"R",6245,"R",9,"R",1,"Z",0,"Z",0,"R",0
217420,11,"R",204,"R",0,"R",2,"R",202,"A",,"A",,"A",,"A",,"A",
217420,12,"R",1082,"R",7,"R",26,"R",1049,"R",7,"Z",0,"Z",0,"Z",0,"R",0
217475, 1,"R",14539,"R",677,"R",2636,"R",11226,"R",627,"R",46,"R",4,"R",0,"R",0
217475, 2,"R",14539,"R",677,"R",2636,"R",11226,"R",627,"R",46,"R",4,"R",0,"R",0
217475, 3,"R",13819,"R",634,"R",2574,"R",10611,"R",586,"R",44,"R",4,"R",0,"R",0
217475,11,"R",720,"R",43,"R",62,"R",615,"R",41,"R",2,"Z",0,"Z",0,"R",0
217484, 1,"R",17777,"R",724,"R",3055,"R",13998,"R",413,"R",293,"R",0,"R",4,"R",14
217484, 2,"R",14778,"R",411,"R",2992,"R",11375,"R",239,"R",163,"R",0,"R",2,"R",7
217484, 3,"R",13743,"R",405,"R",2986,"R",10352,"R",234,"R",162,"R",0,"R",2,"R",7
217484,11,"R",1035,"R",6,"R",6,"R",1023,"R",5,"R",1,"R",0,"R",0,"R",0
217484,12,"R",2999,"R",313,"R",63,"R",2623,"R",174,"R",130,"R",0,"R",2,"R",7
217493, 1,"R",2467,"A",,"A",,"R",2467,"A",,"A",,"A",,"A",,"A",
217493, 2,"R",1994,"A",,"A",,"R",1994,"A",,"A",,"A",,"A",,"A",
217493, 3,"R",1994,"A",,"A",,"R",1994,"A",,"A",,"A",,"A",,"A",
217493,12,"R",473,"A",,"A",,"R",473,"A",,"A",,"A",,"A",,"A",
217518, 1,"R",4860,"R",312,"R",255,"R",4293,"R",189,"R",116,"Z",0,"R",6,"R",1
217518, 2,"R",4537,"R",312,"R",253,"R",3972,"R",189,"R",116,"Z",0,"R",6,"R",1
217518, 3,"R",4347,"R",249,"R",239,"R",3859,"R",130,"R",112,"Z",0,"R",6,"R",1
217518,11,"R",190,"R",63,"R",14,"R",113,"R",59,"R",4,"Z",0,"Z",0,"R",0
217518,12,"R",323,"R",0,"R",2,"R",321,"A",,"A",,"A",,"A",,"A",
217536, 1,"R",2647,"R",216,"R",350,"R",2081,"R",106,"R",108,"Z",0,"R",2,"R",0
217536, 2,"R",2021,"R",14,"R",201,"R",1806,"R",10,"R",4,"Z",0,"Z",0,"R",0
217536, 3,"R",1996,"R",11,"R",201,"R",1784,"R",8,"R",3,"Z",0,"Z",0,"R",0
217536,11,"R",25,"R",3,"Z",0,"R",22,"R",2,"R",1,"Z",0,"Z",0,"R",0
217536,12,"R",626,"R",202,"R",149,"R",275,"R",96,"R",104,"Z",0,"R",2,"R",0
217572, 1,"R",79,"A",,"A",,"R",79,"A",,"A",,"A",,"A",,"A",
217572, 2,"R",79,"A",,"A",,"R",79,"A",,"A",,"A",,"A",,"A",
217581, 1,"R",92,"A",,"A",,"R",92,"A",,"A",,"A",,"A",,"A",
217581, 2,"R",92,"A",,"A",,"R",92,"A",,"A",,"A",,"A",,"A",
217606, 1,"R",343,"R",27,"R",63,"R",253,"R",11,"R",15,"R",0,"R",1,"R",0
217606, 2,"R",295,"R",27,"R",63,"R",205,"R",11,"R",15,"R",0,"R",1,"R",0
217606, 3,"R",291,"R",26,"R",63,"R",202,"R",11,"R",15,"R",0,"R",0,"R",0
217606,11,"R",4,"R",1,"R",0,"R",3,"R",0,"R",0,"R",0,"R",1,"R",0
217606,12,"R",48,"A",,"A",,"R",48,"A",,"A",,"A",,"A",,"A",
217615, 1,"R",2267,"R",225,"R",706,"R",1336,"R",178,"R",45,"R",0,"R",2,"R",0
217615, 2,"R",2267,"R",225,"R",706,"R",1336,"R",178,"R",45,"R",0,"R",2,"R",0
217615, 3,"R",2093,"R",207,"R",688,"R",1198,"R",161,"R",45,"R",0,"R",1,"R",0
217615,11,"R",174,"R",18,"R",18,"R",138,"R",17,"R",0,"R",0,"R",1,"R",0
217624, 1,"R",743,"R",0,"R",121,"R",622,"A",,"A",,"A",,"A",,"A",
217624, 2,"R",698,"R",0,"R",121,"R",577,"A",,"A",,"A",,"A",,"A",
217624, 3,"R",698,"R",0,"R",121,"R",577,"A",,"A",,"A",,"A",,"A",
217624,12,"R",45,"A",,"A",,"R",45,"A",,"A",,"A",,"A",,"A",
217633, 1,"R",3429,"R",541,"R",1036,"R",1852,"R",435,"R",103,"R",0,"R",3,"R",0
217633, 2,"R",2881,"R",243,"R",984,"R",1654,"R",229,"R",14,"R",0,"R",0,"R",0
217633, 3,"R",2685,"R",242,"R",982,"R",1461,"R",228,"R",14,"R",0,"R",0,"R",0
217633,11,"R",196,"R",1,"R",2,"R",193,"R",1,"R",0,"R",0,"R",0,"R",0
217633,12,"R",548,"R",298,"R",52,"R",198,"R",206,"R",89,"R",0,"R",3,"R",0
217688, 1,"R",3414,"R",449,"R",877,"R",2088,"R",378,"R",66,"R",0,"R",5,"R",0
217688, 2,"R",2945,"R",304,"R",653,"R",1988,"R",265,"R",35,"R",0,"R",4,"R",0
217688, 3,"R",2933,"R",304,"R",641,"R",1988,"R",265,"R",35,"R",0,"R",4,"R",0
217688,11,"R",12,"R",0,"R",12,"R",0,"A",,"A",,"A",,"A",,"A",
217688,12,"R",469,"R",145,"R",224,"R",100,"R",113,"R",31,"R",0,"R",1,"R",0
217712, 1,"R",2247,"R",480,"R",714,"R",1053,"R",418,"R",54,"R",0,"R",8,"R",0
217712, 2,"R",2247,"R",480,"R",714,"R",1053,"R",418,"R",54,"R",0,"R",8,"R",0
217712, 3,"R",1817,"R",436,"R",649,"R",732,"R",374,"R",54,"R",0,"R",8,"R",0
217712,11,"R",430,"R",44,"R",65,"R",321,"R",44,"R",0,"R",0,"R",0,"R",0
217721, 1,"R",2165,"A",,"A",,"R",2165,"A",,"A",,"A",,"A",,"A",
217721, 2,"R",2165,"A",,"A",,"R",2165,"A",,"A",,"A",,"A",,"A",
217721, 3,"R",2165,"A",,"A",,"R",2165,"A",,"A",,"A",,"A",,"A",
217749, 1,"R",3005,"R",289,"R",182,"R",2534,"R",50,"R",210,"R",0,"R",29,"R",0
217749, 2,"R",2647,"R",158,"R",153,"R",2336,"R",29,"R",119,"R",0,"R",10,"R",0
217749, 3,"R",2363,"R",15,"R",149,"R",2199,"R",2,"R",11,"R",0,"R",2,"R",0
217749,11,"R",284,"R",143,"R",4,"R",137,"R",27,"R",108,"R",0,"R",8,"R",0
217749,12,"R",358,"R",131,"R",29,"R",198,"R",21,"R",91,"R",0,"R",19,"R",0
217776, 1,"R",1551,"R",786,"R",259,"R",506,"R",721,"R",65,"Z",0,"Z",0,"R",0
217776, 2,"R",1226,"R",461,"R",259,"R",506,"R",426,"R",35,"Z",0,"Z",0,"R",0
217776, 3,"R",1179,"R",421,"R",259,"R",499,"R",388,"R",33,"Z",0,"Z",0,"R",0
217776,11,"R",47,"R",40,"R",0,"R",7,"R",38,"R",2,"Z",0,"Z",0,"R",0
217776,12,"R",325,"R",325,"Z",0,"R",0,"R",295,"R",30,"Z",0,"Z",0,"R",0
217794, 1,"R",202,"A",,"A",,"R",202,"A",,"A",,"A",,"A",,"A",
217794, 2,"R",202,"A",,"A",,"R",202,"A",,"A",,"A",,"A",,"A",
217819, 1,"R",10783,"R",425,"R",1821,"R",8537,"R",403,"R",22,"R",0,"R",0,"R",0
217819, 2,"R",9880,"R",62,"R",1771,"R",8047,"R",47,"R",15,"R",0,"R",0,"R",0
217819, 3,"R",9622,"R",52,"R",1764,"R",7806,"R",38,"R",14,"R",0,"R",0,"R",0
217819,11,"R",258,"R",10,"R",7,"R",241,"R",9,"R",1,"R",0,"R",0,"R",0
217819,12,"R",903,"R",363,"R",50,"R",490,"R",356,"R",7,"R",0,"R",0,"R",0
217828, 1,"R",47,"A",,"A",,"R",47,"A",,"A",,"A",,"A",,"A",
217828, 2,"R",47,"A",,"A",,"R",47,"A",,"A",,"A",,"A",,"A",
217837, 1,"R",1275,"R",607,"R",420,"R",248,"R",598,"R",9,"R",0,"R",0,"R",0
217837, 2,"R",1275,"R",607,"R",420,"R",248,"R",598,"R",9,"R",0,"R",0,"R",0
217837, 3,"R",901,"R",368,"R",378,"R",155,"R",359,"R",9,"R",0,"R",0,"R",0
217837,11,"R",374,"R",239,"R",42,"R",93,"R",239,"R",0,"R",0,"R",0,"R",0
217864, 1,"R",3763,"R",381,"R",350,"R",3032,"R",288,"R",93,"Z",0,"Z",0,"R",0
217864, 2,"R",2911,"R",94,"R",139,"R",2678,"R",79,"R",15,"Z",0,"Z",0,"R",0
217864, 3,"R",2882,"R",94,"R",139,"R",2649,"R",79,"R",15,"Z",0,"Z",0,"R",0
217864,11,"R",29,"Z",0,"Z",0,"R",29,"A",,"A",,"A",,"A",,"A",
217864,12,"R",852,"R",287,"R",211,"R",354,"R",209,"R",78,"Z",0,"Z",0,"R",0
217873, 1,"R",2172,"R",158,"Z",0,"R",2014,"R",146,"R",11,"R",0,"R",1,"R",0
217873, 2,"R",2080,"R",103,"Z",0,"R",1977,"R",96,"R",6,"R",0,"R",1,"R",0
217873, 3,"R",2043,"R",103,"Z",0,"R",1940,"R",96,"R",6,"R",0,"R",1,"R",0
217873,11,"R",37,"Z",0,"Z",0,"R",37,"A",,"A",,"A",,"A",,"A",
217873,12,"R",92,"R",55,"Z",0,"R",37,"R",50,"R",5,"R",0,"R",0,"R",0
217882, 1,"R",24951,"R",1386,"R",4940,"R",18625,"R",591,"R",711,"R",11,"R",73,"R",0
217882, 2,"R",19669,"R",101,"R",4538,"R",15030,"R",33,"R",66,"R",2,"Z",0,"R",0
217882, 3,"R",19564,"R",96,"R",4531,"R",14937,"R",28,"R",66,"R",2,"Z",0,"R",0
217882,11,"R",105,"R",5,"R",7,"R",93,"R",5,"Z",0,"Z",0,"Z",0,"R",0
217882,12,"R",5282,"R",1285,"R",402,"R",3595,"R",558,"R",645,"R",9,"R",73,"R",0
217891, 1,"R",193,"A",,"A",,"R",193,"A",,"A",,"A",,"A",,"A",
217891, 2,"R",193,"A",,"A",,"R",193,"A",,"A",,"A",,"A",,"A",
217891, 3,"R",193,"A",,"A",,"R",193,"A",,"A",,"A",,"A",,"A",
217907, 1,"R",1280,"R",215,"R",333,"R",732,"R",181,"R",34,"R",0,"R",0,"R",0
217907, 2,"R",1130,"R",91,"R",333,"R",706,"R",86,"R",5,"R",0,"R",0,"R",0
217907, 3,"R",1017,"R",91,"R",333,"R",593,"R",86,"R",5,"R",0,"R",0,"R",0
217907,11,"R",113,"R",0,"R",0,"R",113,"A",,"A",,"A",,"A",,"A",
217907,12,"R",150,"R",124,"R",0,"R",26,"R",95,"R",29,"R",0,"R",0,"R",0
217925, 1,"R",1048,"R",352,"R",114,"R",582,"R",154,"R",186,"R",2,"R",10,"R",0
217925, 2,"R",545,"R",62,"R",51,"R",432,"R",45,"R",17,"R",0,"R",0,"R",0
217925, 3,"R",526,"R",56,"R",48,"R",422,"R",40,"R",16,"R",0,"R",0,"R",0
217925,11,"R",19,"R",6,"R",3,"R",10,"R",5,"R",1,"R",0,"R",0,"R",0
217925,12,"R",503,"R",290,"R",63,"R",150,"R",109,"R",169,"R",2,"R",10,"R",0
217934, 1,"R",1276,"R",387,"R",255,"R",634,"R",319,"R",68,"Z",0,"Z",0,"R",0
217934, 2,"R",1165,"R",341,"R",231,"R",593,"R",282,"R",59,"Z",0,"Z",0,"R",0
217934, 3,"R",1159,"R",341,"R",231,"R",587,"R",282,"R",59,"Z",0,"Z",0,"R",0
217934,11,"R",6,"R",0,"R",0,"R",6,"A",,"A",,"A",,"A",,"A",
217934,12,"R",111,"R",46,"R",24,"R",41,"R",37,"R",9,"Z",0,"Z",0,"R",0
217961, 1,"R",1380,"R",123,"R",164,"R",1093,"R",114,"R",9,"R",0,"R",0,"R",0
217961, 2,"R",893,"R",0,"R",136,"R",757,"A",,"A",,"A",,"A",,"A",
217961, 3,"R",893,"R",0,"R",136,"R",757,"A",,"A",,"A",,"A",,"A",
217961,12,"R",487,"R",123,"R",28,"R",336,"R",114,"R",9,"R",0,"R",0,"R",0
217989, 1,"R",489,"R",85,"R",276,"R",128,"R",84,"R",1,"R",0,"R",0,"R",0
217989, 2,"R",489,"R",85,"R",276,"R",128,"R",84,"R",1,"R",0,"R",0,"R",0
217989, 3,"R",314,"R",34,"R",197,"R",83,"R",33,"R",1,"R",0,"R",0,"R",0
217989,11,"R",175,"R",51,"R",79,"R",45,"R",51,"R",0,"R",0,"R",0,"R",0
217998, 1,"R",693,"R",0,"R",55,"R",638,"A",,"A",,"A",,"A",,"A",
217998, 2,"R",572,"R",0,"R",12,"R",560,"A",,"A",,"A",,"A",,"A",
217998, 3,"R",572,"R",0,"R",12,"R",560,"A",,"A",,"A",,"A",,"A",
217998,12,"R",121,"R",0,"R",43,"R",78,"A",,"A",,"A",,"A",,"A",
218025, 1,"R",4182,"R",684,"R",1418,"R",2080,"R",668,"R",16,"R",0,"R",0,"R",0
218025, 2,"R",4182,"R",684,"R",1418,"R",2080,"R",668,"R",16,"R",0,"R",0,"R",0
218025, 3,"R",3649,"R",474,"R",1217,"R",1958,"R",459,"R",15,"R",0,"R",0,"R",0
218025,11,"R",533,"R",210,"R",201,"R",122,"R",209,"R",1,"R",0,"R",0,"R",0
218043, 1,"R",67,"A",,"A",,"R",67,"A",,"A",,"A",,"A",,"A",
218043, 2,"R",67,"A",,"A",,"R",67,"A",,"A",,"A",,"A",,"A",
218043, 3,"R",67,"A",,"A",,"R",67,"A",,"A",,"A",,"A",,"A",
218061, 1,"R",3940,"R",90,"R",455,"R",3395,"R",61,"R",2,"Z",0,"R",0,"R",27
218061, 2,"R",3482,"R",0,"R",375,"R",3107,"A",,"A",,"A",,"A",,"A",
218061, 3,"R",3097,"R",0,"R",360,"R",2737,"A",,"A",,"A",,"A",,"A",
218061,11,"R",385,"R",0,"R",15,"R",370,"A",,"A",,"A",,"A",,"A",
218061,12,"R",458,"R",90,"R",80,"R",288,"R",61,"R",2,"Z",0,"R",0,"R",27
218070, 1,"R",2947,"A",,"A",,"R",2947,"A",,"A",,"A",,"A",,"A",
218070, 2,"R",2768,"A",,"A",,"R",2768,"A",,"A",,"A",,"A",,"A",
218070, 3,"R",2731,"A",,"A",,"R",2731,"A",,"A",,"A",,"A",,"A",
218070,11,"R",37,"A",,"A",,"R",37,"A",,"A",,"A",,"A",,"A",
218070,12,"R",179,"A",,"A",,"R",179,"A",,"A",,"A",,"A",,"A",
218113, 1,"R",10864,"R",1773,"R",3099,"R",5992,"R",1717,"R",56,"Z",0,"Z",0,"R",0
218113, 2,"R",10864,"R",1773,"R",3099,"R",5992,"R",1717,"R",56,"Z",0,"Z",0,"R",0
218113, 3,"R",9167,"R",1647,"R",3006,"R",4514,"R",1594,"R",53,"Z",0,"Z",0,"R",0
218113,11,"R",1697,"R",126,"R",93,"R",1478,"R",123,"R",3,"Z",0,"Z",0,"R",0
218140, 1,"R",6788,"R",1153,"R",2066,"R",3569,"R",896,"R",112,"R",127,"R",18,"R",0
218140, 2,"R",6788,"R",1153,"R",2066,"R",3569,"R",896,"R",112,"R",127,"R",18,"R",0
218140, 3,"R",6003,"R",1034,"R",1994,"R",2975,"R",831,"R",96,"R",89,"R",18,"R",0
218140,11,"R",785,"R",119,"R",72,"R",594,"R",65,"R",16,"R",38,"R",0,"R",0
218159, 1,"R",107,"A",,"A",,"R",107,"A",,"A",,"A",,"A",,"A",
218159, 2,"R",107,"A",,"A",,"R",107,"A",,"A",,"A",,"A",,"A",
218195, 1,"R",130,"A",,"A",,"R",130,"A",,"A",,"A",,"A",,"A",
218195, 2,"R",130,"A",,"A",,"R",130,"A",,"A",,"A",,"A",,"A",
218229, 1,"R",3044,"R",102,"R",917,"R",2025,"R",99,"R",3,"R",0,"R",0,"R",0
218229, 2,"R",2970,"R",52,"R",893,"R",2025,"R",52,"R",0,"R",0,"R",0,"R",0
218229, 3,"R",2879,"R",4,"R",892,"R",1983,"R",4,"R",0,"R",0,"R",0,"R",0
218229,11,"R",91,"R",48,"R",1,"R",42,"R",48,"R",0,"R",0,"R",0,"R",0
218229,12,"R",74,"R",50,"R",24,"R",0,"R",47,"R",3,"R",0,"R",0,"R",0
218238, 1,"R",2442,"R",1361,"R",0,"R",1081,"R",1247,"R",108,"R",0,"R",6,"R",0
218238, 2,"R",2375,"R",1294,"R",0,"R",1081,"R",1198,"R",94,"R",0,"R",2,"R",0
218238, 3,"R",2278,"R",1294,"R",0,"R",984,"R",1198,"R",94,"R",0,"R",2,"R",0
218238,11,"R",97,"R",0,"R",0,"R",97,"A",,"A",,"A",,"A",,"A",
218238,12,"R",67,"R",67,"R",0,"R",0,"R",49,"R",14,"R",0,"R",4,"R",0
218335, 1,"R",2944,"R",476,"R",268,"R",2200,"R",306,"R",167,"R",0,"R",3,"R",0
218335, 2,"R",329,"R",61,"R",268,"R",0,"R",57,"R",4,"R",0,"R",0,"R",0
218335, 3,"R",329,"R",61,"R",268,"R",0,"R",57,"R",4,"R",0,"R",0,"R",0
218335,12,"R",2615,"R",415,"R",0,"R",2200,"R",249,"R",163,"R",0,"R",3,"R",0
218353, 1,"R",9892,"R",678,"R",2226,"R",6988,"R",665,"R",11,"R",0,"R",2,"R",0
218353, 2,"R",9892,"R",678,"R",2226,"R",6988,"R",665,"R",11,"R",0,"R",2,"R",0
218353, 3,"R",9195,"R",620,"R",2139,"R",6436,"R",608,"R",10,"R",0,"R",2,"R",0
218353,11,"R",697,"R",58,"R",87,"R",552,"R",57,"R",1,"R",0,"R",0,"R",0
218399, 1,"R",649,"A",,"A",,"R",649,"A",,"A",,"A",,"A",,"A",
218399, 2,"R",649,"A",,"A",,"R",649,"A",,"A",,"A",,"A",,"A",
218399, 3,"R",649,"A",,"A",,"R",649,"A",,"A",,"A",,"A",,"A",
218414, 1,"R",1208,"R",22,"R",22,"R",1164,"R",22,"Z",0,"Z",0,"Z",0,"R",0
218414, 2,"R",1208,"R",22,"R",22,"R",1164,"R",22,"Z",0,"Z",0,"Z",0,"R",0
218414, 3,"R",1205,"R",22,"R",22,"R",1161,"R",22,"Z",0,"Z",0,"Z",0,"R",0
218414,11,"R",3,"R",0,"R",0,"R",3,"A",,"A",,"A",,"A",,"A",
218441, 1,"R",2578,"R",173,"R",61,"R",2344,"R",146,"R",27,"R",0,"R",0,"R",0
218441, 2,"R",2319,"R",171,"R",52,"R",2096,"R",144,"R",27,"R",0,"R",0,"R",0
218441, 3,"R",2025,"R",171,"R",52,"R",1802,"R",144,"R",27,"R",0,"R",0,"R",0
218441,11,"R",294,"R",0,"R",0,"R",294,"A",,"A",,"A",,"A",,"A",
218441,12,"R",259,"R",2,"R",9,"R",248,"R",2,"Z",0,"Z",0,"Z",0,"R",0
218487, 1,"R",2387,"R",247,"R",704,"R",1436,"R",243,"R",4,"Z",0,"Z",0,"R",0
218487, 2,"R",2387,"R",247,"R",704,"R",1436,"R",243,"R",4,"Z",0,"Z",0,"R",0
218487, 3,"R",1753,"R",208,"R",654,"R",891,"R",205,"R",3,"Z",0,"Z",0,"R",0
218487,11,"R",634,"R",39,"R",50,"R",545,"R",38,"R",1,"Z",0,"Z",0,"R",0
218520, 1,"R",4491,"R",1171,"R",1223,"R",2097,"R",1130,"R",41,"R",0,"R",0,"R",0
218520, 2,"R",4491,"R",1171,"R",1223,"R",2097,"R",1130,"R",41,"R",0,"R",0,"R",0
218520, 3,"R",3733,"R",1097,"R",1173,"R",1463,"R",1058,"R",39,"R",0,"R",0,"R",0
218520,11,"R",758,"R",74,"R",50,"R",634,"R",72,"R",2,"R",0,"R",0,"R",0
218539, 1,"R",1330,"R",0,"R",0,"R",1330,"A",,"A",,"A",,"A",,"A",
218539, 2,"R",1080,"R",0,"R",0,"R",1080,"A",,"A",,"A",,"A",,"A",
218539, 3,"R",973,"R",0,"R",0,"R",973,"A",,"A",,"A",,"A",,"A",
218539,11,"R",107,"R",0,"R",0,"R",107,"A",,"A",,"A",,"A",,"A",
218539,12,"R",250,"A",,"A",,"R",250,"A",,"A",,"A",,"A",,"A",
218645, 1,"R",3699,"R",623,"R",731,"R",2345,"R",352,"R",46,"R",225,"R",0,"R",0
218645, 2,"R",3344,"R",297,"R",730,"R",2317,"R",196,"R",21,"R",80,"R",0,"R",0
218645, 3,"R",3019,"R",282,"R",730,"R",2007,"R",185,"R",21,"R",76,"R",0,"R",0
218645,11,"R",325,"R",15,"R",0,"R",310,"R",11,"R",0,"R",4,"R",0,"R",0
218645,12,"R",355,"R",326,"R",1,"R",28,"R",156,"R",25,"R",145,"R",0,"R",0
218654, 1,"R",2116,"R",187,"R",845,"R",1084,"R",101,"R",12,"R",74,"Z",0,"R",0
218654, 2,"R",2116,"R",187,"R",845,"R",1084,"R",101,"R",12,"R",74,"Z",0,"R",0
218654, 3,"R",2040,"R",185,"R",841,"R",1014,"R",99,"R",12,"R",74,"Z",0,"R",0
218654,11,"R",76,"R",2,"R",4,"R",70,"R",2,"Z",0,"Z",0,"Z",0,"R",0
218663, 1,"R",34795,"R",1609,"R",8099,"R",25087,"R",1233,"R",341,"R",34,"R",1,"R",0
218663, 2,"R",26733,"R",140,"R",6971,"R",19622,"R",113,"R",16,"R",10,"R",1,"R",0
218663, 3,"R",26300,"R",128,"R",6941,"R",19231,"R",106,"R",16,"R",5,"R",1,"R",0
218663,11,"R",433,"R",12,"R",30,"R",391,"R",7,"Z",0,"R",5,"Z",0,"R",0
218663,12,"R",8062,"R",1469,"R",1128,"R",5465,"R",1120,"R",325,"R",24,"R",0,"R",0
218672, 1,"R",1523,"R",423,"R",206,"R",894,"R",385,"R",13,"R",25,"R",0,"R",0
218672, 2,"R",1523,"R",423,"R",206,"R",894,"R",385,"R",13,"R",25,"R",0,"R",0
218672, 3,"R",830,"R",8,"R",125,"R",697,"R",6,"Z",0,"R",2,"R",0,"R",0
218672,11,"R",693,"R",415,"R",81,"R",197,"R",379,"R",13,"R",23,"Z",0,"R",0
218681, 1,"R",927,"R",49,"R",241,"R",637,"R",36,"R",13,"Z",0,"Z",0,"R",0
218681, 2,"R",927,"R",49,"R",241,"R",637,"R",36,"R",13,"Z",0,"Z",0,"R",0
218681, 3,"R",613,"R",28,"R",173,"R",412,"R",19,"R",9,"Z",0,"Z",0,"R",0
218681,11,"R",314,"R",21,"R",68,"R",225,"R",17,"R",4,"Z",0,"Z",0,"R",0
218690, 1,"R",1110,"R",57,"R",162,"R",891,"R",17,"R",2,"R",38,"Z",0,"R",0
218690, 2,"R",1110,"R",57,"R",162,"R",891,"R",17,"R",2,"R",38,"Z",0,"R",0
218690, 3,"R",682,"R",33,"R",151,"R",498,"R",12,"R",2,"R",19,"Z",0,"R",0
218690,11,"R",428,"R",24,"R",11,"R",393,"R",5,"Z",0,"R",19,"Z",0,"R",0
218706, 1,"R",1093,"R",0,"R",11,"R",1082,"A",,"A",,"A",,"A",,"A",
218706, 2,"R",1093,"R",0,"R",11,"R",1082,"A",,"A",,"A",,"A",,"A",
218706, 3,"R",311,"R",0,"R",10,"R",301,"A",,"A",,"A",,"A",,"A",
218706,11,"R",782,"R",0,"R",1,"R",781,"A",,"A",,"A",,"A",,"A",
218724, 1,"R",10641,"R",495,"R",3563,"R",6583,"R",356,"R",126,"Z",0,"R",13,"R",0
218724, 2,"R",9917,"R",229,"R",3490,"R",6198,"R",138,"R",79,"Z",0,"R",12,"R",0
218724, 3,"R",9474,"R",222,"R",3485,"R",5767,"R",134,"R",77,"Z",0,"R",11,"R",0
218724,11,"R",443,"R",7,"R",5,"R",431,"R",4,"R",2,"Z",0,"R",1,"R",0
218724,12,"R",724,"R",266,"R",73,"R",385,"R",218,"R",47,"Z",0,"R",1,"R",0
218733, 1,"R",3022,"R",122,"R",915,"R",1985,"R",92,"R",7,"R",23,"R",0,"R",0
218733, 2,"R",2430,"R",32,"R",809,"R",1589,"R",3,"R",6,"R",23,"R",0,"R",0
218733, 3,"R",2415,"R",32,"R",809,"R",1574,"R",3,"R",6,"R",23,"R",0,"R",0
218733,11,"R",15,"R",0,"R",0,"R",15,"A",,"A",,"A",,"A",,"A",
218733,12,"R",592,"R",90,"R",106,"R",396,"R",89,"R",1,"R",0,"R",0,"R",0
218742, 1,"R",6175,"R",596,"R",2156,"R",3423,"R",405,"R",6,"R",185,"Z",0,"R",0
218742, 2,"R",6036,"R",483,"R",2155,"R",3398,"R",321,"R",5,"R",157,"Z",0,"R",0
218742, 3,"R",5403,"R",480,"R",2135,"R",2788,"R",319,"R",5,"R",156,"Z",0,"R",0
218742,11,"R",633,"R",3,"R",20,"R",610,"R",2,"Z",0,"R",1,"Z",0,"R",0
218742,12,"R",139,"R",113,"R",1,"R",25,"R",84,"R",1,"R",28,"Z",0,"R",0
218751, 1,"R",421,"A",,"A",,"R",421,"A",,"A",,"A",,"A",,"A",
218751,12,"R",421,"A",,"A",,"R",421,"A",,"A",,"A",,"A",,"A",
218821, 1,"R",869,"R",29,"R",28,"R",812,"R",27,"R",2,"Z",0,"Z",0,"R",0
218821, 2,"R",869,"R",29,"R",28,"R",812,"R",27,"R",2,"Z",0,"Z",0,"R",0
218821, 3,"R",868,"R",29,"R",28,"R",811,"R",27,"R",2,"Z",0,"Z",0,"R",0
218821,11,"R",1,"R",0,"R",0,"R",1,"A",,"A",,"A",,"A",,"A",
218830, 1,"R",4534,"R",458,"R",1190,"R",2886,"R",443,"R",7,"R",0,"R",8,"R",0
218830, 2,"R",4534,"R",458,"R",1190,"R",2886,"R",443,"R",7,"R",0,"R",8,"R",0
218830, 3,"R",3653,"R",430,"R",1182,"R",2041,"R",418,"R",5,"R",0,"R",7,"R",0
218830,11,"R",881,"R",28,"R",8,"R",845,"R",25,"R",2,"R",0,"R",1,"R",0
218858, 1,"R",3550,"R",596,"R",1688,"R",1266,"R",590,"R",5,"Z",0,"R",1,"R",0
218858, 2,"R",3550,"R",596,"R",1688,"R",1266,"R",590,"R",5,"Z",0,"R",1,"R",0
218858, 3,"R",2906,"R",558,"R",1497,"R",851,"R",552,"R",5,"Z",0,"R",1,"R",0
218858,11,"R",644,"R",38,"R",191,"R",415,"R",38,"Z",0,"Z",0,"Z",0,"R",0
218867, 1,"R",19,"A",,"A",,"R",19,"A",,"A",,"A",,"A",,"A",
218867, 2,"R",19,"A",,"A",,"R",19,"A",,"A",,"A",,"A",,"A",
218885, 1,"R",6082,"R",532,"R",1603,"R",3947,"R",496,"R",15,"R",13,"R",8,"R",0
218885, 2,"R",6082,"R",532,"R",1603,"R",3947,"R",496,"R",15,"R",13,"R",8,"R",0
218885, 3,"R",5117,"R",400,"R",1453,"R",3264,"R",371,"R",15,"R",7,"R",7,"R",0
218885,11,"R",965,"R",132,"R",150,"R",683,"R",125,"R",0,"R",6,"R",1,"R",0
218894, 1,"R",12148,"R",2140,"R",3426,"R",6582,"R",2085,"R",33,"R",0,"R",22,"R",0
218894, 2,"R",12148,"R",2140,"R",3426,"R",6582,"R",2085,"R",33,"R",0,"R",22,"R",0
218894, 3,"R",9670,"R",1863,"R",3170,"R",4637,"R",1816,"R",25,"R",0,"R",22,"R",0
218894,11,"R",2478,"R",277,"R",256,"R",1945,"R",269,"R",8,"R",0,"R",0,"R",0
218919, 1,"R",491,"R",0,"R",0,"R",491,"A",,"A",,"A",,"A",,"A",
218919, 2,"R",491,"R",0,"R",0,"R",491,"A",,"A",,"A",,"A",,"A",
218919, 3,"R",491,"R",0,"R",0,"R",491,"A",,"A",,"A",,"A",,"A",
218955, 1,"R",737,"R",5,"R",111,"R",621,"R",5,"R",0,"R",0,"R",0,"R",0
218955, 2,"R",737,"R",5,"R",111,"R",621,"R",5,"R",0,"R",0,"R",0,"R",0
218955, 3,"R",389,"R",3,"R",109,"R",277,"R",3,"R",0,"R",0,"R",0,"R",0
218955,11,"R",348,"R",2,"R",2,"R",344,"R",2,"R",0,"R",0,"R",0,"R",0
218964, 1,"R",5813,"R",159,"R",1993,"R",3661,"R",125,"R",34,"R",0,"R",0,"R",0
218964, 2,"R",4887,"R",33,"R",1843,"R",3011,"R",33,"R",0,"R",0,"R",0,"R",0
218964, 3,"R",4545,"R",32,"R",1842,"R",2671,"R",32,"R",0,"R",0,"R",0,"R",0
218964,11,"R",342,"R",1,"R",1,"R",340,"R",1,"R",0,"R",0,"R",0,"R",0
218964,12,"R",926,"R",126,"R",150,"R",650,"R",92,"R",34,"R",0,"R",0,"R",0
218973, 1,"R",1666,"A",,"A",,"R",1666,"A",,"A",,"A",,"A",,"A",
218973, 2,"R",1666,"A",,"A",,"R",1666,"A",,"A",,"A",,"A",,"A",
218973, 3,"R",1659,"A",,"A",,"R",1659,"A",,"A",,"A",,"A",,"A",
218973,11,"R",7,"A",,"A",,"R",7,"A",,"A",,"A",,"A",,"A",
218991, 1,"R",4253,"R",349,"R",1318,"R",2586,"R",338,"R",6,"R",0,"R",5,"R",0
218991, 2,"R",4253,"R",349,"R",1318,"R",2586,"R",338,"R",6,"R",0,"R",5,"R",0
218991, 3,"R",3693,"R",329,"R",1301,"R",2063,"R",318,"R",6,"R",0,"R",5,"R",0
218991,11,"R",560,"R",20,"R",17,"R",523,"R",20,"R",0,"R",0,"R",0,"R",0
219000, 1,"R",2133,"R",274,"R",0,"R",1859,"R",21,"R",253,"R",0,"R",0,"R",0
219000, 2,"R",1807,"R",0,"R",0,"R",1807,"A",,"A",,"A",,"A",,"A",
219000, 3,"R",1752,"R",0,"R",0,"R",1752,"A",,"A",,"A",,"A",,"A",
219000,11,"R",55,"R",0,"R",0,"R",55,"A",,"A",,"A",,"A",,"A",
219000,12,"R",326,"R",274,"R",0,"R",52,"R",21,"R",253,"R",0,"R",0,"R",0
219037, 1,"R",67,"A",,"A",,"R",67,"A",,"A",,"A",,"A",,"A",
219037, 2,"R",67,"A",,"A",,"R",67,"A",,"A",,"A",,"A",,"A",
219046, 1,"R",4035,"R",1106,"R",911,"R",2018,"R",871,"R",224,"R",0,"R",10,"R",1
219046, 2,"R",3745,"R",946,"R",908,"R",1891,"R",764,"R",173,"R",0,"R",9,"R",0
219046, 3,"R",2563,"R",198,"R",826,"R",1539,"R",150,"R",47,"R",0,"R",1,"R",0
219046,11,"R",1182,"R",748,"R",82,"R",352,"R",614,"R",126,"R",0,"R",8,"R",0
219046,12,"R",290,"R",160,"R",3,"R",127,"R",107,"R",51,"R",0,"R",1,"R",1
219082, 1,"R",3382,"R",1577,"R",614,"R",1191,"R",944,"R",614,"Z",0,"R",15,"R",4
219082, 2,"R",2993,"R",1234,"R",589,"R",1170,"R",833,"R",390,"Z",0,"R",8,"R",3
219082, 3,"R",2051,"R",668,"R",552,"R",831,"R",381,"R",281,"Z",0,"R",3,"R",3
219082,11,"R",942,"R",566,"R",37,"R",339,"R",452,"R",109,"Z",0,"R",5,"R",0
219082,12,"R",389,"R",343,"R",25,"R",21,"R",111,"R",224,"Z",0,"R",7,"R",1
219091, 1,"R",1024,"R",119,"R",33,"R",872,"R",75,"R",44,"R",0,"R",0,"R",0
219091, 2,"R",884,"R",68,"R",24,"R",792,"R",47,"R",21,"R",0,"R",0,"R",0
219091, 3,"R",743,"R",57,"R",23,"R",663,"R",38,"R",19,"R",0,"R",0,"R",0
219091,11,"R",141,"R",11,"R",1,"R",129,"R",9,"R",2,"R",0,"R",0,"R",0
219091,12,"R",140,"R",51,"R",9,"R",80,"R",28,"R",23,"R",0,"R",0,"R",0
219125, 1,"R",77,"A",,"A",,"R",77,"A",,"A",,"A",,"A",,"A",
219125, 2,"R",77,"A",,"A",,"R",77,"A",,"A",,"A",,"A",,"A",
219143, 1,"R",2245,"R",291,"R",427,"R",1527,"R",269,"R",22,"R",0,"R",0,"R",0
219143, 2,"R",2245,"R",291,"R",427,"R",1527,"R",269,"R",22,"R",0,"R",0,"R",0
219143, 3,"R",1877,"R",113,"R",389,"R",1375,"R",97,"R",16,"R",0,"R",0,"R",0
219143,11,"R",368,"R",178,"R",38,"R",152,"R",172,"R",6,"R",0,"R",0,"R",0
219170, 1,"R",23,"A",,"A",,"R",23,"A",,"A",,"A",,"A",,"A",
219170, 2,"R",23,"A",,"A",,"R",23,"A",,"A",,"A",,"A",,"A",
219189, 1,"R",1198,"R",242,"R",81,"R",875,"R",200,"R",42,"R",0,"R",0,"R",0
219189, 2,"R",1198,"R",242,"R",81,"R",875,"R",200,"R",42,"R",0,"R",0,"R",0
219189, 3,"R",991,"R",97,"R",74,"R",820,"R",86,"R",11,"R",0,"R",0,"R",0
219189,11,"R",207,"R",145,"R",7,"R",55,"R",114,"R",31,"R",0,"R",0,"R",0
219198, 1,"R",1044,"R",3,"R",336,"R",705,"R",3,"R",0,"R",0,"R",0,"R",0
219198, 2,"R",862,"R",2,"R",203,"R",657,"R",2,"R",0,"R",0,"R",0,"R",0
219198, 3,"R",584,"R",2,"R",203,"R",379,"R",2,"R",0,"R",0,"R",0,"R",0
219198,11,"R",278,"R",0,"R",0,"R",278,"A",,"A",,"A",,"A",,"A",
219198,12,"R",182,"R",1,"R",133,"R",48,"R",1,"R",0,"R",0,"R",0,"R",0
219204, 1,"R",1665,"R",1630,"R",23,"R",12,"R",156,"R",1467,"Z",0,"Z",0,"R",7
219204, 2,"R",1421,"R",1386,"R",23,"R",12,"R",148,"R",1233,"Z",0,"Z",0,"R",5
219204, 3,"R",1410,"R",1386,"R",23,"R",1,"R",148,"R",1233,"Z",0,"Z",0,"R",5
219204,11,"R",11,"Z",0,"Z",0,"R",11,"A",,"A",,"A",,"A",,"A",
219204,12,"R",244,"R",244,"Z",0,"R",0,"R",8,"R",234,"Z",0,"Z",0,"R",2
219213, 1,"R",155,"R",116,"R",34,"R",5,"R",105,"R",11,"Z",0,"Z",0,"R",0
219213, 2,"R",155,"R",116,"R",34,"R",5,"R",105,"R",11,"Z",0,"Z",0,"R",0
219213, 3,"R",153,"R",116,"R",34,"R",3,"R",105,"R",11,"Z",0,"Z",0,"R",0
219213,11,"R",2,"Z",0,"Z",0,"R",2,"A",,"A",,"A",,"A",,"A",
219240, 1,"R",306,"R",50,"R",256,"R",0,"R",6,"R",22,"R",0,"R",22,"R",0
219240,12,"R",306,"R",50,"R",256,"R",0,"R",6,"R",22,"R",0,"R",22,"R",0
219259, 1,"R",3493,"R",1448,"R",470,"R",1575,"R",1260,"R",177,"R",0,"R",11,"R",0
219259, 2,"R",3051,"R",1116,"R",426,"R",1509,"R",953,"R",153,"R",0,"R",10,"R",0
219259, 3,"R",1451,"R",135,"R",399,"R",917,"R",111,"R",24,"R",0,"R",0,"R",0
219259,11,"R",1600,"R",981,"R",27,"R",592,"R",842,"R",129,"R",0,"R",10,"R",0
219259,12,"R",442,"R",332,"R",44,"R",66,"R",307,"R",24,"R",0,"R",1,"R",0
219277, 1,"R",1300,"R",0,"R",397,"R",903,"A",,"A",,"A",,"A",,"A",
219277, 2,"R",1263,"R",0,"R",365,"R",898,"A",,"A",,"A",,"A",,"A",
219277, 3,"R",1189,"R",0,"R",364,"R",825,"A",,"A",,"A",,"A",,"A",
219277,11,"R",74,"R",0,"R",1,"R",73,"A",,"A",,"A",,"A",,"A",
219277,12,"R",37,"R",0,"R",32,"R",5,"A",,"A",,"A",,"A",,"A",
219295, 1,"R",700,"R",250,"R",226,"R",224,"R",45,"R",205,"R",0,"R",0,"R",0
219295, 2,"R",686,"R",236,"R",226,"R",224,"R",37,"R",199,"R",0,"R",0,"R",0
219295, 3,"R",681,"R",231,"R",226,"R",224,"R",34,"R",197,"R",0,"R",0,"R",0
219295,11,"R",5,"R",5,"R",0,"R",0,"R",3,"R",2,"R",0,"R",0,"R",0
219295,12,"R",14,"R",14,"R",0,"R",0,"R",8,"R",6,"R",0,"R",0,"R",0
219338, 1,"R",15,"A",,"A",,"R",15,"A",,"A",,"A",,"A",,"A",
219338, 2,"R",15,"A",,"A",,"R",15,"A",,"A",,"A",,"A",,"A",
219347, 1,"R",2654,"R",64,"R",72,"R",2518,"R",26,"R",34,"R",4,"Z",0,"R",0
219347, 2,"R",2304,"Z",0,"R",38,"R",2266,"A",,"A",,"A",,"A",,"A",
219347, 3,"R",2177,"Z",0,"R",38,"R",2139,"A",,"A",,"A",,"A",,"A",
219347,11,"R",127,"Z",0,"Z",0,"R",127,"A",,"A",,"A",,"A",,"A",
219347,12,"R",350,"R",64,"R",34,"R",252,"R",26,"R",34,"R",4,"Z",0,"R",0
219356, 1,"R",12104,"R",1570,"R",2992,"R",7542,"R",1174,"R",390,"R",0,"R",6,"R",0
219356, 2,"R",10544,"R",1220,"R",2816,"R",6508,"R",1027,"R",192,"R",0,"R",1,"R",0
219356, 3,"R",9314,"R",410,"R",2777,"R",6127,"R",269,"R",140,"R",0,"R",1,"R",0
219356,11,"R",1230,"R",810,"R",39,"R",381,"R",758,"R",52,"R",0,"R",0,"R",0
219356,12,"R",1560,"R",350,"R",176,"R",1034,"R",147,"R",198,"R",0,"R",5,"R",0
219374, 1,"R",583,"A",,"A",,"R",583,"A",,"A",,"A",,"A",,"A",
219374, 2,"R",511,"A",,"A",,"R",511,"A",,"A",,"A",,"A",,"A",
219374, 3,"R",511,"A",,"A",,"R",511,"A",,"A",,"A",,"A",,"A",
219374,12,"R",72,"A",,"A",,"R",72,"A",,"A",,"A",,"A",,"A",
219383, 1,"R",1615,"R",142,"R",525,"R",948,"R",103,"R",39,"Z",0,"Z",0,"R",0
219383, 2,"R",1319,"R",47,"R",454,"R",818,"R",38,"R",9,"Z",0,"Z",0,"R",0
219383, 3,"R",1268,"R",47,"R",438,"R",783,"R",38,"R",9,"Z",0,"Z",0,"R",0
219383,11,"R",51,"R",0,"R",16,"R",35,"A",,"A",,"A",,"A",,"A",
219383,12,"R",296,"R",95,"R",71,"R",130,"R",65,"R",30,"Z",0,"Z",0,"R",0
219392, 1,"R",23,"A",,"A",,"R",23,"A",,"A",,"A",,"A",,"A",
219392, 2,"R",23,"A",,"A",,"R",23,"A",,"A",,"A",,"A",,"A",
219408, 1,"R",167,"A",,"A",,"R",167,"A",,"A",,"A",,"A",,"A",
219408, 2,"R",167,"A",,"A",,"R",167,"A",,"A",,"A",,"A",,"A",
219408, 3,"R",162,"A",,"A",,"R",162,"A",,"A",,"A",,"A",,"A",
219408,11,"R",5,"A",,"A",,"R",5,"A",,"A",,"A",,"A",,"A",
219426, 1,"R",2166,"R",219,"R",611,"R",1336,"R",204,"R",14,"R",0,"R",0,"R",1
219426, 2,"R",2166,"R",219,"R",611,"R",1336,"R",204,"R",14,"R",0,"R",0,"R",1
219426, 3,"R",1984,"R",156,"R",551,"R",1277,"R",141,"R",14,"R",0,"R",0,"R",1
219426,11,"R",182,"R",63,"R",60,"R",59,"R",63,"R",0,"R",0,"R",0,"R",0
219453, 1,"R",112,"A",,"A",,"R",112,"A",,"A",,"A",,"A",,"A",
219453, 2,"R",112,"A",,"A",,"R",112,"A",,"A",,"A",,"A",,"A",
219471, 1,"R",10066,"R",2890,"R",1737,"R",5439,"R",2037,"R",816,"R",3,"R",34,"R",0
219471, 2,"R",7590,"R",1887,"R",1471,"R",4232,"R",1536,"R",338,"R",2,"R",11,"R",0
219471, 3,"R",6228,"R",780,"R",1445,"R",4003,"R",547,"R",227,"R",1,"R",5,"R",0
219471,11,"R",1362,"R",1107,"R",26,"R",229,"R",989,"R",111,"R",1,"R",6,"R",0
219471,12,"R",2476,"R",1003,"R",266,"R",1207,"R",501,"R",478,"R",1,"R",23,"R",0
219480, 1,"R",1061,"R",184,"R",138,"R",739,"R",175,"R",9,"R",0,"R",0,"R",0
219480, 2,"R",1061,"R",184,"R",138,"R",739,"R",175,"R",9,"R",0,"R",0,"R",0
219480, 3,"R",767,"R",91,"R",114,"R",562,"R",82,"R",9,"R",0,"R",0,"R",0
219480,11,"R",294,"R",93,"R",24,"R",177,"R",93,"R",0,"R",0,"R",0,"R",0
219505, 1,"R",123,"A",,"A",,"R",123,"A",,"A",,"A",,"A",,"A",
219505, 2,"R",123,"A",,"A",,"R",123,"A",,"A",,"A",,"A",,"A",
219505, 3,"R",123,"A",,"A",,"R",123,"A",,"A",,"A",,"A",,"A",
219587, 1,"R",58,"A",,"A",,"R",58,"A",,"A",,"A",,"A",,"A",
219587, 2,"R",58,"A",,"A",,"R",58,"A",,"A",,"A",,"A",,"A",
219596, 1,"R",221,"R",0,"R",0,"R",221,"A",,"A",,"A",,"A",,"A",
219596, 2,"R",221,"R",0,"R",0,"R",221,"A",,"A",,"A",,"A",,"A",
219596, 3,"R",214,"R",0,"R",0,"R",214,"A",,"A",,"A",,"A",,"A",
219596,11,"R",7,"R",0,"R",0,"R",7,"A",,"A",,"A",,"A",,"A",
219602, 1,"R",10954,"R",1937,"R",4081,"R",4936,"R",1557,"R",368,"R",3,"R",9,"R",0
219602, 2,"R",9871,"R",1324,"R",3858,"R",4689,"R",1011,"R",304,"R",1,"R",8,"R",0
219602, 3,"R",9064,"R",1179,"R",3780,"R",4105,"R",871,"R",301,"Z",0,"R",7,"R",0
219602,11,"R",807,"R",145,"R",78,"R",584,"R",140,"R",3,"R",1,"R",1,"R",0
219602,12,"R",1083,"R",613,"R",223,"R",247,"R",546,"R",64,"R",2,"R",1,"R",0
219639, 1,"R",1064,"R",42,"R",354,"R",668,"R",23,"R",19,"R",0,"R",0,"R",0
219639, 2,"R",1056,"R",34,"R",354,"R",668,"R",20,"R",14,"R",0,"R",0,"R",0
219639, 3,"R",1032,"R",34,"R",354,"R",644,"R",20,"R",14,"R",0,"R",0,"R",0
219639,11,"R",24,"R",0,"R",0,"R",24,"A",,"A",,"A",,"A",,"A",
219639,12,"R",8,"R",8,"R",0,"R",0,"R",3,"R",5,"Z",0,"Z",0,"R",0
219709, 1,"R",8260,"R",22,"R",1856,"R",6382,"R",10,"R",12,"Z",0,"Z",0,"R",0
219709, 2,"R",6666,"R",22,"R",1814,"R",4830,"R",10,"R",12,"Z",0,"Z",0,"R",0
219709, 3,"R",6620,"R",22,"R",1787,"R",4811,"R",10,"R",12,"Z",0,"Z",0,"R",0
219709,11,"R",46,"R",0,"R",27,"R",19,"A",,"A",,"A",,"A",,"A",
219709,12,"R",1594,"R",0,"R",42,"R",1552,"A",,"A",,"A",,"A",,"A",
219718, 1,"R",5407,"R",2438,"R",1001,"R",1968,"R",2021,"R",415,"Z",0,"R",2,"R",0
219718, 2,"R",4560,"R",1734,"R",997,"R",1829,"R",1438,"R",294,"Z",0,"R",2,"R",0
219718, 3,"R",3383,"R",1733,"R",515,"R",1135,"R",1437,"R",294,"Z",0,"R",2,"R",0
219718,11,"R",1177,"R",1,"R",482,"R",694,"R",1,"R",0,"Z",0,"Z",0,"R",0
219718,12,"R",847,"R",704,"R",4,"R",139,"R",583,"R",121,"Z",0,"R",0,"R",0
219790, 1,"R",1363,"R",526,"R",29,"R",808,"R",367,"R",157,"R",0,"R",2,"R",0
219790, 2,"R",1189,"R",352,"R",29,"R",808,"R",254,"R",98,"R",0,"R",0,"R",0
219790, 3,"R",824,"R",184,"R",12,"R",628,"R",120,"R",64,"R",0,"R",0,"R",0
219790,11,"R",365,"R",168,"R",17,"R",180,"R",134,"R",34,"R",0,"R",0,"R",0
219790,12,"R",174,"R",174,"R",0,"R",0,"R",113,"R",59,"R",0,"R",2,"R",0
219806, 1,"R",2560,"R",454,"R",718,"R",1388,"R",395,"R",57,"R",0,"R",2,"R",0
219806, 2,"R",1774,"R",39,"R",568,"R",1167,"R",31,"R",8,"R",0,"R",0,"R",0
219806, 3,"R",1695,"R",39,"R",566,"R",1090,"R",31,"R",8,"R",0,"R",0,"R",0
219806,11,"R",79,"R",0,"R",2,"R",77,"A",,"A",,"A",,"A",,"A",
219806,12,"R",786,"R",415,"R",150,"R",221,"R",364,"R",49,"R",0,"R",2,"R",0
219824, 1,"R",8241,"R",1219,"R",2032,"R",4990,"R",1047,"R",170,"R",0,"R",2,"R",0
219824, 2,"R",8241,"R",1219,"R",2032,"R",4990,"R",1047,"R",170,"R",0,"R",2,"R",0
219824, 3,"R",6692,"R",913,"R",1800,"R",3979,"R",755,"R",156,"R",0,"R",2,"R",0
219824,11,"R",1549,"R",306,"R",232,"R",1011,"R",292,"R",14,"R",0,"R",0,"R",0
219833, 1,"R",2034,"R",35,"R",322,"R",1677,"R",26,"R",9,"Z",0,"Z",0,"R",0
219833, 2,"R",1736,"R",16,"R",295,"R",1425,"R",15,"R",1,"Z",0,"Z",0,"R",0
219833, 3,"R",1535,"R",16,"R",262,"R",1257,"R",15,"R",1,"Z",0,"Z",0,"R",0
219833,11,"R",201,"R",0,"R",33,"R",168,"A",,"A",,"A",,"A",,"A",
219833,12,"R",298,"R",19,"R",27,"R",252,"R",11,"R",8,"Z",0,"Z",0,"R",0
219842, 1,"R",484,"R",392,"R",74,"R",18,"R",47,"R",259,"R",0,"R",86,"R",0
219842, 2,"R",204,"R",204,"R",0,"R",0,"R",19,"R",113,"R",0,"R",72,"R",0
219842,11,"R",204,"R",204,"R",0,"R",0,"R",19,"R",113,"R",0,"R",72,"R",0
219842,12,"R",280,"R",188,"R",74,"R",18,"R",28,"R",146,"R",0,"R",14,"R",0
219851, 1,"R",12,"A",,"A",,"R",12,"A",,"A",,"A",,"A",,"A",
219851, 2,"R",12,"A",,"A",,"R",12,"A",,"A",,"A",,"A",,"A",
219879, 1,"R",3264,"R",204,"R",810,"R",2250,"R",202,"R",2,"Z",0,"Z",0,"R",0
219879, 2,"R",3264,"R",204,"R",810,"R",2250,"R",202,"R",2,"Z",0,"Z",0,"R",0
219879, 3,"R",2219,"R",156,"R",767,"R",1296,"R",154,"R",2,"Z",0,"Z",0,"R",0
219879,11,"R",1045,"R",48,"R",43,"R",954,"R",48,"R",0,"Z",0,"Z",0,"R",0
219888, 1,"R",6221,"R",738,"R",1802,"R",3681,"R",735,"R",3,"R",0,"R",0,"R",0
219888, 2,"R",6221,"R",738,"R",1802,"R",3681,"R",735,"R",3,"R",0,"R",0,"R",0
219888, 3,"R",4895,"R",528,"R",1725,"R",2642,"R",526,"R",2,"R",0,"R",0,"R",0
219888,11,"R",1326,"R",210,"R",77,"R",1039,"R",209,"R",1,"R",0,"R",0,"R",0
219903, 1,"R",1394,"A",,"A",,"R",1394,"A",,"A",,"A",,"A",,"A",
219903, 2,"R",1394,"A",,"A",,"R",1394,"A",,"A",,"A",,"A",,"A",
219903, 3,"R",1394,"A",,"A",,"R",1394,"A",,"A",,"A",,"A",,"A",
219921, 1,"R",280,"A",,"A",,"R",280,"A",,"A",,"A",,"A",,"A",
219921, 2,"R",280,"A",,"A",,"R",280,"A",,"A",,"A",,"A",,"A",
219921, 3,"R",224,"A",,"A",,"R",224,"A",,"A",,"A",,"A",,"A",
219921,11,"R",56,"A",,"A",,"R",56,"A",,"A",,"A",,"A",,"A",
219949, 1,"R",2405,"R",46,"R",0,"R",2359,"R",34,"R",12,"R",0,"R",0,"R",0
219949, 2,"R",2093,"R",33,"R",0,"R",2060,"R",28,"R",5,"R",0,"R",0,"R",0
219949, 3,"R",1785,"R",33,"R",0,"R",1752,"R",28,"R",5,"R",0,"R",0,"R",0
219949,11,"R",308,"R",0,"R",0,"R",308,"A",,"A",,"A",,"A",,"A",
219949,12,"R",312,"R",13,"R",0,"R",299,"R",6,"R",7,"R",0,"R",0,"R",0
219976, 1,"R",4620,"R",180,"R",799,"R",3641,"R",145,"R",34,"Z",0,"R",1,"R",0
219976, 2,"R",2938,"R",96,"R",602,"R",2240,"R",80,"R",16,"Z",0,"Z",0,"R",0
219976, 3,"R",2914,"R",95,"R",601,"R",2218,"R",80,"R",15,"Z",0,"Z",0,"R",0
219976,11,"R",24,"R",1,"R",1,"R",22,"Z",0,"R",1,"Z",0,"Z",0,"R",0
219976,12,"R",1682,"R",84,"R",197,"R",1401,"R",65,"R",18,"Z",0,"R",1,"R",0
219994, 1,"R",713,"A",,"A",,"R",713,"A",,"A",,"A",,"A",,"A",
219994, 2,"R",713,"A",,"A",,"R",713,"A",,"A",,"A",,"A",,"A",
219994, 3,"R",595,"A",,"A",,"R",595,"A",,"A",,"A",,"A",,"A",
219994,11,"R",118,"A",,"A",,"R",118,"A",,"A",,"A",,"A",,"A",
220002, 1,"R",102,"R",0,"R",31,"R",71,"A",,"A",,"A",,"A",,"A",
220002, 2,"R",102,"R",0,"R",31,"R",71,"A",,"A",,"A",,"A",,"A",
220002, 3,"R",102,"R",0,"R",31,"R",71,"A",,"A",,"A",,"A",,"A",
220057, 1,"R",2977,"R",563,"R",736,"R",1678,"R",544,"R",19,"Z",0,"Z",0,"R",0
220057, 2,"R",2977,"R",563,"R",736,"R",1678,"R",544,"R",19,"Z",0,"Z",0,"R",0
220057, 3,"R",2020,"R",338,"R",650,"R",1032,"R",322,"R",16,"Z",0,"Z",0,"R",0
220057,11,"R",957,"R",225,"R",86,"R",646,"R",222,"R",3,"Z",0,"Z",0,"R",0
220075, 1,"R",14317,"R",2060,"R",5895,"R",6362,"R",1653,"R",402,"R",0,"R",5,"R",0
220075, 2,"R",11268,"R",967,"R",5324,"R",4977,"R",837,"R",128,"R",0,"R",2,"R",0
220075, 3,"R",10760,"R",860,"R",5273,"R",4627,"R",740,"R",118,"R",0,"R",2,"R",0
220075,11,"R",508,"R",107,"R",51,"R",350,"R",97,"R",10,"R",0,"R",0,"R",0
220075,12,"R",3049,"R",1093,"R",571,"R",1385,"R",816,"R",274,"R",0,"R",3,"R",0
220118, 1,"R",283,"A",,"A",,"R",283,"A",,"A",,"A",,"A",,"A",
220118, 2,"R",283,"A",,"A",,"R",283,"A",,"A",,"A",,"A",,"A",
220118, 3,"R",283,"A",,"A",,"R",283,"A",,"A",,"A",,"A",,"A",
220127, 1,"R",484,"A",,"A",,"R",484,"A",,"A",,"A",,"A",,"A",
220127, 2,"R",484,"A",,"A",,"R",484,"A",,"A",,"A",,"A",,"A",
220127, 3,"R",484,"A",,"A",,"R",484,"A",,"A",,"A",,"A",,"A",
220163, 1,"R",40,"A",,"A",,"R",40,"A",,"A",,"A",,"A",,"A",
220163, 2,"R",40,"A",,"A",,"R",40,"A",,"A",,"A",,"A",,"A",
220181, 1,"R",780,"R",0,"R",195,"R",585,"A",,"A",,"A",,"A",,"A",
220181, 2,"R",743,"R",0,"R",195,"R",548,"A",,"A",,"A",,"A",,"A",
220181, 3,"R",743,"R",0,"R",195,"R",548,"A",,"A",,"A",,"A",,"A",
220181,12,"R",37,"A",,"A",,"R",37,"A",,"A",,"A",,"A",,"A",
220206, 1,"R",403,"R",29,"R",3,"R",371,"R",11,"R",18,"R",0,"R",0,"R",0
220206, 2,"R",375,"R",29,"R",3,"R",343,"R",11,"R",18,"R",0,"R",0,"R",0
220206, 3,"R",288,"R",29,"R",3,"R",256,"R",11,"R",18,"R",0,"R",0,"R",0
220206,11,"R",87,"R",0,"R",0,"R",87,"A",,"A",,"A",,"A",,"A",
220206,12,"R",28,"A",,"A",,"R",28,"A",,"A",,"A",,"A",,"A",
220215, 1,"R",2037,"R",252,"R",208,"R",1577,"R",194,"R",57,"Z",0,"R",1,"R",0
220215, 2,"R",1546,"R",1,"R",64,"R",1481,"R",1,"Z",0,"Z",0,"Z",0,"R",0
220215, 3,"R",1311,"R",1,"R",64,"R",1246,"R",1,"Z",0,"Z",0,"Z",0,"R",0
220215,11,"R",235,"R",0,"R",0,"R",235,"A",,"A",,"A",,"A",,"A",
220215,12,"R",491,"R",251,"R",144,"R",96,"R",193,"R",57,"Z",0,"R",1,"R",0
220251, 1,"R",273,"A",,"A",,"R",273,"A",,"A",,"A",,"A",,"A",
220251, 2,"R",273,"A",,"A",,"R",273,"A",,"A",,"A",,"A",,"A",
220251, 3,"R",273,"A",,"A",,"R",273,"A",,"A",,"A",,"A",,"A",
220279, 1,"R",647,"R",1,"Z",0,"R",646,"R",1,"Z",0,"Z",0,"Z",0,"R",0
220279, 2,"R",647,"R",1,"Z",0,"R",646,"R",1,"Z",0,"Z",0,"Z",0,"R",0
220279, 3,"R",333,"R",1,"Z",0,"R",332,"R",1,"Z",0,"Z",0,"Z",0,"R",0
220279,11,"R",314,"Z",0,"Z",0,"R",314,"A",,"A",,"A",,"A",,"A",
220312, 1,"R",253,"R",0,"R",15,"R",238,"A",,"A",,"A",,"A",,"A",
220312, 2,"R",253,"R",0,"R",15,"R",238,"A",,"A",,"A",,"A",,"A",
220312, 3,"R",253,"R",0,"R",15,"R",238,"A",,"A",,"A",,"A",,"A",
220321, 1,"R",647,"A",,"A",,"R",647,"A",,"A",,"A",,"A",,"A",
220321, 2,"R",647,"A",,"A",,"R",647,"A",,"A",,"A",,"A",,"A",
220321, 3,"R",422,"A",,"A",,"R",422,"A",,"A",,"A",,"A",,"A",
220321,11,"R",225,"A",,"A",,"R",225,"A",,"A",,"A",,"A",,"A",
220394, 1,"R",231,"R",1,"Z",0,"R",230,"R",1,"Z",0,"Z",0,"Z",0,"R",0
220394, 2,"R",231,"R",1,"Z",0,"R",230,"R",1,"Z",0,"Z",0,"Z",0,"R",0
220394, 3,"R",231,"R",1,"Z",0,"R",230,"R",1,"Z",0,"Z",0,"Z",0,"R",0
220400, 1,"R",4879,"R",632,"R",1562,"R",2685,"R",629,"R",3,"R",0,"R",0,"R",0
220400, 2,"R",4879,"R",632,"R",1562,"R",2685,"R",629,"R",3,"R",0,"R",0,"R",0
220400, 3,"R",3482,"R",272,"R",1343,"R",1867,"R",271,"R",1,"R",0,"R",0,"R",0
220400,11,"R",1397,"R",360,"R",219,"R",818,"R",358,"R",2,"R",0,"R",0,"R",0
220464, 1,"R",168,"R",112,"R",0,"R",56,"R",95,"R",17,"R",0,"R",0,"R",0
220464, 2,"R",168,"R",112,"R",0,"R",56,"R",95,"R",17,"R",0,"R",0,"R",0
220464, 3,"R",168,"R",112,"R",0,"R",56,"R",95,"R",17,"R",0,"R",0,"R",0
220473, 1,"R",1088,"R",353,"R",39,"R",696,"R",67,"R",273,"Z",0,"R",13,"R",0
220473, 2,"R",753,"R",131,"R",33,"R",589,"R",34,"R",97,"Z",0,"Z",0,"R",0
220473, 3,"R",748,"R",129,"R",33,"R",586,"R",34,"R",95,"Z",0,"Z",0,"R",0
220473,11,"R",5,"R",2,"R",0,"R",3,"Z",0,"R",2,"Z",0,"Z",0,"R",0
220473,12,"R",335,"R",222,"R",6,"R",107,"R",33,"R",176,"Z",0,"R",13,"R",0
220491, 1,"R",238,"A",,"A",,"R",238,"A",,"A",,"A",,"A",,"A",
220491, 2,"R",238,"A",,"A",,"R",238,"A",,"A",,"A",,"A",,"A",
220516, 1,"R",1936,"R",834,"R",418,"R",684,"R",517,"R",317,"R",0,"R",0,"R",0
220516, 2,"R",1567,"R",676,"R",338,"R",553,"R",415,"R",261,"R",0,"R",0,"R",0
220516, 3,"R",1539,"R",660,"R",338,"R",541,"R",408,"R",252,"R",0,"R",0,"R",0
220516,11,"R",28,"R",16,"R",0,"R",12,"R",7,"R",9,"R",0,"R",0,"R",0
220516,12,"R",369,"R",158,"R",80,"R",131,"R",102,"R",56,"R",0,"R",0,"R",0
220552, 1,"R",2722,"R",490,"R",1022,"R",1210,"R",329,"R",161,"R",0,"R",0,"R",0
220552, 2,"R",1944,"R",406,"R",837,"R",701,"R",272,"R",134,"R",0,"R",0,"R",0
220552, 3,"R",1830,"R",376,"R",791,"R",663,"R",260,"R",116,"R",0,"R",0,"R",0
220552,11,"R",114,"R",30,"R",46,"R",38,"R",12,"R",18,"R",0,"R",0,"R",0
220552,12,"R",778,"R",84,"R",185,"R",509,"R",57,"R",27,"R",0,"R",0,"R",0
220598, 1,"R",1232,"R",0,"R",0,"R",1232,"A",,"A",,"A",,"A",,"A",
220598, 2,"R",1232,"R",0,"R",0,"R",1232,"A",,"A",,"A",,"A",,"A",
220598, 3,"R",1232,"R",0,"R",0,"R",1232,"A",,"A",,"A",,"A",,"A",
220604, 1,"R",885,"A",,"A",,"R",885,"A",,"A",,"A",,"A",,"A",
220604, 2,"R",885,"A",,"A",,"R",885,"A",,"A",,"A",,"A",,"A",
220604, 3,"R",884,"A",,"A",,"R",884,"A",,"A",,"A",,"A",,"A",
220604,11,"R",1,"A",,"A",,"R",1,"A",,"A",,"A",,"A",,"A",
220613, 1,"R",5386,"R",540,"R",211,"R",4635,"R",78,"R",458,"Z",0,"R",4,"R",0
220613, 2,"R",4883,"R",479,"R",158,"R",4246,"R",70,"R",407,"Z",0,"R",2,"R",0
220613, 3,"R",4258,"R",476,"R",158,"R",3624,"R",69,"R",405,"Z",0,"R",2,"R",0
220613,11,"R",625,"R",3,"R",0,"R",622,"R",1,"R",2,"Z",0,"R",0,"R",0
220613,12,"R",503,"R",61,"R",53,"R",389,"R",8,"R",51,"Z",0,"R",2,"R",0
220631, 1,"R",4798,"R",197,"R",0,"R",4601,"R",132,"R",65,"R",0,"R",0,"R",0
220631, 2,"R",1953,"R",106,"R",0,"R",1847,"R",75,"R",31,"R",0,"R",0,"R",0
220631, 3,"R",1861,"R",106,"R",0,"R",1755,"R",75,"R",31,"R",0,"R",0,"R",0
220631,11,"R",92,"R",0,"R",0,"R",92,"A",,"A",,"A",,"A",,"A",
220631,12,"R",2845,"R",91,"R",0,"R",2754,"R",57,"R",34,"R",0,"R",0,"R",0
220640, 1,"R",1259,"R",3,"Z",0,"R",1256,"R",3,"Z",0,"Z",0,"Z",0,"R",0
220640, 2,"R",1259,"R",3,"Z",0,"R",1256,"R",3,"Z",0,"Z",0,"Z",0,"R",0
220640, 3,"R",421,"R",3,"Z",0,"R",418,"R",3,"Z",0,"Z",0,"Z",0,"R",0
220640,11,"R",838,"R",0,"Z",0,"R",838,"A",,"A",,"A",,"A",,"A",
220701, 1,"R",910,"R",4,"R",100,"R",806,"R",3,"R",1,"Z",0,"Z",0,"R",0
220701, 2,"R",901,"R",4,"R",100,"R",797,"R",3,"R",1,"Z",0,"Z",0,"R",0
220701, 3,"R",792,"R",4,"R",100,"R",688,"R",3,"R",1,"Z",0,"Z",0,"R",0
220701,11,"R",109,"R",0,"R",0,"R",109,"A",,"A",,"A",,"A",,"A",
220701,12,"R",9,"R",0,"R",0,"R",9,"A",,"A",,"A",,"A",,"A",
220710, 1,"R",1146,"A",,"A",,"R",1146,"A",,"A",,"A",,"A",,"A",
220710, 2,"R",1146,"A",,"A",,"R",1146,"A",,"A",,"A",,"A",,"A",
220710, 3,"R",1106,"A",,"A",,"R",1106,"A",,"A",,"A",,"A",,"A",
220710,11,"R",40,"A",,"A",,"R",40,"A",,"A",,"A",,"A",,"A",
220756, 1,"R",162,"A",,"A",,"R",162,"A",,"A",,"A",,"A",,"A",
220756, 2,"R",162,"A",,"A",,"R",162,"A",,"A",,"A",,"A",,"A",
220756, 3,"R",150,"A",,"A",,"R",150,"A",,"A",,"A",,"A",,"A",
220756,11,"R",12,"A",,"A",,"R",12,"A",,"A",,"A",,"A",,"A",
220765, 1,"R",238,"A",,"A",,"R",238,"A",,"A",,"A",,"A",,"A",
220765, 2,"R",238,"A",,"A",,"R",238,"A",,"A",,"A",,"A",,"A",
220792, 1,"R",828,"A",,"A",,"R",828,"A",,"A",,"A",,"A",,"A",
220792,12,"R",828,"A",,"A",,"R",828,"A",,"A",,"A",,"A",,"A",
220808, 1,"R",116,"A",,"A",,"R",116,"A",,"A",,"A",,"A",,"A",
220808, 2,"R",111,"A",,"A",,"R",111,"A",,"A",,"A",,"A",,"A",
220808, 3,"R",111,"A",,"A",,"R",111,"A",,"A",,"A",,"A",,"A",
220808,12,"R",5,"A",,"A",,"R",5,"A",,"A",,"A",,"A",,"A",
220853, 1,"R",902,"A",,"A",,"R",902,"A",,"A",,"A",,"A",,"A",
220853, 2,"R",902,"A",,"A",,"R",902,"A",,"A",,"A",,"A",,"A",
220853, 3,"R",901,"A",,"A",,"R",901,"A",,"A",,"A",,"A",,"A",
220853,11,"R",1,"A",,"A",,"R",1,"A",,"A",,"A",,"A",,"A",
220862, 1,"R",21458,"R",3067,"R",5191,"R",13200,"R",2548,"R",511,"R",2,"R",6,"R",0
220862, 2,"R",17233,"R",1871,"R",4617,"R",10745,"R",1571,"R",297,"R",0,"R",3,"R",0
220862, 3,"R",15563,"R",1836,"R",4600,"R",9127,"R",1539,"R",294,"R",0,"R",3,"R",0
220862,11,"R",1670,"R",35,"R",17,"R",1618,"R",32,"R",3,"R",0,"R",0,"R",0
220862,12,"R",4225,"R",1196,"R",574,"R",2455,"R",977,"R",214,"R",2,"R",3,"R",0
220871, 1,"R",208,"A",,"A",,"R",208,"A",,"A",,"A",,"A",,"A",
220871,12,"R",208,"A",,"A",,"R",208,"A",,"A",,"A",,"A",,"A",
220978, 1,"R",21631,"R",1634,"R",5857,"R",14140,"R",966,"R",663,"Z",0,"R",5,"R",0
220978, 2,"R",19252,"R",1015,"R",5539,"R",12698,"R",966,"R",47,"Z",0,"R",2,"R",0
220978, 3,"R",18001,"R",985,"R",5528,"R",11488,"R",937,"R",46,"Z",0,"R",2,"R",0
220978,11,"R",1251,"R",30,"R",11,"R",1210,"R",29,"R",1,"Z",0,"R",0,"R",0
220978,12,"R",2379,"R",619,"R",318,"R",1442,"Z",0,"R",616,"Z",0,"R",3,"R",0
220996, 1,"R",266,"R",30,"Z",0,"R",236,"R",29,"Z",0,"R",1,"Z",0,"R",0
220996,12,"R",266,"R",30,"Z",0,"R",236,"R",29,"Z",0,"R",1,"Z",0,"R",0
221050, 1,"R",876,"R",18,"R",0,"R",858,"R",18,"Z",0,"Z",0,"Z",0,"R",0
221050, 2,"R",876,"R",18,"R",0,"R",858,"R",18,"Z",0,"Z",0,"Z",0,"R",0
221050, 3,"R",864,"R",18,"R",0,"R",846,"R",18,"Z",0,"Z",0,"Z",0,"R",0
221050,11,"R",12,"R",0,"R",0,"R",12,"A",,"A",,"A",,"A",,"A",
221096, 1,"R",6886,"R",1153,"R",1807,"R",3926,"R",1144,"R",9,"R",0,"R",0,"R",0
221096, 2,"R",6886,"R",1153,"R",1807,"R",3926,"R",1144,"R",9,"R",0,"R",0,"R",0
221096, 3,"R",5065,"R",921,"R",1607,"R",2537,"R",912,"R",9,"R",0,"R",0,"R",0
221096,11,"R",1821,"R",232,"R",200,"R",1389,"R",232,"R",0,"R",0,"R",0,"R",0
221102, 1,"R",539,"R",9,"Z",0,"R",530,"R",8,"Z",0,"Z",0,"Z",0,"R",1
221102, 2,"R",539,"R",9,"Z",0,"R",530,"R",8,"Z",0,"Z",0,"Z",0,"R",1
221102, 3,"R",530,"R",9,"Z",0,"R",521,"R",8,"Z",0,"Z",0,"Z",0,"R",1
221102,11,"R",9,"Z",0,"Z",0,"R",9,"A",,"A",,"A",,"A",,"A",
221148, 1,"R",1692,"A",,"A",,"R",1692,"A",,"A",,"A",,"A",,"A",
221148, 2,"R",1692,"A",,"A",,"R",1692,"A",,"A",,"A",,"A",,"A",
221148, 3,"R",1692,"A",,"A",,"R",1692,"A",,"A",,"A",,"A",,"A",
221157, 1,"R",68,"A",,"A",,"R",68,"A",,"A",,"A",,"A",,"A",
221157, 2,"R",68,"A",,"A",,"R",68,"A",,"A",,"A",,"A",,"A",
221184, 1,"R",8284,"R",1121,"R",1595,"R",5568,"R",1087,"R",28,"R",0,"R",4,"R",2
221184, 2,"R",8284,"R",1121,"R",1595,"R",5568,"R",1087,"R",28,"R",0,"R",4,"R",2
221184, 3,"R",6784,"R",759,"R",1508,"R",4517,"R",740,"R",15,"R",0,"R",4,"R",0
221184,11,"R",1500,"R",362,"R",87,"R",1051,"R",347,"R",13,"R",0,"R",0,"R",2
221236, 1,"R",461,"A",,"A",,"R",461,"A",,"A",,"A",,"A",,"A",
221236, 2,"R",461,"A",,"A",,"R",461,"A",,"A",,"A",,"A",,"A",
221236, 3,"R",351,"A",,"A",,"R",351,"A",,"A",,"A",,"A",,"A",
221236,11,"R",110,"A",,"A",,"R",110,"A",,"A",,"A",,"A",,"A",
221281, 1,"R",306,"A",,"A",,"R",306,"A",,"A",,"A",,"A",,"A",
221281, 2,"R",306,"A",,"A",,"R",306,"A",,"A",,"A",,"A",,"A",
221281, 3,"R",261,"A",,"A",,"R",261,"A",,"A",,"A",,"A",,"A",
221281,11,"R",45,"A",,"A",,"R",45,"A",,"A",,"A",,"A",,"A",
221333, 1,"R",619,"A",,"A",,"R",619,"A",,"A",,"A",,"A",,"A",
221333, 2,"R",619,"A",,"A",,"R",619,"A",,"A",,"A",,"A",,"A",
221333, 3,"R",284,"A",,"A",,"R",284,"A",,"A",,"A",,"A",,"A",
221333,11,"R",335,"A",,"A",,"R",335,"A",,"A",,"A",,"A",,"A",
221351, 1,"R",2036,"A",,"A",,"R",2036,"A",,"A",,"A",,"A",,"A",
221351, 2,"R",2008,"A",,"A",,"R",2008,"A",,"A",,"A",,"A",,"A",
221351, 3,"R",1985,"A",,"A",,"R",1985,"A",,"A",,"A",,"A",,"A",
221351,11,"R",23,"A",,"A",,"R",23,"A",,"A",,"A",,"A",,"A",
221351,12,"R",28,"A",,"A",,"R",28,"A",,"A",,"A",,"A",,"A",
221388, 1,"R",197,"A",,"A",,"R",197,"A",,"A",,"A",,"A",,"A",
221388, 2,"R",197,"A",,"A",,"R",197,"A",,"A",,"A",,"A",,"A",
221388, 3,"R",150,"A",,"A",,"R",150,"A",,"A",,"A",,"A",,"A",
221388,11,"R",47,"A",,"A",,"R",47,"A",,"A",,"A",,"A",,"A",
221397, 1,"R",5688,"R",570,"R",2111,"R",3007,"R",569,"R",1,"R",0,"R",0,"R",0
221397, 2,"R",5688,"R",570,"R",2111,"R",3007,"R",569,"R",1,"R",0,"R",0,"R",0
221397, 3,"R",4356,"R",506,"R",2055,"R",1795,"R",505,"R",1,"R",0,"R",0,"R",0
221397,11,"R",1332,"R",64,"R",56,"R",1212,"R",64,"R",0,"R",0,"R",0,"R",0
221430, 1,"R",461,"A",,"A",,"R",461,"A",,"A",,"A",,"A",,"A",
221430, 2,"R",461,"A",,"A",,"R",461,"A",,"A",,"A",,"A",,"A",
221430, 3,"R",461,"A",,"A",,"R",461,"A",,"A",,"A",,"A",,"A",
221485, 1,"R",9347,"R",1092,"R",3966,"R",4289,"R",1050,"R",41,"R",0,"R",1,"R",0
221485, 2,"R",9347,"R",1092,"R",3966,"R",4289,"R",1050,"R",41,"R",0,"R",1,"R",0
221485, 3,"R",8382,"R",939,"R",3905,"R",3538,"R",904,"R",34,"R",0,"R",1,"R",0
221485,11,"R",965,"R",153,"R",61,"R",751,"R",146,"R",7,"R",0,"R",0,"R",0
221494, 1,"R",438,"A",,"A",,"R",438,"A",,"A",,"A",,"A",,"A",
221494, 2,"R",438,"A",,"A",,"R",438,"A",,"A",,"A",,"A",,"A",
221494, 3,"R",438,"A",,"A",,"R",438,"A",,"A",,"A",,"A",,"A",
221519, 1,"R",1785,"A",,"A",,"R",1785,"A",,"A",,"A",,"A",,"A",
221519, 2,"R",1698,"A",,"A",,"R",1698,"A",,"A",,"A",,"A",,"A",
221519, 3,"R",1675,"A",,"A",,"R",1675,"A",,"A",,"A",,"A",,"A",
221519,11,"R",23,"A",,"A",,"R",23,"A",,"A",,"A",,"A",,"A",
221519,12,"R",87,"A",,"A",,"R",87,"A",,"A",,"A",,"A",,"A",
221582, 1,"R",311,"A",,"A",,"R",311,"A",,"A",,"A",,"A",,"A",
221582, 2,"R",311,"A",,"A",,"R",311,"A",,"A",,"A",,"A",,"A",
221582, 3,"R",311,"A",,"A",,"R",311,"A",,"A",,"A",,"A",,"A",
221591, 1,"R",435,"R",1,"R",0,"R",434,"R",1,"R",0,"R",0,"R",0,"R",0
221591, 2,"R",435,"R",1,"R",0,"R",434,"R",1,"R",0,"R",0,"R",0,"R",0
221591, 3,"R",354,"R",1,"R",0,"R",353,"R",1,"R",0,"R",0,"R",0,"R",0
221591,11,"R",81,"R",0,"R",0,"R",81,"A",,"A",,"A",,"A",,"A",
221607, 1,"R",249,"R",23,"R",0,"R",226,"R",23,"R",0,"R",0,"R",0,"R",0
221607, 2,"R",249,"R",23,"R",0,"R",226,"R",23,"R",0,"R",0,"R",0,"R",0
221607, 3,"R",170,"R",0,"R",0,"R",170,"A",,"A",,"A",,"A",,"A",
221607,11,"R",79,"R",23,"R",0,"R",56,"R",23,"R",0,"R",0,"R",0,"R",0
221616, 1,"R",547,"A",,"A",,"R",547,"A",,"A",,"A",,"A",,"A",
221616, 2,"R",547,"A",,"A",,"R",547,"A",,"A",,"A",,"A",,"A",
221616, 3,"R",417,"A",,"A",,"R",417,"A",,"A",,"A",,"A",,"A",
221616,11,"R",130,"A",,"A",,"R",130,"A",,"A",,"A",,"A",,"A",
221625, 1,"R",792,"A",,"A",,"R",792,"A",,"A",,"A",,"A",,"A",
221625, 2,"R",792,"A",,"A",,"R",792,"A",,"A",,"A",,"A",,"A",
221625, 3,"R",792,"A",,"A",,"R",792,"A",,"A",,"A",,"A",,"A",
221634, 1,"R",269,"A",,"A",,"R",269,"A",,"A",,"A",,"A",,"A",
221634, 2,"R",269,"A",,"A",,"R",269,"A",,"A",,"A",,"A",,"A",
221634, 3,"R",269,"A",,"A",,"R",269,"A",,"A",,"A",,"A",,"A",
221643, 1,"R",10894,"R",1359,"R",1773,"R",7762,"R",1292,"R",47,"R",0,"R",20,"R",0
221643, 2,"R",10894,"R",1359,"R",1773,"R",7762,"R",1292,"R",47,"R",0,"R",20,"R",0
221643, 3,"R",8579,"R",723,"R",1662,"R",6194,"R",712,"R",10,"R",0,"R",1,"R",0
221643,11,"R",2315,"R",636,"R",111,"R",1568,"R",580,"R",37,"R",0,"R",19,"R",0
221661, 1,"R",2942,"R",116,"R",754,"R",2072,"R",36,"R",71,"R",1,"R",8,"R",0
221661, 2,"R",2531,"R",55,"R",525,"R",1951,"R",16,"R",35,"R",1,"R",3,"R",0
221661, 3,"R",2418,"R",41,"R",523,"R",1854,"R",11,"R",27,"R",0,"R",3,"R",0
221661,11,"R",113,"R",14,"R",2,"R",97,"R",5,"R",8,"R",1,"R",0,"R",0
221661,12,"R",411,"R",61,"R",229,"R",121,"R",20,"R",36,"R",0,"R",5,"R",0
221670, 1,"R",533,"A",,"A",,"R",533,"A",,"A",,"A",,"A",,"A",
221670,12,"R",533,"A",,"A",,"R",533,"A",,"A",,"A",,"A",,"A",
221731, 1,"R",1008,"R",52,"R",377,"R",579,"R",51,"R",1,"Z",0,"Z",0,"R",0
221731, 2,"R",977,"R",21,"R",377,"R",579,"R",21,"Z",0,"Z",0,"Z",0,"R",0
221731, 3,"R",943,"R",21,"R",377,"R",545,"R",21,"Z",0,"Z",0,"Z",0,"R",0
221731,11,"R",34,"R",0,"R",0,"R",34,"A",,"A",,"A",,"A",,"A",
221731,12,"R",31,"R",31,"R",0,"R",0,"R",30,"R",1,"Z",0,"Z",0,"R",0
221740, 1,"R",11638,"R",716,"R",4564,"R",6358,"R",617,"R",95,"R",0,"R",4,"R",0
221740, 2,"R",10239,"R",286,"R",4287,"R",5666,"R",253,"R",32,"R",0,"R",1,"R",0
221740, 3,"R",10152,"R",278,"R",4284,"R",5590,"R",247,"R",30,"R",0,"R",1,"R",0
221740,11,"R",87,"R",8,"R",3,"R",76,"R",6,"R",2,"R",0,"R",0,"R",0
221740,12,"R",1399,"R",430,"R",277,"R",692,"R",364,"R",63,"R",0,"R",3,"R",0
221759, 1,"R",28894,"R",929,"R",9112,"R",18853,"R",744,"R",183,"R",0,"R",2,"R",0
221759, 2,"R",22815,"R",110,"R",8752,"R",13953,"R",106,"R",4,"R",0,"R",0,"R",0
221759, 3,"R",22653,"R",109,"R",8741,"R",13803,"R",105,"R",4,"R",0,"R",0,"R",0
221759,11,"R",162,"R",1,"R",11,"R",150,"R",1,"R",0,"R",0,"R",0,"R",0
221759,12,"R",6079,"R",819,"R",360,"R",4900,"R",638,"R",179,"R",0,"R",2,"R",0
221768, 1,"R",7048,"R",1540,"R",584,"R",4924,"R",1379,"R",161,"R",0,"R",0,"R",0
221768, 2,"R",6674,"R",1250,"R",550,"R",4874,"R",1126,"R",124,"R",0,"R",0,"R",0
221768, 3,"R",5354,"R",534,"R",509,"R",4311,"R",427,"R",107,"R",0,"R",0,"R",0
221768,11,"R",1320,"R",716,"R",41,"R",563,"R",699,"R",17,"R",0,"R",0,"R",0
221768,12,"R",374,"R",290,"R",34,"R",50,"R",253,"R",37,"R",0,"R",0,"R",0
221829, 1,"R",221,"A",,"A",,"R",221,"A",,"A",,"A",,"A",,"A",
221829, 2,"R",221,"A",,"A",,"R",221,"A",,"A",,"A",,"A",,"A",
221838, 1,"R",7774,"R",438,"R",7217,"R",119,"R",402,"R",36,"R",0,"R",0,"R",0
221838, 2,"R",6121,"R",197,"R",5805,"R",119,"R",180,"R",17,"R",0,"R",0,"R",0
221838, 3,"R",6116,"R",192,"R",5805,"R",119,"R",176,"R",16,"R",0,"R",0,"R",0
221838,11,"R",5,"R",5,"R",0,"R",0,"R",4,"R",1,"R",0,"R",0,"R",0
221838,12,"R",1653,"R",241,"R",1412,"R",0,"R",222,"R",19,"R",0,"R",0,"R",0
221847, 1,"R",10186,"R",801,"R",6322,"R",3063,"R",761,"R",40,"Z",0,"Z",0,"R",0
221847, 2,"R",9006,"R",259,"R",6061,"R",2686,"R",247,"R",12,"Z",0,"Z",0,"R",0
221847, 3,"R",8805,"R",231,"R",6031,"R",2543,"R",219,"R",12,"Z",0,"Z",0,"R",0
221847,11,"R",201,"R",28,"R",30,"R",143,"R",28,"Z",0,"Z",0,"Z",0,"R",0
221847,12,"R",1180,"R",542,"R",261,"R",377,"R",514,"R",28,"Z",0,"Z",0,"R",0
221892, 1,"R",3927,"R",1388,"R",259,"R",2280,"R",1025,"R",350,"R",0,"R",13,"R",0
221892, 2,"R",2311,"R",561,"R",224,"R",1526,"R",437,"R",122,"R",0,"R",2,"R",0
221892, 3,"R",2189,"R",561,"R",224,"R",1404,"R",437,"R",122,"R",0,"R",2,"R",0
221892,11,"R",122,"R",0,"R",0,"R",122,"A",,"A",,"A",,"A",,"A",
221892,12,"R",1616,"R",827,"R",35,"R",754,"R",588,"R",228,"R",0,"R",11,"R",0
221908, 1,"R",6139,"R",421,"R",1277,"R",4441,"R",409,"R",11,"R",0,"R",1,"R",0
221908, 2,"R",6139,"R",421,"R",1277,"R",4441,"R",409,"R",11,"R",0,"R",1,"R",0
221908, 3,"R",5132,"R",307,"R",1242,"R",3583,"R",297,"R",10,"R",0,"R",0,"R",0
221908,11,"R",1007,"R",114,"R",35,"R",858,"R",112,"R",1,"R",0,"R",1,"R",0
221953, 1,"R",1735,"R",509,"R",485,"R",741,"R",485,"R",24,"R",0,"R",0,"R",0
221953, 2,"R",1407,"R",359,"R",464,"R",584,"R",352,"R",7,"R",0,"R",0,"R",0
221953, 3,"R",1358,"R",313,"R",461,"R",584,"R",306,"R",7,"R",0,"R",0,"R",0
221953,11,"R",49,"R",46,"R",3,"R",0,"R",46,"R",0,"R",0,"R",0,"R",0
221953,12,"R",328,"R",150,"R",21,"R",157,"R",133,"R",17,"R",0,"R",0,"R",0
221971, 1,"R",3247,"R",338,"R",1033,"R",1876,"R",282,"R",54,"R",0,"R",2,"R",0
221971, 2,"R",2184,"R",137,"R",560,"R",1487,"R",123,"R",14,"R",0,"R",0,"R",0
221971, 3,"R",2061,"R",137,"R",560,"R",1364,"R",123,"R",14,"R",0,"R",0,"R",0
221971,11,"R",123,"R",0,"R",0,"R",123,"A",,"A",,"A",,"A",,"A",
221971,12,"R",1063,"R",201,"R",473,"R",389,"R",159,"R",40,"R",0,"R",2,"R",0
221999, 1,"R",12824,"R",252,"R",574,"R",11998,"R",42,"R",206,"R",4,"R",0,"R",0
221999, 2,"R",6861,"R",0,"R",0,"R",6861,"A",,"A",,"A",,"A",,"A",
221999, 3,"R",6840,"R",0,"R",0,"R",6840,"A",,"A",,"A",,"A",,"A",
221999,11,"R",21,"R",0,"R",0,"R",21,"A",,"A",,"A",,"A",,"A",
221999,12,"R",5963,"R",252,"R",574,"R",5137,"R",42,"R",206,"R",4,"R",0,"R",0
222053, 1,"R",9154,"R",2021,"R",2053,"R",5080,"R",2003,"R",9,"R",0,"R",4,"R",5
222053, 2,"R",9154,"R",2021,"R",2053,"R",5080,"R",2003,"R",9,"R",0,"R",4,"R",5
222053, 3,"R",7364,"R",1338,"R",1887,"R",4139,"R",1321,"R",9,"R",0,"R",3,"R",5
222053,11,"R",1790,"R",683,"R",166,"R",941,"R",682,"R",0,"R",0,"R",1,"R",0
222062, 1,"R",6144,"R",762,"R",2246,"R",3136,"R",749,"R",8,"R",0,"R",3,"R",2
222062, 2,"R",6144,"R",762,"R",2246,"R",3136,"R",749,"R",8,"R",0,"R",3,"R",2
222062, 3,"R",4620,"R",524,"R",2154,"R",1942,"R",514,"R",6,"R",0,"R",2,"R",2
222062,11,"R",1524,"R",238,"R",92,"R",1194,"R",235,"R",2,"R",0,"R",1,"R",0
222105, 1,"R",276,"A",,"A",,"R",276,"A",,"A",,"A",,"A",,"A",
222105, 2,"R",276,"A",,"A",,"R",276,"A",,"A",,"A",,"A",,"A",
222105, 3,"R",260,"A",,"A",,"R",260,"A",,"A",,"A",,"A",,"A",
222105,11,"R",16,"A",,"A",,"R",16,"A",,"A",,"A",,"A",,"A",
222178, 1,"R",5204,"R",1318,"R",506,"R",3380,"R",895,"R",396,"R",13,"R",14,"R",0
222178, 2,"R",3538,"R",32,"R",460,"R",3046,"R",30,"R",2,"Z",0,"Z",0,"R",0
222178, 3,"R",3524,"R",31,"R",460,"R",3033,"R",29,"R",2,"Z",0,"Z",0,"R",0
222178,11,"R",14,"R",1,"R",0,"R",13,"R",1,"Z",0,"Z",0,"Z",0,"R",0
222178,12,"R",1666,"R",1286,"R",46,"R",334,"R",865,"R",394,"R",13,"R",14,"R",0
222567, 1,"R",5573,"R",294,"R",773,"R",4506,"R",292,"R",2,"R",0,"R",0,"R",0
222567, 2,"R",5573,"R",294,"R",773,"R",4506,"R",292,"R",2,"R",0,"R",0,"R",0
222567, 3,"R",3569,"R",294,"R",723,"R",2552,"R",292,"R",2,"R",0,"R",0,"R",0
222567,11,"R",2004,"R",0,"R",50,"R",1954,"A",,"A",,"A",,"A",,"A",
222576, 1,"R",9854,"R",2526,"R",2436,"R",4892,"R",2499,"R",27,"R",0,"R",0,"R",0
222576, 2,"R",9854,"R",2526,"R",2436,"R",4892,"R",2499,"R",27,"R",0,"R",0,"R",0
222576, 3,"R",7340,"R",1004,"R",1961,"R",4375,"R",977,"R",27,"R",0,"R",0,"R",0
222576,11,"R",2514,"R",1522,"R",475,"R",517,"R",1522,"R",0,"R",0,"R",0,"R",0
222628, 1,"R",1182,"R",719,"R",173,"R",290,"R",586,"R",131,"Z",0,"R",2,"R",0
222628, 2,"R",189,"R",153,"R",16,"R",20,"R",112,"R",41,"Z",0,"Z",0,"R",0
222628, 3,"R",189,"R",153,"R",16,"R",20,"R",112,"R",41,"Z",0,"Z",0,"R",0
222628,12,"R",993,"R",566,"R",157,"R",270,"R",474,"R",90,"Z",0,"R",2,"R",0
222822, 1,"R",4919,"R",625,"R",1682,"R",2612,"R",617,"R",8,"R",0,"R",0,"R",0
222822, 2,"R",4919,"R",625,"R",1682,"R",2612,"R",617,"R",8,"R",0,"R",0,"R",0
222822, 3,"R",3275,"R",481,"R",1339,"R",1455,"R",473,"R",8,"R",0,"R",0,"R",0
222822,11,"R",1644,"R",144,"R",343,"R",1157,"R",144,"R",0,"R",0,"R",0,"R",0
222831, 1,"R",10387,"R",1558,"R",2466,"R",6363,"R",1361,"R",186,"R",7,"R",4,"R",0
222831, 2,"R",8672,"R",258,"R",2362,"R",6052,"R",216,"R",40,"R",1,"R",1,"R",0
222831, 3,"R",5892,"R",256,"R",2356,"R",3280,"R",214,"R",40,"R",1,"R",1,"R",0
222831,11,"R",2780,"R",2,"R",6,"R",2772,"R",2,"Z",0,"Z",0,"Z",0,"R",0
222831,12,"R",1715,"R",1300,"R",104,"R",311,"R",1145,"R",146,"R",6,"R",3,"R",0
222877, 1,"R",170,"R",44,"R",53,"R",73,"R",29,"R",6,"Z",0,"Z",0,"R",9
222877, 2,"R",161,"R",35,"R",53,"R",73,"R",21,"R",5,"Z",0,"Z",0,"R",9
222877, 3,"R",161,"R",35,"R",53,"R",73,"R",21,"R",5,"Z",0,"Z",0,"R",9
222877,12,"R",9,"R",9,"Z",0,"R",0,"R",8,"R",1,"Z",0,"Z",0,"R",0
222886, 1,"R",330,"R",64,"R",35,"R",231,"R",61,"R",3,"Z",0,"Z",0,"R",0
222886, 2,"R",330,"R",64,"R",35,"R",231,"R",61,"R",3,"Z",0,"Z",0,"R",0
222938, 1,"R",947,"Z",0,"R",192,"R",755,"A",,"A",,"A",,"A",,"A",
222938, 2,"R",947,"Z",0,"R",192,"R",755,"A",,"A",,"A",,"A",,"A",
222938, 3,"R",924,"Z",0,"R",192,"R",732,"A",,"A",,"A",,"A",,"A",
222938,11,"R",23,"Z",0,"Z",0,"R",23,"A",,"A",,"A",,"A",,"A",
222983, 1,"R",1296,"A",,"A",,"R",1296,"A",,"A",,"A",,"A",,"A",
222983, 2,"R",1277,"A",,"A",,"R",1277,"A",,"A",,"A",,"A",,"A",
222983, 3,"R",1276,"A",,"A",,"R",1276,"A",,"A",,"A",,"A",,"A",
222983,11,"R",1,"A",,"A",,"R",1,"A",,"A",,"A",,"A",,"A",
222983,12,"R",19,"A",,"A",,"R",19,"A",,"A",,"A",,"A",,"A",
222992, 1,"R",40799,"R",4760,"R",6988,"R",29051,"R",4742,"R",18,"Z",0,"Z",0,"R",0
222992, 2,"R",40799,"R",4760,"R",6988,"R",29051,"R",4742,"R",18,"Z",0,"Z",0,"R",0
222992, 3,"R",30061,"R",3887,"R",6113,"R",20061,"R",3870,"R",17,"Z",0,"Z",0,"R",0
222992,11,"R",10738,"R",873,"R",875,"R",8990,"R",872,"R",1,"Z",0,"Z",0,"R",0
223001, 1,"R",151,"A",,"A",,"R",151,"A",,"A",,"A",,"A",,"A",
223001,12,"R",151,"A",,"A",,"R",151,"A",,"A",,"A",,"A",,"A",
223056, 1,"R",76,"A",,"A",,"R",76,"A",,"A",,"A",,"A",,"A",
223056, 2,"R",76,"A",,"A",,"R",76,"A",,"A",,"A",,"A",,"A",
223083, 1,"R",649,"R",85,"R",522,"R",42,"R",77,"R",8,"R",0,"R",0,"R",0
223083, 2,"R",644,"R",80,"R",522,"R",42,"R",73,"R",7,"R",0,"R",0,"R",0
223083, 3,"R",644,"R",80,"R",522,"R",42,"R",73,"R",7,"R",0,"R",0,"R",0
223083,12,"R",5,"R",5,"R",0,"R",0,"R",4,"R",1,"R",0,"R",0,"R",0
223117, 1,"R",141,"R",91,"R",21,"R",29,"R",41,"R",42,"R",4,"R",4,"R",0
223117, 2,"R",60,"R",33,"R",14,"R",13,"R",22,"R",9,"Z",0,"R",2,"R",0
223117, 3,"R",58,"R",31,"R",14,"R",13,"R",20,"R",9,"Z",0,"R",2,"R",0
223117,11,"R",2,"R",2,"Z",0,"R",0,"R",2,"Z",0,"Z",0,"Z",0,"R",0
223117,12,"R",81,"R",58,"R",7,"R",16,"R",19,"R",33,"R",4,"R",2,"R",0
223223, 1,"R",1581,"R",0,"R",71,"R",1510,"A",,"A",,"A",,"A",,"A",
223223,12,"R",1581,"R",0,"R",71,"R",1510,"A",,"A",,"A",,"A",,"A",
223232, 1,"R",17217,"R",415,"R",520,"R",16282,"R",289,"R",124,"R",2,"R",0,"R",0
223232, 2,"R",14188,"R",0,"R",508,"R",13680,"A",,"A",,"A",,"A",,"A",
223232, 3,"R",14159,"R",0,"R",508,"R",13651,"A",,"A",,"A",,"A",,"A",
223232,11,"R",29,"R",0,"R",0,"R",29,"A",,"A",,"A",,"A",,"A",
223232,12,"R",3029,"R",415,"R",12,"R",2602,"R",289,"R",124,"R",2,"R",0,"R",0
223320, 1,"R",4614,"R",102,"R",634,"R",3878,"R",102,"R",0,"R",0,"R",0,"R",0
223320, 2,"R",4614,"R",102,"R",634,"R",3878,"R",102,"R",0,"R",0,"R",0,"R",0
223320, 3,"R",2194,"R",66,"R",592,"R",1536,"R",66,"R",0,"R",0,"R",0,"R",0
223320,11,"R",2420,"R",36,"R",42,"R",2342,"R",36,"R",0,"R",0,"R",0,"R",0
223427, 1,"R",19931,"R",1987,"R",3237,"R",14707,"R",1913,"R",39,"R",0,"R",9,"R",26
223427, 2,"R",19931,"R",1987,"R",3237,"R",14707,"R",1913,"R",39,"R",0,"R",9,"R",26
223427, 3,"R",17717,"R",1785,"R",3097,"R",12835,"R",1711,"R",39,"R",0,"R",9,"R",26
223427,11,"R",2214,"R",202,"R",140,"R",1872,"R",202,"R",0,"R",0,"R",0,"R",0
223463, 1,"R",779,"Z",0,"R",779,"R",0,"A",,"A",,"A",,"A",,"A",
223463, 2,"R",779,"Z",0,"R",779,"R",0,"A",,"A",,"A",,"A",,"A",
223463, 3,"R",779,"Z",0,"R",779,"R",0,"A",,"A",,"A",,"A",,"A",
223472, 1,"R",176,"A",,"A",,"R",176,"A",,"A",,"A",,"A",,"A",
223472, 2,"R",176,"A",,"A",,"R",176,"A",,"A",,"A",,"A",,"A",
223472, 3,"R",176,"A",,"A",,"R",176,"A",,"A",,"A",,"A",,"A",
223506, 1,"R",4311,"R",553,"R",818,"R",2940,"R",543,"R",5,"R",5,"Z",0,"R",0
223506, 2,"R",4311,"R",553,"R",818,"R",2940,"R",543,"R",5,"R",5,"Z",0,"R",0
223506, 3,"R",3197,"R",440,"R",731,"R",2026,"R",430,"R",5,"R",5,"Z",0,"R",0
223506,11,"R",1114,"R",113,"R",87,"R",914,"R",113,"Z",0,"Z",0,"Z",0,"R",0
223524, 1,"R",13726,"R",4631,"R",1709,"R",7386,"R",4565,"R",65,"R",0,"R",0,"R",1
223524, 2,"R",13726,"R",4631,"R",1709,"R",7386,"R",4565,"R",65,"R",0,"R",0,"R",1
223524, 3,"R",10114,"R",3990,"R",1402,"R",4722,"R",3935,"R",54,"R",0,"R",0,"R",1
223524,11,"R",3612,"R",641,"R",307,"R",2664,"R",630,"R",11,"R",0,"R",0,"R",0
223773, 1,"R",8030,"R",3531,"R",1272,"R",3227,"R",3251,"R",280,"R",0,"R",0,"R",0
223773, 2,"R",8030,"R",3531,"R",1272,"R",3227,"R",3251,"R",280,"R",0,"R",0,"R",0
223773, 3,"R",5602,"R",3092,"R",751,"R",1759,"R",2836,"R",256,"R",0,"R",0,"R",0
223773,11,"R",2428,"R",439,"R",521,"R",1468,"R",415,"R",24,"R",0,"R",0,"R",0
223816, 1,"R",16073,"R",6741,"R",2497,"R",6835,"R",3692,"R",2210,"R",0,"R",707,"R",132
223816, 2,"R",16073,"R",6741,"R",2497,"R",6835,"R",3692,"R",2210,"R",0,"R",707,"R",132
223816, 3,"R",9940,"R",4827,"R",1601,"R",3512,"R",2202,"R",1913,"R",0,"R",624,"R",88
223816,11,"R",6133,"R",1914,"R",896,"R",3323,"R",1490,"R",297,"R",0,"R",83,"R",44
223852, 1,"R",21,"A",,"A",,"R",21,"A",,"A",,"A",,"A",,"A",
223852, 2,"R",21,"A",,"A",,"R",21,"A",,"A",,"A",,"A",,"A",
223898, 1,"R",3374,"R",596,"R",1267,"R",1511,"R",586,"R",10,"Z",0,"Z",0,"R",0
223898, 2,"R",3374,"R",596,"R",1267,"R",1511,"R",586,"R",10,"Z",0,"Z",0,"R",0
223898, 3,"R",3253,"R",574,"R",1231,"R",1448,"R",564,"R",10,"Z",0,"Z",0,"R",0
223898,11,"R",121,"R",22,"R",36,"R",63,"R",22,"Z",0,"Z",0,"Z",0,"R",0
223922, 1,"R",1844,"R",125,"R",761,"R",958,"R",89,"R",36,"R",0,"R",0,"R",0
223922, 2,"R",1844,"R",125,"R",761,"R",958,"R",89,"R",36,"R",0,"R",0,"R",0
223922, 3,"R",1844,"R",125,"R",761,"R",958,"R",89,"R",36,"R",0,"R",0,"R",0
224004, 1,"R",2568,"R",938,"R",456,"R",1174,"R",906,"R",32,"R",0,"R",0,"R",0
224004, 2,"R",1746,"R",334,"R",448,"R",964,"R",325,"R",9,"R",0,"R",0,"R",0
224004, 3,"R",1716,"R",334,"R",448,"R",934,"R",325,"R",9,"R",0,"R",0,"R",0
224004,11,"R",30,"R",0,"R",0,"R",30,"A",,"A",,"A",,"A",,"A",
224004,12,"R",822,"R",604,"R",8,"R",210,"R",581,"R",23,"R",0,"R",0,"R",0
224013, 1,"R",17,"A",,"A",,"R",17,"A",,"A",,"A",,"A",,"A",
224013, 2,"R",17,"A",,"A",,"R",17,"A",,"A",,"A",,"A",,"A",
224110, 1,"R",10525,"R",2170,"R",2797,"R",5558,"R",2153,"R",16,"R",1,"R",0,"R",0
224110, 2,"R",10525,"R",2170,"R",2797,"R",5558,"R",2153,"R",16,"R",1,"R",0,"R",0
224110, 3,"R",10339,"R",2124,"R",2758,"R",5457,"R",2107,"R",16,"R",1,"R",0,"R",0
224110,11,"R",186,"R",46,"R",39,"R",101,"R",46,"R",0,"R",0,"R",0,"R",0
224147, 1,"R",11929,"R",867,"R",5551,"R",5511,"R",822,"R",37,"R",1,"R",7,"R",0
224147, 2,"R",9776,"R",292,"R",4799,"R",4685,"R",288,"R",3,"R",1,"R",0,"R",0
224147, 3,"R",9672,"R",292,"R",4775,"R",4605,"R",288,"R",3,"R",1,"R",0,"R",0
224147,11,"R",104,"R",0,"R",24,"R",80,"A",,"A",,"A",,"A",,"A",
224147,12,"R",2153,"R",575,"R",752,"R",826,"R",534,"R",34,"R",0,"R",7,"R",0
224156, 1,"R",352,"A",,"A",,"R",352,"A",,"A",,"A",,"A",,"A",
224156, 2,"R",352,"A",,"A",,"R",352,"A",,"A",,"A",,"A",,"A",
224226, 1,"R",4766,"R",741,"R",1387,"R",2638,"R",622,"R",92,"R",0,"R",27,"R",0
224226, 2,"R",3014,"R",340,"R",961,"R",1713,"R",298,"R",37,"R",0,"R",5,"R",0
224226, 3,"R",2931,"R",334,"R",946,"R",1651,"R",292,"R",37,"R",0,"R",5,"R",0
224226,11,"R",83,"R",6,"R",15,"R",62,"R",6,"R",0,"R",0,"R",0,"R",0
224226,12,"R",1752,"R",401,"R",426,"R",925,"R",324,"R",55,"R",0,"R",22,"R",0
224244, 1,"R",213,"R",56,"R",46,"R",111,"R",51,"R",5,"R",0,"R",0,"R",0
224244, 2,"R",212,"R",56,"R",45,"R",111,"R",51,"R",5,"R",0,"R",0,"R",0
224244, 3,"R",212,"R",56,"R",45,"R",111,"R",51,"R",5,"R",0,"R",0,"R",0
224244,12,"R",1,"R",0,"R",1,"R",0,"A",,"A",,"A",,"A",,"A",
224271, 1,"R",187,"R",101,"R",0,"R",86,"R",59,"R",42,"R",0,"R",0,"R",0
224271, 2,"R",187,"R",101,"R",0,"R",86,"R",59,"R",42,"R",0,"R",0,"R",0
224271, 3,"R",187,"R",101,"R",0,"R",86,"R",59,"R",42,"R",0,"R",0,"R",0
224305, 1,"R",2322,"R",720,"R",649,"R",953,"R",212,"R",353,"R",0,"R",155,"R",0
224305,12,"R",2322,"R",720,"R",649,"R",953,"R",212,"R",353,"R",0,"R",155,"R",0
224323, 1,"R",2542,"R",348,"R",259,"R",1935,"R",261,"R",87,"Z",0,"Z",0,"R",0
224323, 2,"R",1471,"R",1,"R",37,"R",1433,"Z",0,"R",1,"Z",0,"Z",0,"R",0
224323, 3,"R",1467,"R",1,"R",37,"R",1429,"Z",0,"R",1,"Z",0,"Z",0,"R",0
224323,11,"R",4,"R",0,"R",0,"R",4,"A",,"A",,"A",,"A",,"A",
224323,12,"R",1071,"R",347,"R",222,"R",502,"R",261,"R",86,"Z",0,"Z",0,"R",0
224350, 1,"R",11867,"R",2119,"R",2936,"R",6812,"R",2064,"R",31,"Z",0,"R",24,"R",0
224350, 2,"R",11867,"R",2119,"R",2936,"R",6812,"R",2064,"R",31,"Z",0,"R",24,"R",0
224350, 3,"R",11261,"R",2018,"R",2809,"R",6434,"R",1968,"R",27,"Z",0,"R",23,"R",0
224350,11,"R",606,"R",101,"R",127,"R",378,"R",96,"R",4,"Z",0,"R",1,"R",0
224527, 1,"R",1613,"R",108,"R",119,"R",1386,"R",87,"R",21,"R",0,"R",0,"R",0
224527, 2,"R",1485,"R",38,"R",90,"R",1357,"R",29,"R",9,"R",0,"R",0,"R",0
224527, 3,"R",1401,"R",38,"R",90,"R",1273,"R",29,"R",9,"R",0,"R",0,"R",0
224527,11,"R",84,"R",0,"R",0,"R",84,"A",,"A",,"A",,"A",,"A",
224527,12,"R",128,"R",70,"R",29,"R",29,"R",58,"R",12,"R",0,"R",0,"R",0
224545, 1,"R",2090,"R",676,"R",937,"R",477,"R",518,"R",149,"R",8,"R",1,"R",0
224545, 2,"R",1699,"R",374,"R",903,"R",422,"R",301,"R",71,"R",1,"R",1,"R",0
224545, 3,"R",1691,"R",372,"R",902,"R",417,"R",299,"R",71,"R",1,"R",1,"R",0
224545,11,"R",8,"R",2,"R",1,"R",5,"R",2,"R",0,"R",0,"R",0,"R",0
224545,12,"R",391,"R",302,"R",34,"R",55,"R",217,"R",78,"R",7,"R",0,"R",0
224554, 1,"R",12411,"R",4239,"R",3646,"R",4526,"R",3895,"R",300,"R",0,"R",8,"R",36
224554, 2,"R",8270,"R",1736,"R",2904,"R",3630,"R",1686,"R",31,"R",0,"R",1,"R",18
224554, 3,"R",8201,"R",1711,"R",2894,"R",3596,"R",1663,"R",29,"R",0,"R",1,"R",18
224554,11,"R",69,"R",25,"R",10,"R",34,"R",23,"R",2,"R",0,"R",0,"R",0
224554,12,"R",4141,"R",2503,"R",742,"R",896,"R",2209,"R",269,"R",0,"R",7,"R",18
224572, 1,"R",16769,"R",4359,"R",2434,"R",9976,"R",4317,"R",42,"R",0,"R",0,"R",0
224572, 2,"R",16769,"R",4359,"R",2434,"R",9976,"R",4317,"R",42,"R",0,"R",0,"R",0
224572, 3,"R",10276,"R",3723,"R",1977,"R",4576,"R",3690,"R",33,"R",0,"R",0,"R",0
224572,11,"R",6493,"R",636,"R",457,"R",5400,"R",627,"R",9,"R",0,"R",0,"R",0
224615, 1,"R",11729,"R",3462,"R",1554,"R",6713,"R",3426,"R",36,"R",0,"R",0,"R",0
224615, 2,"R",11729,"R",3462,"R",1554,"R",6713,"R",3426,"R",36,"R",0,"R",0,"R",0
224615, 3,"R",7693,"R",2977,"R",1355,"R",3361,"R",2945,"R",32,"R",0,"R",0,"R",0
224615,11,"R",4036,"R",485,"R",199,"R",3352,"R",481,"R",4,"R",0,"R",0,"R",0
224642, 1,"R",28819,"R",2245,"R",5406,"R",21168,"R",2114,"R",116,"R",0,"R",15,"R",0
224642, 2,"R",28819,"R",2245,"R",5406,"R",21168,"R",2114,"R",116,"R",0,"R",15,"R",0
224642, 3,"R",27684,"R",2099,"R",5253,"R",20332,"R",1976,"R",114,"R",0,"R",9,"R",0
224642,11,"R",1135,"R",146,"R",153,"R",836,"R",138,"R",2,"R",0,"R",6,"R",0
224660, 1,"R",495,"A",,"A",,"R",495,"A",,"A",,"A",,"A",,"A",
224660, 2,"R",495,"A",,"A",,"R",495,"A",,"A",,"A",,"A",,"A",
224660, 3,"R",495,"A",,"A",,"R",495,"A",,"A",,"A",,"A",,"A",
224679, 1,"R",1162,"A",,"A",,"R",1162,"A",,"A",,"A",,"A",,"A",
224679, 2,"R",1162,"A",,"A",,"R",1162,"A",,"A",,"A",,"A",,"A",
224679, 3,"R",1162,"A",,"A",,"R",1162,"A",,"A",,"A",,"A",,"A",
224712, 1,"R",123,"A",,"A",,"R",123,"A",,"A",,"A",,"A",,"A",
224712,12,"R",123,"A",,"A",,"R",123,"A",,"A",,"A",,"A",,"A",
224758, 1,"R",37,"A",,"A",,"R",37,"A",,"A",,"A",,"A",,"A",
224758, 2,"R",37,"A",,"A",,"R",37,"A",,"A",,"A",,"A",,"A",
224776, 1,"R",661,"Z",0,"R",385,"R",276,"A",,"A",,"A",,"A",,"A",
224776, 2,"R",654,"Z",0,"R",385,"R",269,"A",,"A",,"A",,"A",,"A",
224776, 3,"R",587,"Z",0,"R",385,"R",202,"A",,"A",,"A",,"A",,"A",
224776,11,"R",67,"Z",0,"Z",0,"R",67,"A",,"A",,"A",,"A",,"A",
224776,12,"R",7,"Z",0,"R",0,"R",7,"A",,"A",,"A",,"A",,"A",
224828, 1,"R",67,"A",,"A",,"R",67,"A",,"A",,"A",,"A",,"A",
224828, 2,"R",67,"A",,"A",,"R",67,"A",,"A",,"A",,"A",,"A",
224891, 1,"R",1484,"R",515,"R",338,"R",631,"R",513,"R",2,"R",0,"R",0,"R",0
224891, 2,"R",1484,"R",515,"R",338,"R",631,"R",513,"R",2,"R",0,"R",0,"R",0
224891, 3,"R",587,"R",25,"R",133,"R",429,"R",25,"R",0,"R",0,"R",0,"R",0
224891,11,"R",897,"R",490,"R",205,"R",202,"R",488,"R",2,"R",0,"R",0,"R",0
224961, 1,"R",2429,"R",239,"R",652,"R",1538,"R",234,"R",4,"R",0,"R",1,"R",0
224961, 2,"R",2429,"R",239,"R",652,"R",1538,"R",234,"R",4,"R",0,"R",1,"R",0
224961, 3,"R",1930,"R",238,"R",640,"R",1052,"R",233,"R",4,"R",0,"R",1,"R",0
224961,11,"R",499,"R",1,"R",12,"R",486,"R",1,"Z",0,"Z",0,"Z",0,"R",0
225070, 1,"R",4372,"R",922,"R",1299,"R",2151,"R",858,"R",64,"R",0,"Z",0,"R",0
225070, 2,"R",4372,"R",922,"R",1299,"R",2151,"R",858,"R",64,"R",0,"Z",0,"R",0
225070, 3,"R",2988,"R",846,"R",1214,"R",928,"R",808,"R",38,"R",0,"Z",0,"R",0
225070,11,"R",1384,"R",76,"R",85,"R",1223,"R",50,"R",26,"R",0,"Z",0,"R",0
225201, 1,"R",815,"R",199,"R",380,"R",236,"R",188,"R",11,"R",0,"R",0,"R",0
225201, 2,"R",810,"R",194,"R",380,"R",236,"R",183,"R",11,"R",0,"R",0,"R",0
225201, 3,"R",773,"R",191,"R",379,"R",203,"R",180,"R",11,"R",0,"R",0,"R",0
225201,11,"R",37,"R",3,"R",1,"R",33,"R",3,"R",0,"R",0,"R",0,"R",0
225201,12,"R",5,"R",5,"R",0,"R",0,"R",5,"R",0,"R",0,"R",0,"R",0
225247, 1,"R",2344,"R",112,"R",424,"R",1808,"R",111,"R",1,"Z",0,"Z",0,"R",0
225247, 2,"R",1762,"R",4,"R",383,"R",1375,"R",4,"Z",0,"Z",0,"Z",0,"R",0
225247, 3,"R",1719,"R",4,"R",383,"R",1332,"R",4,"Z",0,"Z",0,"Z",0,"R",0
225247,11,"R",43,"Z",0,"Z",0,"R",43,"A",,"A",,"A",,"A",,"A",
225247,12,"R",582,"R",108,"R",41,"R",433,"R",107,"R",1,"Z",0,"Z",0,"R",0
225308, 1,"R",4245,"R",1658,"R",2083,"R",504,"R",1658,"R",0,"R",0,"R",0,"R",0
225308, 2,"R",4245,"R",1658,"R",2083,"R",504,"R",1658,"R",0,"R",0,"R",0,"R",0
225308, 3,"R",3917,"R",1560,"R",1951,"R",406,"R",1560,"R",0,"R",0,"R",0,"R",0
225308,11,"R",328,"R",98,"R",132,"R",98,"R",98,"R",0,"R",0,"R",0,"R",0
225371, 1,"R",4447,"R",717,"R",612,"R",3118,"R",701,"R",0,"R",11,"R",5,"R",0
225371, 2,"R",4447,"R",717,"R",612,"R",3118,"R",701,"R",0,"R",11,"R",5,"R",0
225371, 3,"R",2780,"R",476,"R",389,"R",1915,"R",465,"R",0,"R",7,"R",4,"R",0
225371,11,"R",1667,"R",241,"R",223,"R",1203,"R",236,"R",0,"R",4,"R",1,"R",0
225399, 1,"R",3432,"R",522,"R",621,"R",2289,"R",473,"R",46,"R",3,"Z",0,"R",0
225399, 2,"R",2321,"R",188,"R",478,"R",1655,"R",180,"R",8,"Z",0,"Z",0,"R",0
225399, 3,"R",2311,"R",188,"R",478,"R",1645,"R",180,"R",8,"Z",0,"Z",0,"R",0
225399,11,"R",10,"Z",0,"Z",0,"R",10,"A",,"A",,"A",,"A",,"A",
225399,12,"R",1111,"R",334,"R",143,"R",634,"R",293,"R",38,"R",3,"Z",0,"R",0
225414, 1,"R",8961,"R",1170,"R",2265,"R",5526,"R",1137,"R",19,"R",0,"R",14,"R",0
225414, 2,"R",6212,"R",461,"R",1885,"R",3866,"R",460,"R",1,"R",0,"R",0,"R",0
225414, 3,"R",6196,"R",455,"R",1885,"R",3856,"R",454,"R",1,"R",0,"R",0,"R",0
225414,11,"R",16,"R",6,"R",0,"R",10,"R",6,"R",0,"R",0,"R",0,"R",0
225414,12,"R",2749,"R",709,"R",380,"R",1660,"R",677,"R",18,"R",0,"R",14,"R",0
225423, 1,"R",57200,"R",8384,"R",13186,"R",35630,"R",8344,"R",40,"R",0,"R",0,"R",0
225423, 2,"R",57200,"R",8384,"R",13186,"R",35630,"R",8344,"R",40,"R",0,"R",0,"R",0
225423, 3,"R",57053,"R",8344,"R",13168,"R",35541,"R",8308,"R",36,"R",0,"R",0,"R",0
225423,11,"R",147,"R",40,"R",18,"R",89,"R",36,"R",4,"R",0,"R",0,"R",0
225432, 1,"R",14265,"R",2851,"R",4395,"R",7019,"R",2834,"R",16,"R",0,"R",1,"R",0
225432, 2,"R",12680,"R",2578,"R",4117,"R",5985,"R",2565,"R",12,"R",0,"R",1,"R",0
225432, 3,"R",12572,"R",2553,"R",4098,"R",5921,"R",2542,"R",10,"R",0,"R",1,"R",0
225432,11,"R",108,"R",25,"R",19,"R",64,"R",23,"R",2,"R",0,"R",0,"R",0
225432,12,"R",1585,"R",273,"R",278,"R",1034,"R",269,"R",4,"R",0,"R",0,"R",0
225502, 1,"R",4386,"R",2031,"R",1192,"R",1163,"R",1995,"R",36,"R",0,"R",0,"R",0
225502, 2,"R",3251,"R",1275,"R",971,"R",1005,"R",1267,"R",8,"R",0,"R",0,"R",0
225502, 3,"R",3240,"R",1275,"R",969,"R",996,"R",1267,"R",8,"R",0,"R",0,"R",0
225502,11,"R",11,"R",0,"R",2,"R",9,"A",,"A",,"A",,"A",,"A",
225502,12,"R",1135,"R",756,"R",221,"R",158,"R",728,"R",28,"R",0,"R",0,"R",0
225511, 1,"R",46324,"R",1646,"R",16613,"R",28065,"R",1584,"R",60,"R",2,"R",0,"R",0
225511, 2,"R",38348,"R",1176,"R",15692,"R",21480,"R",1152,"R",24,"R",0,"Z",0,"R",0
225511, 3,"R",37291,"R",1107,"R",15511,"R",20673,"R",1085,"R",22,"R",0,"Z",0,"R",0
225511,11,"R",1057,"R",69,"R",181,"R",807,"R",67,"R",2,"R",0,"Z",0,"R",0
225511,12,"R",7976,"R",470,"R",921,"R",6585,"R",432,"R",36,"R",2,"R",0,"R",0
225520, 1,"R",4485,"R",894,"R",2494,"R",1097,"R",891,"R",3,"Z",0,"Z",0,"R",0
225520, 2,"R",4485,"R",894,"R",2494,"R",1097,"R",891,"R",3,"Z",0,"Z",0,"R",0
225520, 3,"R",2077,"R",336,"R",889,"R",852,"R",333,"R",3,"Z",0,"Z",0,"R",0
225520,11,"R",2408,"R",558,"R",1605,"R",245,"R",558,"Z",0,"Z",0,"Z",0,"R",0
225548, 1,"R",1027,"R",11,"R",390,"R",626,"R",11,"R",0,"R",0,"R",0,"R",0
225548, 2,"R",962,"R",0,"R",390,"R",572,"A",,"A",,"A",,"A",,"A",
225548, 3,"R",895,"R",0,"R",390,"R",505,"A",,"A",,"A",,"A",,"A",
225548,11,"R",67,"R",0,"R",0,"R",67,"A",,"A",,"A",,"A",,"A",
225548,12,"R",65,"R",11,"R",0,"R",54,"R",11,"R",0,"R",0,"R",0,"R",0
225575, 1,"R",1119,"R",0,"R",166,"R",953,"A",,"A",,"A",,"A",,"A",
225575, 2,"R",1119,"R",0,"R",166,"R",953,"A",,"A",,"A",,"A",,"A",
225575, 3,"R",1084,"R",0,"R",166,"R",918,"A",,"A",,"A",,"A",,"A",
225575,11,"R",35,"R",0,"Z",0,"R",35,"A",,"A",,"A",,"A",,"A",
225627, 1,"R",8263,"R",1623,"R",320,"R",6320,"R",1165,"R",452,"R",0,"R",6,"R",0
225627, 2,"R",5558,"R",1018,"R",245,"R",4295,"R",757,"R",258,"R",0,"R",3,"R",0
225627, 3,"R",5312,"R",932,"R",244,"R",4136,"R",749,"R",180,"R",0,"R",3,"R",0
225627,11,"R",246,"R",86,"R",1,"R",159,"R",8,"R",78,"R",0,"R",0,"R",0
225627,12,"R",2705,"R",605,"R",75,"R",2025,"R",408,"R",194,"R",0,"R",3,"R",0
225779, 1,"R",19,"A",,"A",,"R",19,"A",,"A",,"A",,"A",,"A",
225779, 2,"R",19,"A",,"A",,"R",19,"A",,"A",,"A",,"A",,"A",
225779, 3,"R",14,"A",,"A",,"R",14,"A",,"A",,"A",,"A",,"A",
225779,11,"R",5,"A",,"A",,"R",5,"A",,"A",,"A",,"A",,"A",
225788, 1,"R",138,"A",,"A",,"R",138,"A",,"A",,"A",,"A",,"A",
225788, 2,"R",138,"A",,"A",,"R",138,"A",,"A",,"A",,"A",,"A",
225788, 3,"R",105,"A",,"A",,"R",105,"A",,"A",,"A",,"A",,"A",
225788,11,"R",33,"A",,"A",,"R",33,"A",,"A",,"A",,"A",,"A",
225876, 1,"R",511,"R",93,"R",219,"R",199,"R",85,"R",7,"R",0,"R",1,"R",0
225876, 2,"R",511,"R",93,"R",219,"R",199,"R",85,"R",7,"R",0,"R",1,"R",0
225876, 3,"R",281,"R",45,"R",163,"R",73,"R",43,"R",1,"R",0,"R",1,"R",0
225876,11,"R",230,"R",48,"R",56,"R",126,"R",42,"R",6,"R",0,"R",0,"R",0
225885, 1,"R",964,"Z",0,"R",685,"R",279,"A",,"A",,"A",,"A",,"A",
225885, 2,"R",964,"Z",0,"R",685,"R",279,"A",,"A",,"A",,"A",,"A",
225885, 3,"R",955,"Z",0,"R",677,"R",278,"A",,"A",,"A",,"A",,"A",
225885,11,"R",9,"Z",0,"R",8,"R",1,"A",,"A",,"A",,"A",,"A",
225991, 1,"R",111,"A",,"A",,"R",111,"A",,"A",,"A",,"A",,"A",
225991, 2,"R",111,"A",,"A",,"R",111,"A",,"A",,"A",,"A",,"A",
225991, 3,"R",111,"A",,"A",,"R",111,"A",,"A",,"A",,"A",,"A",
226019, 1,"R",5442,"R",453,"R",1257,"R",3732,"R",450,"R",2,"Z",0,"R",1,"R",0
226019, 2,"R",5442,"R",453,"R",1257,"R",3732,"R",450,"R",2,"Z",0,"R",1,"R",0
226019, 3,"R",3482,"R",258,"R",1013,"R",2211,"R",256,"R",2,"Z",0,"Z",0,"R",0
226019,11,"R",1960,"R",195,"R",244,"R",1521,"R",194,"Z",0,"Z",0,"R",1,"R",0
226091, 1,"R",14783,"R",7109,"R",3409,"R",4265,"R",6379,"R",730,"Z",0,"Z",0,"R",0
226091, 2,"R",8904,"R",2040,"R",3067,"R",3797,"R",1960,"R",80,"Z",0,"Z",0,"R",0
226091, 3,"R",8623,"R",1770,"R",3063,"R",3790,"R",1695,"R",75,"Z",0,"Z",0,"R",0
226091,11,"R",281,"R",270,"R",4,"R",7,"R",265,"R",5,"Z",0,"Z",0,"R",0
226091,12,"R",5879,"R",5069,"R",342,"R",468,"R",4419,"R",650,"Z",0,"Z",0,"R",0
226107, 1,"R",2350,"R",602,"R",738,"R",1010,"R",564,"R",38,"R",0,"R",0,"R",0
226107, 2,"R",2350,"R",602,"R",738,"R",1010,"R",564,"R",38,"R",0,"R",0,"R",0
226107, 3,"R",1649,"R",280,"R",671,"R",698,"R",243,"R",37,"R",0,"R",0,"R",0
226107,11,"R",701,"R",322,"R",67,"R",312,"R",321,"R",1,"R",0,"R",0,"R",0
226116, 1,"R",2441,"R",161,"R",482,"R",1798,"R",161,"Z",0,"Z",0,"Z",0,"R",0
226116, 2,"R",2441,"R",161,"R",482,"R",1798,"R",161,"Z",0,"Z",0,"Z",0,"R",0
226116, 3,"R",2323,"R",154,"R",474,"R",1695,"R",154,"Z",0,"Z",0,"Z",0,"R",0
226116,11,"R",118,"R",7,"R",8,"R",103,"R",7,"Z",0,"Z",0,"Z",0,"R",0
226125, 1,"R",109,"A",,"A",,"R",109,"A",,"A",,"A",,"A",,"A",
226125, 2,"R",109,"A",,"A",,"R",109,"A",,"A",,"A",,"A",,"A",
226134, 1,"R",10181,"R",601,"R",1641,"R",7939,"R",596,"R",1,"R",0,"R",4,"R",0
226134, 2,"R",10181,"R",601,"R",1641,"R",7939,"R",596,"R",1,"R",0,"R",4,"R",0
226134, 3,"R",9560,"R",570,"R",1551,"R",7439,"R",565,"R",1,"R",0,"R",4,"R",0
226134,11,"R",621,"R",31,"R",90,"R",500,"R",31,"R",0,"R",0,"R",0,"R",0
226152, 1,"R",7884,"R",470,"R",3260,"R",4154,"R",469,"R",1,"Z",0,"Z",0,"R",0
226152, 2,"R",6992,"R",159,"R",2767,"R",4066,"R",159,"Z",0,"Z",0,"Z",0,"R",0
226152, 3,"R",6962,"R",156,"R",2762,"R",4044,"R",156,"Z",0,"Z",0,"Z",0,"R",0
226152,11,"R",30,"R",3,"R",5,"R",22,"R",3,"Z",0,"Z",0,"Z",0,"R",0
226152,12,"R",892,"R",311,"R",493,"R",88,"R",310,"R",1,"Z",0,"Z",0,"R",0
226204, 1,"R",7773,"R",435,"R",1285,"R",6053,"R",428,"R",0,"R",0,"R",7,"R",0
226204, 2,"R",7773,"R",435,"R",1285,"R",6053,"R",428,"R",0,"R",0,"R",7,"R",0
226204, 3,"R",7643,"R",423,"R",1273,"R",5947,"R",417,"R",0,"R",0,"R",6,"R",0
226204,11,"R",130,"R",12,"R",12,"R",106,"R",11,"R",0,"R",0,"R",1,"R",0
226231, 1,"R",3175,"R",1351,"R",501,"R",1323,"R",1176,"R",163,"R",0,"R",12,"R",0
226231, 2,"R",2801,"R",1007,"R",478,"R",1316,"R",868,"R",129,"R",0,"R",10,"R",0
226231, 3,"R",1771,"R",558,"R",401,"R",812,"R",512,"R",46,"R",0,"R",0,"R",0
226231,11,"R",1030,"R",449,"R",77,"R",504,"R",356,"R",83,"R",0,"R",10,"R",0
226231,12,"R",374,"R",344,"R",23,"R",7,"R",308,"R",34,"R",0,"R",2,"R",0
226277, 1,"R",1096,"A",,"A",,"R",1096,"A",,"A",,"A",,"A",,"A",
226277, 2,"R",1096,"A",,"A",,"R",1096,"A",,"A",,"A",,"A",,"A",
226277, 3,"R",1096,"A",,"A",,"R",1096,"A",,"A",,"A",,"A",,"A",
226383, 1,"R",1805,"R",14,"R",465,"R",1326,"R",10,"R",4,"R",0,"R",0,"R",0
226383, 2,"R",1439,"R",0,"R",357,"R",1082,"A",,"A",,"A",,"A",,"A",
226383, 3,"R",1393,"R",0,"R",357,"R",1036,"A",,"A",,"A",,"A",,"A",
226383,11,"R",46,"R",0,"R",0,"R",46,"A",,"A",,"A",,"A",,"A",
226383,12,"R",366,"R",14,"R",108,"R",244,"R",10,"R",4,"R",0,"R",0,"R",0
226408, 1,"R",4673,"R",458,"R",1081,"R",3134,"R",457,"R",1,"R",0,"R",0,"R",0
226408, 2,"R",4673,"R",458,"R",1081,"R",3134,"R",457,"R",1,"R",0,"R",0,"R",0
226408, 3,"R",3248,"R",382,"R",912,"R",1954,"R",381,"R",1,"R",0,"R",0,"R",0
226408,11,"R",1425,"R",76,"R",169,"R",1180,"R",76,"R",0,"R",0,"R",0,"R",0
226471, 1,"R",3888,"R",83,"R",733,"R",3072,"R",75,"R",8,"R",0,"R",0,"R",0
226471, 2,"R",3397,"R",66,"R",697,"R",2634,"R",60,"R",6,"R",0,"R",0,"R",0
226471, 3,"R",3362,"R",66,"R",696,"R",2600,"R",60,"R",6,"R",0,"R",0,"R",0
226471,11,"R",35,"R",0,"R",1,"R",34,"A",,"A",,"A",,"A",,"A",
226471,12,"R",491,"R",17,"R",36,"R",438,"R",15,"R",2,"R",0,"R",0,"R",0
226578, 1,"R",8955,"R",1661,"R",2365,"R",4929,"R",1609,"R",37,"R",0,"R",15,"R",0
226578, 2,"R",8955,"R",1661,"R",2365,"R",4929,"R",1609,"R",37,"R",0,"R",15,"R",0
226578, 3,"R",6739,"R",1365,"R",2307,"R",3067,"R",1326,"R",36,"R",0,"R",3,"R",0
226578,11,"R",2216,"R",296,"R",58,"R",1862,"R",283,"R",1,"R",0,"R",12,"R",0
226587, 1,"R",1132,"R",89,"R",328,"R",715,"R",88,"R",1,"R",0,"R",0,"R",0
226587, 2,"R",1128,"R",87,"R",328,"R",713,"R",86,"R",1,"R",0,"R",0,"R",0
226587, 3,"R",1080,"R",83,"R",317,"R",680,"R",82,"R",1,"R",0,"R",0,"R",0
226587,11,"R",48,"R",4,"R",11,"R",33,"R",4,"R",0,"R",0,"R",0,"R",0
226587,12,"R",4,"R",2,"R",0,"R",2,"R",2,"R",0,"R",0,"R",0,"R",0
226675, 1,"R",350,"A",,"A",,"R",350,"A",,"A",,"A",,"A",,"A",
226675, 2,"R",350,"A",,"A",,"R",350,"A",,"A",,"A",,"A",,"A",
226806, 1,"R",5452,"R",845,"R",1000,"R",3607,"R",808,"R",28,"R",0,"R",9,"R",0
226806, 2,"R",5452,"R",845,"R",1000,"R",3607,"R",808,"R",28,"R",0,"R",9,"R",0
226806, 3,"R",3185,"R",438,"R",915,"R",1832,"R",433,"R",5,"R",0,"R",0,"R",0
226806,11,"R",2267,"R",407,"R",85,"R",1775,"R",375,"R",23,"R",0,"R",9,"R",0
226833, 1,"R",6102,"R",1331,"R",1740,"R",3031,"R",1085,"R",217,"R",18,"Z",0,"R",11
226833, 2,"R",5372,"R",856,"R",1644,"R",2872,"R",672,"R",177,"R",2,"Z",0,"R",5
226833, 3,"R",5372,"R",856,"R",1644,"R",2872,"R",672,"R",177,"R",2,"Z",0,"R",5
226833,12,"R",730,"R",475,"R",96,"R",159,"R",413,"R",40,"R",16,"Z",0,"R",6
226860, 1,"R",37,"A",,"A",,"R",37,"A",,"A",,"A",,"A",,"A",
226860, 2,"R",37,"A",,"A",,"R",37,"A",,"A",,"A",,"A",,"A",
226879, 1,"R",165,"A",,"A",,"R",165,"A",,"A",,"A",,"A",,"A",
226879, 2,"R",165,"A",,"A",,"R",165,"A",,"A",,"A",,"A",,"A",
226879, 3,"R",165,"A",,"A",,"R",165,"A",,"A",,"A",,"A",,"A",
226903, 1,"R",596,"R",320,"Z",0,"R",276,"R",320,"Z",0,"Z",0,"Z",0,"R",0
226903, 2,"R",596,"R",320,"Z",0,"R",276,"R",320,"Z",0,"Z",0,"Z",0,"R",0
226903, 3,"R",596,"R",320,"Z",0,"R",276,"R",320,"Z",0,"Z",0,"Z",0,"R",0
226930, 1,"R",11619,"R",2258,"R",1779,"R",7582,"R",2245,"R",13,"Z",0,"Z",0,"R",0
226930, 2,"R",11619,"R",2258,"R",1779,"R",7582,"R",2245,"R",13,"Z",0,"Z",0,"R",0
226930, 3,"R",7468,"R",1961,"R",1456,"R",4051,"R",1950,"R",11,"Z",0,"Z",0,"R",0
226930,11,"R",4151,"R",297,"R",323,"R",3531,"R",295,"R",2,"Z",0,"Z",0,"R",0
227058, 1,"R",135,"A",,"A",,"R",135,"A",,"A",,"A",,"A",,"A",
227058, 2,"R",135,"A",,"A",,"R",135,"A",,"A",,"A",,"A",,"A",
227146, 1,"R",8601,"R",1672,"R",2016,"R",4913,"R",1657,"R",13,"R",0,"R",2,"R",0
227146, 2,"R",8601,"R",1672,"R",2016,"R",4913,"R",1657,"R",13,"R",0,"R",2,"R",0
227146, 3,"R",8601,"R",1672,"R",2016,"R",4913,"R",1657,"R",13,"R",0,"R",2,"R",0
227155, 1,"R",31,"A",,"A",,"R",31,"A",,"A",,"A",,"A",,"A",
227155, 2,"R",31,"A",,"A",,"R",31,"A",,"A",,"A",,"A",,"A",
227182, 1,"R",73499,"R",11524,"R",17317,"R",44658,"R",11472,"R",46,"R",0,"R",6,"R",0
227182, 2,"R",73499,"R",11524,"R",17317,"R",44658,"R",11472,"R",46,"R",0,"R",6,"R",0
227182, 3,"R",59074,"R",11089,"R",16257,"R",31728,"R",11037,"R",46,"Z",0,"R",6,"R",0
227182,11,"R",14425,"R",435,"R",1060,"R",12930,"R",435,"R",0,"R",0,"R",0,"R",0
227191, 1,"R",11512,"R",3004,"R",2125,"R",6383,"R",2973,"R",31,"Z",0,"Z",0,"R",0
227191, 2,"R",11512,"R",3004,"R",2125,"R",6383,"R",2973,"R",31,"Z",0,"Z",0,"R",0
227191, 3,"R",8458,"R",2476,"R",1735,"R",4247,"R",2448,"R",28,"Z",0,"Z",0,"R",0
227191,11,"R",3054,"R",528,"R",390,"R",2136,"R",525,"R",3,"Z",0,"Z",0,"R",0
227216, 1,"R",38241,"R",3902,"R",13820,"R",20519,"R",3586,"R",316,"R",0,"R",0,"R",0
227216, 2,"R",31375,"R",1619,"R",13153,"R",16603,"R",1604,"R",15,"R",0,"R",0,"R",0
227216, 3,"R",31375,"R",1619,"R",13153,"R",16603,"R",1604,"R",15,"R",0,"R",0,"R",0
227216,12,"R",6866,"R",2283,"R",667,"R",3916,"R",1982,"R",301,"R",0,"R",0,"R",0
227225, 1,"R",3091,"R",710,"R",905,"R",1476,"R",686,"R",11,"R",0,"R",0,"R",13
227225, 2,"R",3091,"R",710,"R",905,"R",1476,"R",686,"R",11,"R",0,"R",0,"R",13
227225, 3,"R",1978,"R",363,"R",674,"R",941,"R",343,"R",7,"R",0,"R",0,"R",13
227225,11,"R",1113,"R",347,"R",231,"R",535,"R",343,"R",4,"R",0,"R",0,"R",0
227289, 1,"R",162,"R",8,"R",0,"R",154,"R",3,"R",2,"Z",0,"R",3,"R",0
227289,12,"R",162,"R",8,"R",0,"R",154,"R",3,"R",2,"Z",0,"R",3,"R",0
227298, 1,"R",136,"A",,"A",,"R",136,"A",,"A",,"A",,"A",,"A",
227298, 2,"R",136,"A",,"A",,"R",136,"A",,"A",,"A",,"A",,"A",
227304, 1,"R",6602,"R",2011,"R",2225,"R",2366,"R",1954,"R",45,"R",6,"R",6,"R",0
227304, 2,"R",6602,"R",2011,"R",2225,"R",2366,"R",1954,"R",45,"R",6,"R",6,"R",0
227304, 3,"R",5146,"R",1783,"R",2211,"R",1152,"R",1756,"R",18,"R",6,"R",3,"R",0
227304,11,"R",1456,"R",228,"R",14,"R",1214,"R",198,"R",27,"R",0,"R",3,"R",0
227313, 1,"R",233,"A",,"A",,"R",233,"A",,"A",,"A",,"A",,"A",
227313, 2,"R",233,"A",,"A",,"R",233,"A",,"A",,"A",,"A",,"A",
227322, 1,"R",279,"A",,"A",,"R",279,"A",,"A",,"A",,"A",,"A",
227322, 2,"R",279,"A",,"A",,"R",279,"A",,"A",,"A",,"A",,"A",
227331, 1,"R",3149,"R",1092,"R",658,"R",1399,"R",577,"R",515,"Z",0,"Z",0,"R",0
227331, 2,"R",1419,"R",39,"R",638,"R",742,"R",38,"R",1,"Z",0,"Z",0,"R",0
227331, 3,"R",1383,"R",39,"R",638,"R",706,"R",38,"R",1,"Z",0,"Z",0,"R",0
227331,11,"R",36,"R",0,"R",0,"R",36,"A",,"A",,"A",,"A",,"A",
227331,12,"R",1730,"R",1053,"R",20,"R",657,"R",539,"R",514,"Z",0,"Z",0,"R",0
227368, 1,"R",28644,"R",2434,"R",11935,"R",14275,"R",2383,"R",39,"R",0,"R",12,"R",0
227368, 2,"R",24678,"R",1210,"R",11443,"R",12025,"R",1198,"R",8,"R",0,"R",4,"R",0
227368, 3,"R",24596,"R",1136,"R",11439,"R",12021,"R",1127,"R",5,"R",0,"R",4,"R",0
227368,11,"R",82,"R",74,"R",4,"R",4,"R",71,"R",3,"R",0,"R",0,"R",0
227368,12,"R",3966,"R",1224,"R",492,"R",2250,"R",1185,"R",31,"R",0,"R",8,"R",0
227377, 1,"R",7130,"R",46,"R",261,"R",6823,"R",46,"Z",0,"Z",0,"Z",0,"R",0
227377, 2,"R",7130,"R",46,"R",261,"R",6823,"R",46,"Z",0,"Z",0,"Z",0,"R",0
227377, 3,"R",3912,"R",46,"R",261,"R",3605,"R",46,"Z",0,"Z",0,"Z",0,"R",0
227377,11,"R",3218,"R",0,"R",0,"R",3218,"A",,"A",,"A",,"A",,"A",
227386, 1,"R",2766,"R",714,"R",1181,"R",871,"R",671,"R",28,"Z",0,"R",15,"R",0
227386, 2,"R",2766,"R",714,"R",1181,"R",871,"R",671,"R",28,"Z",0,"R",15,"R",0
227386, 3,"R",1940,"R",425,"R",956,"R",559,"R",397,"R",28,"Z",0,"R",0,"R",0
227386,11,"R",826,"R",289,"R",225,"R",312,"R",274,"R",0,"Z",0,"R",15,"R",0
227401, 1,"R",4959,"R",935,"R",1462,"R",2562,"R",887,"R",48,"R",0,"R",0,"R",0
227401, 2,"R",4959,"R",935,"R",1462,"R",2562,"R",887,"R",48,"R",0,"R",0,"R",0
227401, 3,"R",3118,"R",694,"R",906,"R",1518,"R",647,"R",47,"R",0,"R",0,"R",0
227401,11,"R",1841,"R",241,"R",556,"R",1044,"R",240,"R",1,"R",0,"R",0,"R",0
227429, 1,"R",550,"R",23,"R",0,"R",527,"R",16,"R",7,"Z",0,"Z",0,"R",0
227429, 2,"R",550,"R",23,"R",0,"R",527,"R",16,"R",7,"Z",0,"Z",0,"R",0
227429, 3,"R",549,"R",23,"R",0,"R",526,"R",16,"R",7,"Z",0,"Z",0,"R",0
227429,11,"R",1,"R",0,"R",0,"R",1,"A",,"A",,"A",,"A",,"A",
227526, 1,"R",9516,"R",269,"R",1655,"R",7592,"R",259,"R",10,"R",0,"R",0,"R",0
227526, 2,"R",8524,"R",50,"R",1195,"R",7279,"R",48,"R",2,"R",0,"R",0,"R",0
227526, 3,"R",8524,"R",50,"R",1195,"R",7279,"R",48,"R",2,"R",0,"R",0,"R",0
227526,12,"R",992,"R",219,"R",460,"R",313,"R",211,"R",8,"R",0,"R",0,"R",0
227687, 1,"R",2414,"R",598,"R",748,"R",1068,"R",597,"R",1,"Z",0,"Z",0,"R",0
227687, 2,"R",2414,"R",598,"R",748,"R",1068,"R",597,"R",1,"Z",0,"Z",0,"R",0
227687, 3,"R",2250,"R",541,"R",710,"R",999,"R",540,"R",1,"Z",0,"Z",0,"R",0
227687,11,"R",164,"R",57,"R",38,"R",69,"R",57,"Z",0,"Z",0,"Z",0,"R",0
227748, 1,"R",313,"A",,"A",,"R",313,"A",,"A",,"A",,"A",,"A",
227748, 2,"R",313,"A",,"A",,"R",313,"A",,"A",,"A",,"A",,"A",
227757, 1,"R",7124,"R",44,"R",84,"R",6996,"R",32,"R",11,"R",0,"R",1,"R",0
227757, 2,"R",3992,"R",0,"R",84,"R",3908,"A",,"A",,"A",,"A",,"A",
227757, 3,"R",3962,"R",0,"R",84,"R",3878,"A",,"A",,"A",,"A",,"A",
227757,11,"R",30,"R",0,"R",0,"R",30,"A",,"A",,"A",,"A",,"A",
227757,12,"R",3132,"R",44,"R",0,"R",3088,"R",32,"R",11,"R",0,"R",1,"R",0
227766, 1,"R",20032,"R",5877,"R",3215,"R",10940,"R",5803,"R",72,"Z",0,"R",2,"R",0
227766, 2,"R",20032,"R",5877,"R",3215,"R",10940,"R",5803,"R",72,"Z",0,"R",2,"R",0
227766, 3,"R",14255,"R",5011,"R",2598,"R",6646,"R",4953,"R",56,"Z",0,"R",2,"R",0
227766,11,"R",5777,"R",866,"R",617,"R",4294,"R",850,"R",16,"Z",0,"R",0,"R",0
227845, 1,"R",4301,"R",43,"R",118,"R",4140,"R",29,"R",14,"Z",0,"Z",0,"R",0
227845, 2,"R",3789,"R",12,"R",118,"R",3659,"R",11,"R",1,"Z",0,"Z",0,"R",0
227845, 3,"R",3757,"R",12,"R",118,"R",3627,"R",11,"R",1,"Z",0,"Z",0,"R",0
227845,11,"R",32,"R",0,"R",0,"R",32,"A",,"A",,"A",,"A",,"A",
227845,12,"R",512,"R",31,"R",0,"R",481,"R",18,"R",13,"Z",0,"Z",0,"R",0
227854, 1,"R",11590,"R",3162,"R",2075,"R",6353,"R",3071,"R",83,"R",0,"R",8,"R",0
227854, 2,"R",11590,"R",3162,"R",2075,"R",6353,"R",3071,"R",83,"R",0,"R",8,"R",0
227854, 3,"R",7676,"R",2648,"R",1462,"R",3566,"R",2590,"R",53,"R",0,"R",5,"R",0
227854,11,"R",3914,"R",514,"R",613,"R",2787,"R",481,"R",30,"R",0,"R",3,"R",0
227863, 1,"R",3223,"R",388,"R",332,"R",2503,"R",386,"R",2,"Z",0,"Z",0,"R",0
227863, 2,"R",1978,"R",3,"R",251,"R",1724,"R",3,"Z",0,"Z",0,"Z",0,"R",0
227863, 3,"R",1909,"R",3,"R",250,"R",1656,"R",3,"Z",0,"Z",0,"Z",0,"R",0
227863,11,"R",69,"Z",0,"R",1,"R",68,"A",,"A",,"A",,"A",,"A",
227863,12,"R",1245,"R",385,"R",81,"R",779,"R",383,"R",2,"Z",0,"Z",0,"R",0
227881, 1,"R",21213,"R",3489,"R",7776,"R",9948,"R",3223,"R",215,"Z",0,"R",12,"R",39
227881, 2,"R",18498,"R",1910,"R",7408,"R",9180,"R",1854,"R",54,"Z",0,"R",2,"R",0
227881, 3,"R",18498,"R",1910,"R",7408,"R",9180,"R",1854,"R",54,"Z",0,"R",2,"R",0
227881,12,"R",2715,"R",1579,"R",368,"R",768,"R",1369,"R",161,"Z",0,"R",10,"R",39
227924, 1,"R",17573,"R",3797,"R",2553,"R",11223,"R",3738,"R",55,"R",0,"R",4,"R",0
227924, 2,"R",17573,"R",3797,"R",2553,"R",11223,"R",3738,"R",55,"R",0,"R",4,"R",0
227924, 3,"R",14564,"R",3559,"R",2441,"R",8564,"R",3505,"R",51,"R",0,"R",3,"R",0
227924,11,"R",3009,"R",238,"R",112,"R",2659,"R",233,"R",4,"R",0,"R",1,"R",0
227979, 1,"R",32137,"R",3529,"R",7207,"R",21401,"R",3490,"R",14,"Z",0,"R",25,"R",0
227979, 2,"R",32137,"R",3529,"R",7207,"R",21401,"R",3490,"R",14,"Z",0,"R",25,"R",0
227979, 3,"R",25470,"R",3271,"R",6765,"R",15434,"R",3235,"R",12,"Z",0,"R",24,"R",0
227979,11,"R",6667,"R",258,"R",442,"R",5967,"R",255,"R",2,"Z",0,"R",1,"R",0
228042, 1,"R",1418,"R",241,"R",60,"R",1117,"R",234,"R",7,"R",0,"R",0,"R",0
228042, 2,"R",1319,"R",142,"R",60,"R",1117,"R",137,"R",5,"R",0,"R",0,"R",0
228042, 3,"R",1207,"R",142,"R",59,"R",1006,"R",137,"R",5,"R",0,"R",0,"R",0
228042,11,"R",112,"R",0,"R",1,"R",111,"A",,"A",,"A",,"A",,"A",
228042,12,"R",99,"R",99,"R",0,"R",0,"R",97,"R",2,"R",0,"R",0,"R",0
228088, 1,"R",22,"A",,"A",,"R",22,"A",,"A",,"A",,"A",,"A",
228088, 2,"R",22,"A",,"A",,"R",22,"A",,"A",,"A",,"A",,"A",
228149, 1,"R",3648,"R",46,"R",372,"R",3230,"R",33,"R",12,"R",1,"R",0,"R",0
228149, 2,"R",2373,"R",4,"R",348,"R",2021,"R",4,"R",0,"R",0,"R",0,"R",0
228149, 3,"R",2356,"R",3,"R",347,"R",2006,"R",3,"R",0,"R",0,"R",0,"R",0
228149,11,"R",17,"R",1,"R",1,"R",15,"R",1,"R",0,"R",0,"R",0,"R",0
228149,12,"R",1275,"R",42,"R",24,"R",1209,"R",29,"R",12,"R",1,"R",0,"R",0
228158, 1,"R",9310,"R",2030,"R",2338,"R",4942,"R",2001,"R",25,"R",0,"R",4,"R",0
228158, 2,"R",9310,"R",2030,"R",2338,"R",4942,"R",2001,"R",25,"R",0,"R",4,"R",0
228158, 3,"R",7241,"R",731,"R",2104,"R",4406,"R",705,"R",22,"R",0,"R",4,"R",0
228158,11,"R",2069,"R",1299,"R",234,"R",536,"R",1296,"R",3,"R",0,"R",0,"R",0
228185, 1,"R",44,"A",,"A",,"R",44,"A",,"A",,"A",,"A",,"A",
228185, 2,"R",44,"A",,"A",,"R",44,"A",,"A",,"A",,"A",,"A",
228194, 1,"R",942,"A",,"A",,"R",942,"A",,"A",,"A",,"A",,"A",
228194,12,"R",942,"A",,"A",,"R",942,"A",,"A",,"A",,"A",,"A",
228200, 1,"R",458,"A",,"A",,"R",458,"A",,"A",,"A",,"A",,"A",
228200, 2,"R",458,"A",,"A",,"R",458,"A",,"A",,"A",,"A",,"A",
228219, 1,"R",431,"A",,"A",,"R",431,"A",,"A",,"A",,"A",,"A",
228219, 2,"R",431,"A",,"A",,"R",431,"A",,"A",,"A",,"A",,"A",
228246, 1,"R",11649,"R",501,"R",603,"R",10545,"R",297,"R",191,"Z",0,"R",13,"R",0
228246, 2,"R",6479,"Z",0,"R",255,"R",6224,"A",,"A",,"A",,"A",,"A",
228246, 3,"R",6448,"Z",0,"R",254,"R",6194,"A",,"A",,"A",,"A",,"A",
228246,11,"R",31,"Z",0,"R",1,"R",30,"A",,"A",,"A",,"A",,"A",
228246,12,"R",5170,"R",501,"R",348,"R",4321,"R",297,"R",191,"Z",0,"R",13,"R",0
228282, 1,"R",39,"A",,"A",,"R",39,"A",,"A",,"A",,"A",,"A",
228282, 2,"R",39,"A",,"A",,"R",39,"A",,"A",,"A",,"A",,"A",
228316, 1,"R",6894,"R",958,"R",2411,"R",3525,"R",958,"R",0,"R",0,"R",0,"R",0
228316, 2,"R",6894,"R",958,"R",2411,"R",3525,"R",958,"R",0,"R",0,"R",0,"R",0
228316, 3,"R",3875,"R",526,"R",1816,"R",1533,"R",526,"R",0,"R",0,"R",0,"R",0
228316,11,"R",3019,"R",432,"R",595,"R",1992,"R",432,"R",0,"R",0,"R",0,"R",0
228325, 1,"R",2102,"R",1098,"R",422,"R",582,"R",528,"R",557,"R",1,"R",12,"R",0
228325, 2,"R",1692,"R",727,"R",391,"R",574,"R",321,"R",398,"R",0,"R",8,"R",0
228325, 3,"R",1651,"R",688,"R",391,"R",572,"R",302,"R",386,"R",0,"R",0,"R",0
228325,11,"R",41,"R",39,"R",0,"R",2,"R",19,"R",12,"R",0,"R",8,"R",0
228325,12,"R",410,"R",371,"R",31,"R",8,"R",207,"R",159,"R",1,"R",4,"R",0
228343, 1,"R",1434,"A",,"A",,"R",1434,"A",,"A",,"A",,"A",,"A",
228343, 2,"R",1434,"A",,"A",,"R",1434,"A",,"A",,"A",,"A",,"A",
228343, 3,"R",1430,"A",,"A",,"R",1430,"A",,"A",,"A",,"A",,"A",
228343,11,"R",4,"A",,"A",,"R",4,"A",,"A",,"A",,"A",,"A",
228431, 1,"R",13144,"R",1777,"R",3450,"R",7917,"R",1719,"R",57,"R",0,"R",1,"R",0
228431, 2,"R",11398,"R",1048,"R",3166,"R",7184,"R",1042,"R",6,"R",0,"R",0,"R",0
228431, 3,"R",10474,"R",735,"R",3123,"R",6616,"R",729,"R",6,"R",0,"R",0,"R",0
228431,11,"R",924,"R",313,"R",43,"R",568,"R",313,"R",0,"R",0,"R",0,"R",0
228431,12,"R",1746,"R",729,"R",284,"R",733,"R",677,"R",51,"R",0,"R",1,"R",0
228459, 1,"R",38644,"R",1376,"R",9406,"R",27862,"R",1332,"R",40,"R",4,"Z",0,"R",0
228459, 2,"R",34187,"R",656,"R",8779,"R",24752,"R",648,"R",7,"R",1,"Z",0,"R",0
228459, 3,"R",34187,"R",656,"R",8779,"R",24752,"R",648,"R",7,"R",1,"Z",0,"R",0
228459,12,"R",4457,"R",720,"R",627,"R",3110,"R",684,"R",33,"R",3,"Z",0,"R",0
228468, 1,"R",879,"R",41,"R",1,"R",837,"R",27,"R",13,"R",0,"R",1,"R",0
228468, 2,"R",860,"R",35,"R",1,"R",824,"R",22,"R",12,"R",0,"R",1,"R",0
228468, 3,"R",755,"R",24,"R",1,"R",730,"R",16,"R",7,"R",0,"R",1,"R",0
228468,11,"R",105,"R",11,"R",0,"R",94,"R",6,"R",5,"R",0,"R",0,"R",0
228468,12,"R",19,"R",6,"R",0,"R",13,"R",5,"R",1,"R",0,"R",0,"R",0
228486, 1,"R",87,"R",3,"R",0,"R",84,"R",2,"R",1,"R",0,"R",0,"R",0
228486, 2,"R",87,"R",3,"R",0,"R",84,"R",2,"R",1,"R",0,"R",0,"R",0
228486, 3,"R",87,"R",3,"R",0,"R",84,"R",2,"R",1,"R",0,"R",0,"R",0
228501, 1,"R",2739,"R",920,"R",790,"R",1029,"R",901,"R",17,"Z",0,"R",2,"R",0
228501, 2,"R",2137,"R",541,"R",684,"R",912,"R",538,"R",3,"Z",0,"Z",0,"R",0
228501, 3,"R",2060,"R",493,"R",675,"R",892,"R",492,"R",1,"Z",0,"Z",0,"R",0
228501,11,"R",77,"R",48,"R",9,"R",20,"R",46,"R",2,"Z",0,"Z",0,"R",0
228501,12,"R",602,"R",379,"R",106,"R",117,"R",363,"R",14,"Z",0,"R",2,"R",0
228529, 1,"R",13109,"R",1004,"R",874,"R",11231,"R",982,"R",11,"R",0,"R",11,"R",0
228529, 2,"R",11315,"R",718,"R",666,"R",9931,"R",705,"R",8,"R",0,"R",5,"R",0
228529, 3,"R",11312,"R",718,"R",666,"R",9928,"R",705,"R",8,"R",0,"R",5,"R",0
228529,11,"R",3,"R",0,"R",0,"R",3,"A",,"A",,"A",,"A",,"A",
228529,12,"R",1794,"R",286,"R",208,"R",1300,"R",277,"R",3,"Z",0,"R",6,"R",0
228547, 1,"R",51100,"R",5824,"R",6036,"R",39240,"R",5704,"R",77,"Z",0,"R",14,"R",29
228547, 2,"R",51100,"R",5824,"R",6036,"R",39240,"R",5704,"R",77,"Z",0,"R",14,"R",29
228547, 3,"R",39612,"R",5110,"R",5324,"R",29178,"R",5001,"R",73,"Z",0,"R",13,"R",23
228547,11,"R",11488,"R",714,"R",712,"R",10062,"R",703,"R",4,"Z",0,"R",1,"R",6
228608, 1,"R",4911,"R",821,"R",1172,"R",2918,"R",798,"R",23,"Z",0,"Z",0,"R",0
228608, 2,"R",4911,"R",821,"R",1172,"R",2918,"R",798,"R",23,"Z",0,"Z",0,"R",0
228608, 3,"R",4693,"R",788,"R",1090,"R",2815,"R",771,"R",17,"Z",0,"Z",0,"R",0
228608,11,"R",218,"R",33,"R",82,"R",103,"R",27,"R",6,"Z",0,"Z",0,"R",0
228635, 1,"R",2266,"A",,"A",,"R",2266,"A",,"A",,"A",,"A",,"A",
228635,12,"R",2266,"A",,"A",,"R",2266,"A",,"A",,"A",,"A",,"A",
228644, 1,"R",3292,"R",95,"R",0,"R",3197,"R",82,"R",13,"R",0,"R",0,"R",0
228644, 2,"R",774,"R",76,"R",0,"R",698,"R",67,"R",9,"R",0,"R",0,"R",0
228644, 3,"R",774,"R",76,"R",0,"R",698,"R",67,"R",9,"R",0,"R",0,"R",0
228644,12,"R",2518,"R",19,"R",0,"R",2499,"R",15,"R",4,"R",0,"R",0,"R",0
228653, 1,"R",3343,"R",746,"R",0,"R",2597,"R",691,"R",53,"R",2,"R",0,"R",0
228653, 2,"R",753,"R",118,"R",0,"R",635,"R",116,"R",2,"R",0,"R",0,"R",0
228653, 3,"R",753,"R",118,"R",0,"R",635,"R",116,"R",2,"R",0,"R",0,"R",0
228653,12,"R",2590,"R",628,"R",0,"R",1962,"R",575,"R",51,"R",2,"R",0,"R",0
228699, 1,"R",4239,"R",451,"R",900,"R",2888,"R",385,"R",66,"R",0,"R",0,"R",0
228699, 2,"R",4239,"R",451,"R",900,"R",2888,"R",385,"R",66,"R",0,"R",0,"R",0
228699, 3,"R",2319,"R",196,"R",492,"R",1631,"R",140,"R",56,"R",0,"R",0,"R",0
228699,11,"R",1920,"R",255,"R",408,"R",1257,"R",245,"R",10,"R",0,"R",0,"R",0
228705, 1,"R",8541,"R",420,"R",1745,"R",6376,"R",367,"R",18,"Z",0,"R",35,"R",0
228705, 2,"R",6976,"R",53,"R",1487,"R",5436,"R",53,"Z",0,"Z",0,"Z",0,"R",0
228705, 3,"R",5811,"R",53,"R",1485,"R",4273,"R",53,"Z",0,"Z",0,"Z",0,"R",0
228705,11,"R",1165,"R",0,"R",2,"R",1163,"A",,"A",,"A",,"A",,"A",
228705,12,"R",1565,"R",367,"R",258,"R",940,"R",314,"R",18,"Z",0,"R",35,"R",0
228723, 1,"R",68679,"R",971,"R",4608,"R",63100,"R",783,"R",180,"R",0,"R",8,"R",0
228723, 2,"R",53743,"R",44,"R",4300,"R",49399,"R",43,"R",1,"R",0,"R",0,"R",0
228723, 3,"R",53194,"R",44,"R",4298,"R",48852,"R",43,"R",1,"R",0,"R",0,"R",0
228723,11,"R",549,"R",0,"R",2,"R",547,"A",,"A",,"A",,"A",,"A",
228723,12,"R",14936,"R",927,"R",308,"R",13701,"R",740,"R",179,"R",0,"R",8,"R",0
228769, 1,"R",47899,"R",18425,"R",6439,"R",23035,"R",15050,"R",3348,"Z",0,"R",27,"R",0
228769, 2,"R",34472,"R",11255,"R",5654,"R",17563,"R",8488,"R",2757,"Z",0,"R",10,"R",0
228769, 3,"R",34024,"R",11161,"R",5630,"R",17233,"R",8401,"R",2751,"Z",0,"R",9,"R",0
228769,11,"R",448,"R",94,"R",24,"R",330,"R",87,"R",6,"Z",0,"R",1,"R",0
228769,12,"R",13427,"R",7170,"R",785,"R",5472,"R",6562,"R",591,"Z",0,"R",17,"R",0
228778, 1,"R",51832,"R",154,"R",12546,"R",39132,"R",146,"R",8,"R",0,"R",0,"R",0
228778, 2,"R",40804,"R",132,"R",12240,"R",28432,"R",128,"R",4,"R",0,"R",0,"R",0
228778, 3,"R",40329,"R",121,"R",12199,"R",28009,"R",117,"R",4,"R",0,"R",0,"R",0
228778,11,"R",475,"R",11,"R",41,"R",423,"R",11,"R",0,"R",0,"R",0,"R",0
228778,12,"R",11028,"R",22,"R",306,"R",10700,"R",18,"R",4,"R",0,"R",0,"R",0
228787, 1,"R",28755,"R",110,"R",5087,"R",23558,"R",103,"R",3,"R",0,"R",4,"R",0
228787, 2,"R",19872,"R",0,"R",3423,"R",16449,"A",,"A",,"A",,"A",,"A",
228787, 3,"R",19837,"R",0,"R",3423,"R",16414,"A",,"A",,"A",,"A",,"A",
228787,11,"R",35,"R",0,"R",0,"R",35,"A",,"A",,"A",,"A",,"A",
228787,12,"R",8883,"R",110,"R",1664,"R",7109,"R",103,"R",3,"R",0,"R",4,"R",0
228796, 1,"R",25151,"R",2299,"R",7528,"R",15324,"R",2048,"R",217,"R",0,"R",34,"R",0
228796, 2,"R",21464,"R",1143,"R",7094,"R",13227,"R",1058,"R",76,"R",0,"R",9,"R",0
228796, 3,"R",21291,"R",1078,"R",7085,"R",13128,"R",996,"R",73,"R",0,"R",9,"R",0
228796,11,"R",173,"R",65,"R",9,"R",99,"R",62,"R",3,"R",0,"R",0,"R",0
228796,12,"R",3687,"R",1156,"R",434,"R",2097,"R",990,"R",141,"R",0,"R",25,"R",0
228802, 1,"R",10206,"R",3070,"R",3921,"R",3215,"R",2894,"R",159,"R",0,"R",17,"R",0
228802, 2,"R",7333,"R",1097,"R",3726,"R",2510,"R",1077,"R",5,"R",0,"R",15,"R",0
228802, 3,"R",6732,"R",797,"R",3659,"R",2276,"R",792,"R",5,"R",0,"R",0,"R",0
228802,11,"R",601,"R",300,"R",67,"R",234,"R",285,"R",0,"R",0,"R",15,"R",0
228802,12,"R",2873,"R",1973,"R",195,"R",705,"R",1817,"R",154,"R",0,"R",2,"R",0
228866, 1,"R",248,"A",,"A",,"R",248,"A",,"A",,"A",,"A",,"A",
228866,12,"R",248,"A",,"A",,"R",248,"A",,"A",,"A",,"A",,"A",
228875, 1,"R",10918,"R",184,"R",99,"R",10635,"R",164,"R",20,"Z",0,"Z",0,"R",0
228875, 2,"R",9445,"Z",0,"Z",0,"R",9445,"A",,"A",,"A",,"A",,"A",
228875, 3,"R",9407,"Z",0,"Z",0,"R",9407,"A",,"A",,"A",,"A",,"A",
228875,11,"R",38,"Z",0,"Z",0,"R",38,"A",,"A",,"A",,"A",,"A",
228875,12,"R",1473,"R",184,"R",99,"R",1190,"R",164,"R",20,"Z",0,"Z",0,"R",0
228884, 1,"R",1042,"A",,"A",,"R",1042,"A",,"A",,"A",,"A",,"A",
228884, 2,"R",1042,"A",,"A",,"R",1042,"A",,"A",,"A",,"A",,"A",
228884, 3,"R",1042,"A",,"A",,"R",1042,"A",,"A",,"A",,"A",,"A",
228909, 1,"R",2276,"R",92,"R",50,"R",2134,"R",90,"R",2,"R",0,"R",0,"R",0
228909,12,"R",2276,"R",92,"R",50,"R",2134,"R",90,"R",2,"R",0,"R",0,"R",0
228981, 1,"R",1443,"A",,"A",,"R",1443,"A",,"A",,"A",,"A",,"A",
228981, 2,"R",1411,"A",,"A",,"R",1411,"A",,"A",,"A",,"A",,"A",
228981, 3,"R",1361,"A",,"A",,"R",1361,"A",,"A",,"A",,"A",,"A",
228981,11,"R",50,"A",,"A",,"R",50,"A",,"A",,"A",,"A",,"A",
228981,12,"R",32,"A",,"A",,"R",32,"A",,"A",,"A",,"A",,"A",
229018, 1,"R",5834,"R",2879,"R",1290,"R",1665,"R",2755,"R",114,"R",0,"R",10,"R",0
229018, 2,"R",4744,"R",2165,"R",1160,"R",1419,"R",2138,"R",26,"R",0,"R",1,"R",0
229018, 3,"R",3558,"R",986,"R",1159,"R",1413,"R",960,"R",25,"R",0,"R",1,"R",0
229018,11,"R",1186,"R",1179,"R",1,"R",6,"R",1178,"R",1,"R",0,"R",0,"R",0
229018,12,"R",1090,"R",714,"R",130,"R",246,"R",617,"R",88,"R",0,"R",9,"R",0
229027, 1,"R",32264,"R",705,"R",8932,"R",22627,"R",691,"R",13,"R",0,"R",1,"R",0
229027, 2,"R",27988,"R",606,"R",8647,"R",18735,"R",594,"R",11,"R",0,"R",1,"R",0
229027, 3,"R",27380,"R",583,"R",8576,"R",18221,"R",572,"R",10,"R",0,"R",1,"R",0
229027,11,"R",608,"R",23,"R",71,"R",514,"R",22,"R",1,"R",0,"R",0,"R",0
229027,12,"R",4276,"R",99,"R",285,"R",3892,"R",97,"R",2,"R",0,"R",0,"R",0
229063, 1,"R",9732,"R",471,"R",2433,"R",6828,"R",428,"R",38,"Z",0,"R",5,"R",0
229063, 2,"R",7604,"R",202,"R",2145,"R",5257,"R",196,"R",5,"Z",0,"R",1,"R",0
229063, 3,"R",7604,"R",202,"R",2145,"R",5257,"R",196,"R",5,"Z",0,"R",1,"R",0
229063,12,"R",2128,"R",269,"R",288,"R",1571,"R",232,"R",33,"Z",0,"R",4,"R",0
229115, 1,"R",38209,"R",3513,"R",15508,"R",19188,"R",2271,"R",440,"R",0,"R",31,"R",771
229115, 2,"R",31957,"R",1980,"R",14487,"R",15490,"R",1138,"R",71,"R",0,"R",3,"R",768
229115, 3,"R",30795,"R",1147,"R",14423,"R",15225,"R",1074,"R",66,"R",0,"R",3,"R",4
229115,11,"R",1162,"R",833,"R",64,"R",265,"R",64,"R",5,"R",0,"R",0,"R",764
229115,12,"R",6252,"R",1533,"R",1021,"R",3698,"R",1133,"R",369,"R",0,"R",28,"R",3
229160, 1,"R",2236,"R",208,"R",1030,"R",998,"R",137,"R",67,"R",0,"R",4,"R",0
229160, 2,"R",1456,"R",26,"R",928,"R",502,"R",24,"R",2,"R",0,"R",0,"R",0
229160, 3,"R",1445,"R",26,"R",928,"R",491,"R",24,"R",2,"R",0,"R",0,"R",0
229160,11,"R",11,"R",0,"R",0,"R",11,"A",,"A",,"A",,"A",,"A",
229160,12,"R",780,"R",182,"R",102,"R",496,"R",113,"R",65,"R",0,"R",4,"R",0
229179, 1,"R",15518,"R",4025,"R",5206,"R",6287,"R",3790,"R",192,"R",0,"R",3,"R",40
229179, 2,"R",10388,"R",1619,"R",4247,"R",4522,"R",1598,"R",17,"R",0,"R",0,"R",4
229179, 3,"R",9336,"R",1615,"R",4243,"R",3478,"R",1594,"R",17,"R",0,"R",0,"R",4
229179,11,"R",1052,"R",4,"R",4,"R",1044,"R",4,"R",0,"R",0,"R",0,"R",0
229179,12,"R",5130,"R",2406,"R",959,"R",1765,"R",2192,"R",175,"R",0,"R",3,"R",36
229267, 1,"R",2637,"R",19,"R",1,"R",2617,"R",17,"R",2,"R",0,"R",0,"R",0
229267, 2,"R",2474,"A",,"A",,"R",2474,"A",,"A",,"A",,"A",,"A",
229267, 3,"R",2462,"A",,"A",,"R",2462,"A",,"A",,"A",,"A",,"A",
229267,11,"R",12,"A",,"A",,"R",12,"A",,"A",,"A",,"A",,"A",
229267,12,"R",163,"R",19,"R",1,"R",143,"R",17,"R",2,"R",0,"R",0,"R",0
229300, 1,"R",5335,"R",83,"R",1248,"R",4004,"R",82,"R",1,"R",0,"R",0,"R",0
229300, 2,"R",717,"R",0,"R",352,"R",365,"A",,"A",,"A",,"A",,"A",
229300, 3,"R",717,"R",0,"R",352,"R",365,"A",,"A",,"A",,"A",,"A",
229300,12,"R",4618,"R",83,"R",896,"R",3639,"R",82,"R",1,"R",0,"R",0,"R",0
229337, 1,"R",5083,"R",1669,"R",1027,"R",2387,"R",1561,"R",83,"Z",0,"R",25,"R",0
229337, 2,"R",1520,"R",669,"R",280,"R",571,"R",639,"R",14,"Z",0,"R",16,"R",0
229337, 3,"R",1520,"R",669,"R",280,"R",571,"R",639,"R",14,"Z",0,"R",16,"R",0
229337,12,"R",3563,"R",1000,"R",747,"R",1816,"R",922,"R",69,"Z",0,"R",9,"R",0
229355, 1,"R",10106,"R",1329,"R",6289,"R",2488,"R",1298,"R",30,"R",1,"R",0,"R",0
229355, 2,"R",10106,"R",1329,"R",6289,"R",2488,"R",1298,"R",30,"R",1,"R",0,"R",0
229355, 3,"R",9491,"R",1253,"R",5790,"R",2448,"R",1232,"R",20,"R",1,"R",0,"R",0
229355,11,"R",615,"R",76,"R",499,"R",40,"R",66,"R",10,"Z",0,"R",0,"R",0
229416, 1,"R",1426,"A",,"A",,"R",1426,"A",,"A",,"A",,"A",,"A",
229416, 2,"R",1426,"A",,"A",,"R",1426,"A",,"A",,"A",,"A",,"A",
229425, 1,"R",156,"A",,"A",,"R",156,"A",,"A",,"A",,"A",,"A",
229425, 2,"R",156,"A",,"A",,"R",156,"A",,"A",,"A",,"A",,"A",
229504, 1,"R",3054,"R",431,"R",817,"R",1806,"R",320,"R",15,"R",0,"R",0,"R",96
229504, 2,"R",3054,"R",431,"R",817,"R",1806,"R",320,"R",15,"R",0,"R",0,"R",96
229504, 3,"R",2228,"R",172,"R",674,"R",1382,"R",159,"R",2,"R",0,"R",0,"R",11
229504,11,"R",826,"R",259,"R",143,"R",424,"R",161,"R",13,"R",0,"R",0,"R",85
229522, 1,"R",93,"A",,"A",,"R",93,"A",,"A",,"A",,"A",,"A",
229522, 2,"R",93,"A",,"A",,"R",93,"A",,"A",,"A",,"A",,"A",
229540, 1,"R",3860,"R",853,"R",856,"R",2151,"R",852,"R",1,"Z",0,"Z",0,"R",0
229540, 2,"R",3860,"R",853,"R",856,"R",2151,"R",852,"R",1,"Z",0,"Z",0,"R",0
229540, 3,"R",3149,"R",438,"R",809,"R",1902,"R",437,"R",1,"Z",0,"Z",0,"R",0
229540,11,"R",711,"R",415,"R",47,"R",249,"R",415,"R",0,"Z",0,"Z",0,"R",0
229656, 1,"R",317,"A",,"A",,"R",317,"A",,"A",,"A",,"A",,"A",
229656, 2,"R",317,"A",,"A",,"R",317,"A",,"A",,"A",,"A",,"A",
229780, 1,"R",4504,"R",1400,"R",1139,"R",1965,"R",862,"R",530,"R",8,"R",0,"R",0
229780, 2,"R",3356,"R",769,"R",859,"R",1728,"R",468,"R",295,"R",6,"R",0,"R",0
229780, 3,"R",3169,"R",758,"R",854,"R",1557,"R",466,"R",286,"R",6,"R",0,"R",0
229780,11,"R",187,"R",11,"R",5,"R",171,"R",2,"R",9,"R",0,"R",0,"R",0
229780,12,"R",1148,"R",631,"R",280,"R",237,"R",394,"R",235,"R",2,"R",0,"R",0
229799, 1,"R",6389,"R",813,"R",1308,"R",4268,"R",805,"R",8,"R",0,"R",0,"R",0
229799, 2,"R",6389,"R",813,"R",1308,"R",4268,"R",805,"R",8,"R",0,"R",0,"R",0
229799, 3,"R",6288,"R",800,"R",1295,"R",4193,"R",792,"R",8,"R",0,"R",0,"R",0
229799,11,"R",101,"R",13,"R",13,"R",75,"R",13,"R",0,"R",0,"R",0,"R",0
229814, 1,"R",10029,"R",3382,"R",2453,"R",4194,"R",2264,"R",1077,"R",0,"R",41,"R",0
229814, 2,"R",7376,"R",1315,"R",2243,"R",3818,"R",1180,"R",129,"R",0,"R",6,"R",0
229814, 3,"R",7368,"R",1312,"R",2242,"R",3814,"R",1177,"R",129,"R",0,"R",6,"R",0
229814,11,"R",8,"R",3,"R",1,"R",4,"R",3,"R",0,"R",0,"R",0,"R",0
229814,12,"R",2653,"R",2067,"R",210,"R",376,"R",1084,"R",948,"R",0,"R",35,"R",0
229832, 1,"R",2179,"R",149,"R",212,"R",1818,"R",137,"R",12,"Z",0,"Z",0,"R",0
229832, 2,"R",2179,"R",149,"R",212,"R",1818,"R",137,"R",12,"Z",0,"Z",0,"R",0
229832, 3,"R",750,"Z",0,"R",212,"R",538,"A",,"A",,"A",,"A",,"A",
229832,11,"R",1429,"R",149,"Z",0,"R",1280,"R",137,"R",12,"Z",0,"Z",0,"R",0
229841, 1,"R",6768,"R",535,"R",1123,"R",5110,"R",528,"R",7,"R",0,"R",0,"R",0
229841, 2,"R",6768,"R",535,"R",1123,"R",5110,"R",528,"R",7,"R",0,"R",0,"R",0
229841, 3,"R",6165,"R",525,"R",1115,"R",4525,"R",518,"R",7,"R",0,"R",0,"R",0
229841,11,"R",603,"R",10,"R",8,"R",585,"R",10,"R",0,"R",0,"R",0,"R",0
229887, 1,"R",1003,"R",82,"R",302,"R",619,"R",38,"R",43,"R",1,"R",0,"R",0
229887, 2,"R",1003,"R",82,"R",302,"R",619,"R",38,"R",43,"R",1,"R",0,"R",0
229887, 3,"R",1002,"R",82,"R",302,"R",618,"R",38,"R",43,"R",1,"R",0,"R",0
229887,11,"R",1,"R",0,"R",0,"R",1,"A",,"A",,"A",,"A",,"A",
229957, 1,"R",19,"A",,"A",,"R",19,"A",,"A",,"A",,"A",,"A",
229957, 2,"R",19,"A",,"A",,"R",19,"A",,"A",,"A",,"A",,"A",
230010, 1,"R",1345,"R",107,"Z",0,"R",1238,"R",80,"R",10,"R",17,"Z",0,"R",0
230010, 2,"R",1345,"R",107,"Z",0,"R",1238,"R",80,"R",10,"R",17,"Z",0,"R",0
230010, 3,"R",1199,"R",19,"Z",0,"R",1180,"R",18,"R",1,"Z",0,"Z",0,"R",0
230010,11,"R",146,"R",88,"Z",0,"R",58,"R",62,"R",9,"R",17,"Z",0,"R",0
230038, 1,"R",34499,"R",218,"R",6522,"R",27759,"R",125,"R",90,"R",2,"R",1,"R",0
230038, 2,"R",31441,"R",213,"R",6463,"R",24765,"R",120,"R",90,"R",2,"R",1,"R",0
230038, 3,"R",31441,"R",213,"R",6463,"R",24765,"R",120,"R",90,"R",2,"R",1,"R",0
230038,12,"R",3058,"R",5,"R",59,"R",2994,"R",5,"Z",0,"Z",0,"Z",0,"R",0
230047, 1,"R",3176,"R",139,"R",598,"R",2439,"R",14,"R",3,"R",19,"R",101,"R",2
230047, 2,"R",3176,"R",139,"R",598,"R",2439,"R",14,"R",3,"R",19,"R",101,"R",2
230047, 3,"R",3040,"R",25,"R",595,"R",2420,"R",9,"Z",0,"R",15,"Z",0,"R",1
230047,11,"R",136,"R",114,"R",3,"R",19,"R",5,"R",3,"R",4,"R",101,"R",1
230056, 1,"R",69,"R",0,"R",21,"R",48,"A",,"A",,"A",,"A",,"A",
230056, 2,"R",69,"R",0,"R",21,"R",48,"A",,"A",,"A",,"A",,"A",
230056, 3,"R",69,"R",0,"R",21,"R",48,"A",,"A",,"A",,"A",,"A",
230065, 1,"R",130,"A",,"A",,"R",130,"A",,"A",,"A",,"A",,"A",
230065, 2,"R",130,"A",,"A",,"R",130,"A",,"A",,"A",,"A",,"A",
230144, 1,"R",22,"A",,"A",,"R",22,"A",,"A",,"A",,"A",,"A",
230144, 2,"R",22,"A",,"A",,"R",22,"A",,"A",,"A",,"A",,"A",
230162, 1,"R",3162,"A",,"A",,"R",3162,"A",,"A",,"A",,"A",,"A",
230162, 2,"R",3162,"A",,"A",,"R",3162,"A",,"A",,"A",,"A",,"A",
230162, 3,"R",2050,"A",,"A",,"R",2050,"A",,"A",,"A",,"A",,"A",
230162,11,"R",1112,"A",,"A",,"R",1112,"A",,"A",,"A",,"A",,"A",
230171, 1,"R",9950,"R",513,"R",2217,"R",7220,"R",451,"R",57,"R",5,"R",0,"R",0
230171, 2,"R",9928,"R",513,"R",2217,"R",7198,"R",451,"R",57,"R",5,"R",0,"R",0
230171, 3,"R",7627,"R",416,"R",2071,"R",5140,"R",354,"R",57,"R",5,"R",0,"R",0
230171,11,"R",2301,"R",97,"R",146,"R",2058,"R",97,"R",0,"R",0,"R",0,"R",0
230171,12,"R",22,"A",,"A",,"R",22,"A",,"A",,"A",,"A",,"A",
230199, 1,"R",40,"A",,"A",,"R",40,"A",,"A",,"A",,"A",,"A",
230199, 2,"R",40,"A",,"A",,"R",40,"A",,"A",,"A",,"A",,"A",
230205, 1,"R",61,"A",,"A",,"R",61,"A",,"A",,"A",,"A",,"A",
230205, 2,"R",61,"A",,"A",,"R",61,"A",,"A",,"A",,"A",,"A",
230214, 1,"R",283,"A",,"A",,"R",283,"A",,"A",,"A",,"A",,"A",
230214, 2,"R",283,"A",,"A",,"R",283,"A",,"A",,"A",,"A",,"A",
230366, 1,"R",205,"R",14,"R",191,"R",0,"R",11,"R",3,"Z",0,"Z",0,"R",0
230366, 2,"R",205,"R",14,"R",191,"R",0,"R",11,"R",3,"Z",0,"Z",0,"R",0
230366, 3,"R",195,"R",7,"R",188,"R",0,"R",5,"R",2,"Z",0,"Z",0,"R",0
230366,11,"R",10,"R",7,"R",3,"R",0,"R",6,"R",1,"Z",0,"Z",0,"R",0
230418, 1,"R",1996,"R",69,"R",506,"R",1421,"R",59,"R",10,"R",0,"R",0,"R",0
230418, 2,"R",1996,"R",69,"R",506,"R",1421,"R",59,"R",10,"R",0,"R",0,"R",0
230418, 3,"R",1996,"R",69,"R",506,"R",1421,"R",59,"R",10,"R",0,"R",0,"R",0
230490, 1,"R",2277,"R",0,"R",28,"R",2249,"A",,"A",,"A",,"A",,"A",
230490, 2,"R",2277,"R",0,"R",28,"R",2249,"A",,"A",,"A",,"A",,"A",
230490, 3,"R",1685,"R",0,"R",25,"R",1660,"A",,"A",,"A",,"A",,"A",
230490,11,"R",592,"R",0,"R",3,"R",589,"A",,"A",,"A",,"A",,"A",
230597, 1,"R",5514,"R",741,"R",1925,"R",2848,"R",720,"R",21,"R",0,"R",0,"R",0
230597, 2,"R",5514,"R",741,"R",1925,"R",2848,"R",720,"R",21,"R",0,"R",0,"R",0
230597, 3,"R",3374,"R",7,"R",1452,"R",1915,"R",7,"R",0,"R",0,"R",0,"R",0
230597,11,"R",2140,"R",734,"R",473,"R",933,"R",713,"R",21,"Z",0,"Z",0,"R",0
230603, 1,"R",10196,"R",873,"R",4055,"R",5268,"R",678,"R",180,"R",5,"R",10,"R",0
230603, 2,"R",9271,"R",459,"R",3850,"R",4962,"R",379,"R",70,"R",4,"R",6,"R",0
230603, 3,"R",7293,"R",295,"R",3662,"R",3336,"R",239,"R",50,"R",1,"R",5,"R",0
230603,11,"R",1978,"R",164,"R",188,"R",1626,"R",140,"R",20,"R",3,"R",1,"R",0
230603,12,"R",925,"R",414,"R",205,"R",306,"R",299,"R",110,"R",1,"R",4,"R",0
230621, 1,"R",200,"R",0,"R",200,"R",0,"A",,"A",,"A",,"A",,"A",
230621, 2,"R",200,"R",0,"R",200,"R",0,"A",,"A",,"A",,"A",,"A",
230621, 3,"R",200,"R",0,"R",200,"R",0,"A",,"A",,"A",,"A",,"A",
230630, 1,"R",125,"R",0,"R",125,"R",0,"A",,"A",,"A",,"A",,"A",
230630, 2,"R",125,"R",0,"R",125,"R",0,"A",,"A",,"A",,"A",,"A",
230630, 3,"R",125,"R",0,"R",125,"R",0,"A",,"A",,"A",,"A",,"A",
230676, 1,"R",1213,"A",,"A",,"R",1213,"A",,"A",,"A",,"A",,"A",
230676, 2,"R",1213,"A",,"A",,"R",1213,"A",,"A",,"A",,"A",,"A",
230676, 3,"R",267,"A",,"A",,"R",267,"A",,"A",,"A",,"A",,"A",
230676,11,"R",946,"A",,"A",,"R",946,"A",,"A",,"A",,"A",,"A",
230728, 1,"R",27932,"R",4905,"R",8947,"R",14080,"R",3270,"R",1330,"R",4,"R",33,"R",268
230728, 2,"R",24880,"R",3911,"R",8463,"R",12506,"R",2797,"R",912,"R",4,"R",18,"R",180
230728, 3,"R",21658,"R",2831,"R",8145,"R",10682,"R",1834,"R",815,"R",3,"R",11,"R",168
230728,11,"R",3222,"R",1080,"R",318,"R",1824,"R",963,"R",97,"R",1,"R",7,"R",12
230728,12,"R",3052,"R",994,"R",484,"R",1574,"R",473,"R",418,"R",0,"R",15,"R",88
230737, 1,"R",39931,"R",3097,"R",9476,"R",27358,"R",2622,"R",468,"R",1,"R",3,"R",3
230737, 2,"R",39397,"R",3030,"R",9475,"R",26892,"R",2560,"R",463,"R",1,"R",3,"R",3
230737, 3,"R",28278,"R",2623,"R",8978,"R",16677,"R",2156,"R",460,"R",1,"R",3,"R",3
230737,11,"R",11119,"R",407,"R",497,"R",10215,"R",404,"R",3,"R",0,"R",0,"R",0
230737,12,"R",534,"R",67,"R",1,"R",466,"R",62,"R",5,"R",0,"R",0,"R",0
230746, 1,"R",29156,"R",3467,"R",5326,"R",20363,"R",3288,"R",73,"R",16,"R",90,"R",0
230746, 2,"R",29156,"R",3467,"R",5326,"R",20363,"R",3288,"R",73,"R",16,"R",90,"R",0
230746, 3,"R",20783,"R",3071,"R",5025,"R",12687,"R",2940,"R",66,"R",9,"R",56,"R",0
230746,11,"R",8373,"R",396,"R",301,"R",7676,"R",348,"R",7,"R",7,"R",34,"R",0
230764, 1,"R",33023,"R",1476,"R",9847,"R",21700,"R",1367,"R",106,"R",3,"R",0,"R",0
230764, 2,"R",24743,"R",1140,"R",8905,"R",14698,"R",1082,"R",55,"R",3,"R",0,"R",0
230764, 3,"R",23396,"R",1097,"R",8767,"R",13532,"R",1041,"R",53,"R",3,"R",0,"R",0
230764,11,"R",1347,"R",43,"R",138,"R",1166,"R",41,"R",2,"R",0,"R",0,"R",0
230764,12,"R",8280,"R",336,"R",942,"R",7002,"R",285,"R",51,"R",0,"R",0,"R",0
230782, 1,"R",28247,"R",2912,"R",6899,"R",18436,"R",2297,"R",583,"Z",0,"R",23,"R",9
230782, 2,"R",27465,"R",2836,"R",6824,"R",17805,"R",2225,"R",579,"Z",0,"R",23,"R",9
230782, 3,"R",17225,"R",2673,"R",6594,"R",7958,"R",2117,"R",543,"Z",0,"R",6,"R",7
230782,11,"R",10240,"R",163,"R",230,"R",9847,"R",108,"R",36,"Z",0,"R",17,"R",2
230782,12,"R",782,"R",76,"R",75,"R",631,"R",72,"R",4,"Z",0,"R",0,"R",0
230807, 1,"R",2477,"R",0,"R",135,"R",2342,"A",,"A",,"A",,"A",,"A",
230807, 2,"R",1968,"R",0,"R",69,"R",1899,"A",,"A",,"A",,"A",,"A",
230807, 3,"R",1946,"R",0,"R",69,"R",1877,"A",,"A",,"A",,"A",,"A",
230807,11,"R",22,"R",0,"R",0,"R",22,"A",,"A",,"A",,"A",,"A",
230807,12,"R",509,"R",0,"R",66,"R",443,"A",,"A",,"A",,"A",,"A",
230816, 1,"R",811,"R",0,"R",72,"R",739,"A",,"A",,"A",,"A",,"A",
230816, 2,"R",735,"A",,"A",,"R",735,"A",,"A",,"A",,"A",,"A",
230816, 3,"R",720,"A",,"A",,"R",720,"A",,"A",,"A",,"A",,"A",
230816,11,"R",15,"A",,"A",,"R",15,"A",,"A",,"A",,"A",,"A",
230816,12,"R",76,"R",0,"R",72,"R",4,"A",,"A",,"A",,"A",,"A",
230834, 1,"R",2196,"R",53,"R",40,"R",2103,"R",30,"R",21,"R",0,"R",2,"R",0
230834, 2,"R",1892,"R",14,"R",37,"R",1841,"R",11,"R",3,"R",0,"Z",0,"R",0
230834, 3,"R",1774,"R",14,"R",37,"R",1723,"R",11,"R",3,"R",0,"Z",0,"R",0
230834,11,"R",118,"R",0,"R",0,"R",118,"A",,"A",,"A",,"A",,"A",
230834,12,"R",304,"R",39,"R",3,"R",262,"R",19,"R",18,"Z",0,"R",2,"R",0
230852, 1,"R",4531,"R",2376,"R",14,"R",2141,"R",548,"R",1809,"R",0,"R",19,"R",0
230852, 2,"R",3800,"R",1666,"R",8,"R",2126,"R",317,"R",1334,"R",0,"R",15,"R",0
230852, 3,"R",3686,"R",1577,"R",7,"R",2102,"R",310,"R",1258,"R",0,"R",9,"R",0
230852,11,"R",114,"R",89,"R",1,"R",24,"R",7,"R",76,"R",0,"R",6,"R",0
230852,12,"R",731,"R",710,"R",6,"R",15,"R",231,"R",475,"R",0,"R",4,"R",0
230861, 1,"R",5378,"R",1703,"R",661,"R",3014,"R",1555,"R",143,"Z",0,"R",5,"R",0
230861, 2,"R",5378,"R",1703,"R",661,"R",3014,"R",1555,"R",143,"Z",0,"R",5,"R",0
230861, 3,"R",3412,"R",1047,"R",557,"R",1808,"R",952,"R",91,"Z",0,"R",4,"R",0
230861,11,"R",1966,"R",656,"R",104,"R",1206,"R",603,"R",52,"Z",0,"R",1,"R",0
230889, 1,"R",448,"A",,"A",,"R",448,"A",,"A",,"A",,"A",,"A",
230889, 2,"R",188,"A",,"A",,"R",188,"A",,"A",,"A",,"A",,"A",
230889, 3,"R",180,"A",,"A",,"R",180,"A",,"A",,"A",,"A",,"A",
230889,11,"R",8,"A",,"A",,"R",8,"A",,"A",,"A",,"A",,"A",
230889,12,"R",260,"A",,"A",,"R",260,"A",,"A",,"A",,"A",,"A",
230898, 1,"R",701,"R",280,"R",0,"R",421,"R",26,"R",250,"R",0,"R",4,"R",0
230898, 2,"R",442,"R",21,"R",0,"R",421,"R",6,"R",13,"R",0,"R",2,"R",0
230898, 3,"R",425,"R",21,"R",0,"R",404,"R",6,"R",13,"R",0,"R",2,"R",0
230898,11,"R",17,"R",0,"R",0,"R",17,"A",,"A",,"A",,"A",,"A",
230898,12,"R",259,"R",259,"R",0,"R",0,"R",20,"R",237,"R",0,"R",2,"R",0
230913, 1,"R",2590,"R",414,"R",117,"R",2059,"R",338,"R",74,"Z",0,"R",2,"R",0
230913, 2,"R",2291,"R",414,"R",117,"R",1760,"R",338,"R",74,"Z",0,"R",2,"R",0
230913, 3,"R",2099,"R",403,"R",114,"R",1582,"R",328,"R",74,"Z",0,"R",1,"R",0
230913,11,"R",192,"R",11,"R",3,"R",178,"R",10,"R",0,"Z",0,"R",1,"R",0
230913,12,"R",299,"A",,"A",,"R",299,"A",,"A",,"A",,"A",,"A",
230940, 1,"R",142,"A",,"A",,"R",142,"A",,"A",,"A",,"A",,"A",
230940, 2,"R",142,"A",,"A",,"R",142,"A",,"A",,"A",,"A",,"A",
230940, 3,"R",140,"A",,"A",,"R",140,"A",,"A",,"A",,"A",,"A",
230940,11,"R",2,"A",,"A",,"R",2,"A",,"A",,"A",,"A",,"A",
230959, 1,"R",2611,"A",,"A",,"R",2611,"A",,"A",,"A",,"A",,"A",
230959, 2,"R",2564,"A",,"A",,"R",2564,"A",,"A",,"A",,"A",,"A",
230959, 3,"R",2550,"A",,"A",,"R",2550,"A",,"A",,"A",,"A",,"A",
230959,11,"R",14,"A",,"A",,"R",14,"A",,"A",,"A",,"A",,"A",
230959,12,"R",47,"A",,"A",,"R",47,"A",,"A",,"A",,"A",,"A",
230977, 1,"R",73,"R",9,"Z",0,"R",64,"Z",0,"R",9,"Z",0,"Z",0,"R",0
230977, 2,"R",73,"R",9,"Z",0,"R",64,"Z",0,"R",9,"Z",0,"Z",0,"R",0
230977, 3,"R",73,"R",9,"Z",0,"R",64,"Z",0,"R",9,"Z",0,"Z",0,"R",0
230995, 1,"R",3986,"R",1473,"R",1,"R",2512,"R",102,"R",1354,"R",0,"R",17,"R",0
230995, 2,"R",3182,"R",674,"R",1,"R",2507,"R",23,"R",648,"R",0,"R",3,"R",0
230995, 3,"R",3120,"R",673,"R",1,"R",2446,"R",23,"R",647,"R",0,"R",3,"R",0
230995,11,"R",62,"R",1,"R",0,"R",61,"R",0,"R",1,"R",0,"Z",0,"R",0
230995,12,"R",804,"R",799,"R",0,"R",5,"R",79,"R",706,"R",0,"R",14,"R",0
231004, 1,"R",39,"A",,"A",,"R",39,"A",,"A",,"A",,"A",,"A",
231004, 2,"R",39,"A",,"A",,"R",39,"A",,"A",,"A",,"A",,"A",
231059, 1,"R",1950,"R",8,"R",45,"R",1897,"R",5,"R",3,"Z",0,"Z",0,"R",0
231059, 2,"R",1694,"R",3,"R",40,"R",1651,"R",3,"Z",0,"Z",0,"Z",0,"R",0
231059, 3,"R",1655,"R",0,"R",40,"R",1615,"A",,"A",,"A",,"A",,"A",
231059,11,"R",39,"R",3,"R",0,"R",36,"R",3,"Z",0,"Z",0,"Z",0,"R",0
231059,12,"R",256,"R",5,"R",5,"R",246,"R",2,"R",3,"Z",0,"Z",0,"R",0
231068, 1,"R",146,"R",109,"R",13,"R",24,"R",0,"R",0,"R",0,"R",0,"R",109
231068,12,"R",146,"R",109,"R",13,"R",24,"R",0,"R",0,"R",0,"R",0,"R",109
231077, 1,"R",227,"A",,"A",,"R",227,"A",,"A",,"A",,"A",,"A",
231077, 2,"R",152,"A",,"A",,"R",152,"A",,"A",,"A",,"A",,"A",
231077, 3,"R",143,"A",,"A",,"R",143,"A",,"A",,"A",,"A",,"A",
231077,11,"R",9,"A",,"A",,"R",9,"A",,"A",,"A",,"A",,"A",
231077,12,"R",75,"A",,"A",,"R",75,"A",,"A",,"A",,"A",,"A",
231086, 1,"R",351,"R",11,"R",81,"R",259,"R",8,"R",3,"R",0,"R",0,"R",0
231086, 2,"R",351,"R",11,"R",81,"R",259,"R",8,"R",3,"R",0,"R",0,"R",0
231086, 3,"R",341,"R",10,"R",81,"R",250,"R",7,"R",3,"R",0,"R",0,"R",0
231086,11,"R",10,"R",1,"R",0,"R",9,"R",1,"R",0,"R",0,"R",0,"R",0
231095, 1,"R",136,"A",,"A",,"R",136,"A",,"A",,"A",,"A",,"A",
231095, 2,"R",136,"A",,"A",,"R",136,"A",,"A",,"A",,"A",,"A",
231095, 3,"R",107,"A",,"A",,"R",107,"A",,"A",,"A",,"A",,"A",
231095,11,"R",29,"A",,"A",,"R",29,"A",,"A",,"A",,"A",,"A",
231147, 1,"R",666,"R",108,"R",110,"R",448,"R",3,"R",99,"R",0,"R",6,"R",0
231147,12,"R",666,"R",108,"R",110,"R",448,"R",3,"R",99,"R",0,"R",6,"R",0
231165, 1,"R",1638,"R",145,"R",253,"R",1240,"R",120,"R",25,"Z",0,"Z",0,"R",0
231165, 2,"R",1632,"R",145,"R",253,"R",1234,"R",120,"R",25,"Z",0,"Z",0,"R",0
231165, 3,"R",1350,"R",129,"R",237,"R",984,"R",106,"R",23,"Z",0,"Z",0,"R",0
231165,11,"R",282,"R",16,"R",16,"R",250,"R",14,"R",2,"Z",0,"Z",0,"R",0
231165,12,"R",6,"A",,"A",,"R",6,"A",,"A",,"A",,"A",,"A",
231174, 1,"R",13395,"R",276,"R",1537,"R",11582,"R",176,"R",97,"Z",0,"R",3,"R",0
231174, 2,"R",11328,"R",139,"R",1440,"R",9749,"R",83,"R",54,"Z",0,"R",2,"R",0
231174, 3,"R",10612,"R",35,"R",1422,"R",9155,"R",30,"R",5,"Z",0,"Z",0,"R",0
231174,11,"R",716,"R",104,"R",18,"R",594,"R",53,"R",49,"Z",0,"R",2,"R",0
231174,12,"R",2067,"R",137,"R",97,"R",1833,"R",93,"R",43,"Z",0,"R",1,"R",0
231280, 1,"R",89,"A",,"A",,"R",89,"A",,"A",,"A",,"A",,"A",
231280, 2,"R",89,"A",,"A",,"R",89,"A",,"A",,"A",,"A",,"A",
231411, 1,"R",609,"A",,"A",,"R",609,"A",,"A",,"A",,"A",,"A",
231411, 2,"R",609,"A",,"A",,"R",609,"A",,"A",,"A",,"A",,"A",
231411, 3,"R",609,"A",,"A",,"R",609,"A",,"A",,"A",,"A",,"A",
231420, 1,"R",961,"R",3,"R",225,"R",733,"R",3,"R",0,"R",0,"R",0,"R",0
231420, 2,"R",961,"R",3,"R",225,"R",733,"R",3,"R",0,"R",0,"R",0,"R",0
231420, 3,"R",943,"R",3,"R",225,"R",715,"R",3,"R",0,"R",0,"R",0,"R",0
231420,11,"R",18,"R",0,"R",0,"R",18,"A",,"A",,"A",,"A",,"A",
231536, 1,"R",4099,"R",492,"R",1039,"R",2568,"R",489,"R",3,"R",0,"R",0,"R",0
231536, 2,"R",4099,"R",492,"R",1039,"R",2568,"R",489,"R",3,"R",0,"R",0,"R",0
231536, 3,"R",2930,"R",410,"R",999,"R",1521,"R",408,"R",2,"R",0,"R",0,"R",0
231536,11,"R",1169,"R",82,"R",40,"R",1047,"R",81,"R",1,"R",0,"R",0,"R",0
231554, 1,"R",1156,"R",494,"R",342,"R",320,"R",289,"R",123,"Z",0,"Z",0,"R",82
231554, 2,"R",947,"R",412,"R",342,"R",193,"R",266,"R",64,"Z",0,"Z",0,"R",82
231554, 3,"R",887,"R",359,"R",341,"R",187,"R",240,"R",38,"Z",0,"Z",0,"R",81
231554,11,"R",60,"R",53,"R",1,"R",6,"R",26,"R",26,"Z",0,"Z",0,"R",1
231554,12,"R",209,"R",82,"R",0,"R",127,"R",23,"R",59,"Z",0,"Z",0,"R",0
231581, 1,"R",1857,"R",0,"R",0,"R",1857,"A",,"A",,"A",,"A",,"A",
231581, 2,"R",1839,"R",0,"R",0,"R",1839,"A",,"A",,"A",,"A",,"A",
231581, 3,"R",1830,"R",0,"R",0,"R",1830,"A",,"A",,"A",,"A",,"A",
231581,11,"R",9,"R",0,"R",0,"R",9,"A",,"A",,"A",,"A",,"A",
231581,12,"R",18,"R",0,"R",0,"R",18,"A",,"A",,"A",,"A",,"A",
231624, 1,"R",8817,"R",376,"R",18,"R",8423,"R",151,"R",225,"Z",0,"Z",0,"R",0
231624, 2,"R",6377,"R",6,"R",11,"R",6360,"R",3,"R",3,"Z",0,"Z",0,"R",0
231624, 3,"R",6349,"R",6,"R",11,"R",6332,"R",3,"R",3,"Z",0,"Z",0,"R",0
231624,11,"R",28,"R",0,"R",0,"R",28,"A",,"A",,"A",,"A",,"A",
231624,12,"R",2440,"R",370,"R",7,"R",2063,"R",148,"R",222,"Z",0,"Z",0,"R",0
231651, 1,"R",9889,"R",7682,"R",1283,"R",924,"R",2792,"R",4663,"R",94,"R",133,"R",0
231651, 2,"R",4353,"R",3052,"R",724,"R",577,"R",1021,"R",1983,"R",30,"R",18,"R",0
231651, 3,"R",4161,"R",2899,"R",721,"R",541,"R",944,"R",1910,"R",28,"R",17,"R",0
231651,11,"R",192,"R",153,"R",3,"R",36,"R",77,"R",73,"R",2,"R",1,"R",0
231651,12,"R",5536,"R",4630,"R",559,"R",347,"R",1771,"R",2680,"R",64,"R",115,"R",0
231688, 1,"R",20,"A",,"A",,"R",20,"A",,"A",,"A",,"A",,"A",
231688, 2,"R",20,"A",,"A",,"R",20,"A",,"A",,"A",,"A",,"A",
231688, 3,"R",20,"A",,"A",,"R",20,"A",,"A",,"A",,"A",,"A",
231697, 1,"R",4047,"R",500,"R",844,"R",2703,"R",494,"R",6,"R",0,"R",0,"R",0
231697, 2,"R",4047,"R",500,"R",844,"R",2703,"R",494,"R",6,"R",0,"R",0,"R",0
231697, 3,"R",2351,"R",407,"R",713,"R",1231,"R",405,"R",2,"R",0,"R",0,"R",0
231697,11,"R",1696,"R",93,"R",131,"R",1472,"R",89,"R",4,"R",0,"R",0,"R",0
231712, 1,"R",4957,"A",,"A",,"R",4957,"A",,"A",,"A",,"A",,"A",
231712, 2,"R",4857,"A",,"A",,"R",4857,"A",,"A",,"A",,"A",,"A",
231712, 3,"R",4853,"A",,"A",,"R",4853,"A",,"A",,"A",,"A",,"A",
231712,11,"R",4,"A",,"A",,"R",4,"A",,"A",,"A",,"A",,"A",
231712,12,"R",100,"A",,"A",,"R",100,"A",,"A",,"A",,"A",,"A",
231721, 1,"R",20,"A",,"A",,"R",20,"A",,"A",,"A",,"A",,"A",
231721, 2,"R",20,"A",,"A",,"R",20,"A",,"A",,"A",,"A",,"A",
231785, 1,"R",529,"R",16,"R",128,"R",385,"R",15,"R",1,"R",0,"R",0,"R",0
231785, 2,"R",529,"R",16,"R",128,"R",385,"R",15,"R",1,"R",0,"R",0,"R",0
231785, 3,"R",526,"R",15,"R",128,"R",383,"R",14,"R",1,"R",0,"R",0,"R",0
231785,11,"R",3,"R",1,"R",0,"R",2,"R",1,"R",0,"R",0,"R",0,"R",0
231828, 1,"R",741,"R",37,"R",303,"R",401,"R",36,"R",1,"R",0,"R",0,"R",0
231828, 2,"R",741,"R",37,"R",303,"R",401,"R",36,"R",1,"R",0,"R",0,"R",0
231828, 3,"R",652,"R",27,"R",290,"R",335,"R",26,"R",1,"R",0,"R",0,"R",0
231828,11,"R",89,"R",10,"R",13,"R",66,"R",10,"R",0,"R",0,"R",0,"R",0
231837, 1,"R",1128,"R",309,"R",501,"R",318,"R",275,"R",32,"R",0,"R",2,"R",0
231837, 2,"R",776,"R",169,"R",414,"R",193,"R",166,"R",3,"R",0,"R",0,"R",0
231837, 3,"R",774,"R",169,"R",414,"R",191,"R",166,"R",3,"R",0,"R",0,"R",0
231837,11,"R",2,"R",0,"R",0,"R",2,"A",,"A",,"A",,"A",,"A",
231837,12,"R",352,"R",140,"R",87,"R",125,"R",109,"R",29,"R",0,"R",2,"R",0
231873, 1,"R",981,"R",97,"R",307,"R",577,"R",94,"R",3,"R",0,"R",0,"R",0
231873, 2,"R",981,"R",97,"R",307,"R",577,"R",94,"R",3,"R",0,"R",0,"R",0
231873, 3,"R",562,"R",40,"R",244,"R",278,"R",37,"R",3,"R",0,"R",0,"R",0
231873,11,"R",419,"R",57,"R",63,"R",299,"R",57,"R",0,"R",0,"R",0,"R",0
231882, 1,"R",2828,"R",151,"R",565,"R",2112,"R",145,"R",6,"R",0,"R",0,"R",0
231882, 2,"R",2828,"R",151,"R",565,"R",2112,"R",145,"R",6,"R",0,"R",0,"R",0
231882, 3,"R",1581,"R",110,"R",505,"R",966,"R",104,"R",6,"R",0,"R",0,"R",0
231882,11,"R",1247,"R",41,"R",60,"R",1146,"R",41,"R",0,"R",0,"R",0,"R",0
231970, 1,"R",1303,"R",147,"R",94,"R",1062,"R",60,"R",77,"R",0,"R",10,"R",0
231970,12,"R",1303,"R",147,"R",94,"R",1062,"R",60,"R",77,"R",0,"R",10,"R",0
232016, 1,"R",102,"A",,"A",,"R",102,"A",,"A",,"A",,"A",,"A",
232016, 2,"R",102,"A",,"A",,"R",102,"A",,"A",,"A",,"A",,"A",
232016, 3,"R",102,"A",,"A",,"R",102,"A",,"A",,"A",,"A",,"A",
232025, 1,"R",1246,"R",0,"R",21,"R",1225,"A",,"A",,"A",,"A",,"A",
232025, 2,"R",979,"R",0,"R",21,"R",958,"A",,"A",,"A",,"A",,"A",
232025, 3,"R",964,"R",0,"R",21,"R",943,"A",,"A",,"A",,"A",,"A",
232025,11,"R",15,"R",0,"R",0,"R",15,"A",,"A",,"A",,"A",,"A",
232025,12,"R",267,"R",0,"R",0,"R",267,"A",,"A",,"A",,"A",,"A",
232043, 1,"R",1444,"R",246,"R",130,"R",1068,"R",95,"R",149,"Z",0,"R",2,"R",0
232043, 2,"R",1040,"R",114,"R",78,"R",848,"R",47,"R",67,"Z",0,"Z",0,"R",0
232043, 3,"R",1030,"R",113,"R",78,"R",839,"R",46,"R",67,"Z",0,"Z",0,"R",0
232043,11,"R",10,"R",1,"Z",0,"R",9,"R",1,"Z",0,"Z",0,"Z",0,"R",0
232043,12,"R",404,"R",132,"R",52,"R",220,"R",48,"R",82,"Z",0,"R",2,"R",0
232052, 1,"R",654,"R",20,"R",115,"R",519,"R",20,"R",0,"R",0,"R",0,"R",0
232052, 2,"R",654,"R",20,"R",115,"R",519,"R",20,"R",0,"R",0,"R",0,"R",0
232052, 3,"R",400,"R",13,"R",112,"R",275,"R",13,"R",0,"R",0,"R",0,"R",0
232052,11,"R",254,"R",7,"R",3,"R",244,"R",7,"R",0,"R",0,"R",0,"R",0
232089, 1,"R",1124,"R",0,"R",110,"R",1014,"A",,"A",,"A",,"A",,"A",
232089, 2,"R",1124,"R",0,"R",110,"R",1014,"A",,"A",,"A",,"A",,"A",
232089, 3,"R",1121,"R",0,"R",110,"R",1011,"A",,"A",,"A",,"A",,"A",
232089,11,"R",3,"R",0,"R",0,"R",3,"A",,"A",,"A",,"A",,"A",
232186, 1,"R",37316,"R",2164,"R",10589,"R",24563,"R",1803,"R",280,"R",66,"R",15,"R",0
232186, 2,"R",26192,"R",665,"R",9218,"R",16309,"R",635,"R",26,"R",3,"R",1,"R",0
232186, 3,"R",25508,"R",632,"R",9186,"R",15690,"R",609,"R",21,"R",1,"R",1,"R",0
232186,11,"R",684,"R",33,"R",32,"R",619,"R",26,"R",5,"R",2,"R",0,"R",0
232186,12,"R",11124,"R",1499,"R",1371,"R",8254,"R",1168,"R",254,"R",63,"R",14,"R",0
232195, 1,"R",7207,"R",854,"R",1822,"R",4531,"R",850,"R",4,"R",0,"R",0,"R",0
232195, 2,"R",7207,"R",854,"R",1822,"R",4531,"R",850,"R",4,"R",0,"R",0,"R",0
232195, 3,"R",5088,"R",689,"R",1705,"R",2694,"R",687,"R",2,"R",0,"R",0,"R",0
232195,11,"R",2119,"R",165,"R",117,"R",1837,"R",163,"R",2,"R",0,"R",0,"R",0
232256, 1,"R",1072,"A",,"A",,"R",1072,"A",,"A",,"A",,"A",,"A",
232256, 2,"R",1072,"A",,"A",,"R",1072,"A",,"A",,"A",,"A",,"A",
232256, 3,"R",1072,"A",,"A",,"R",1072,"A",,"A",,"A",,"A",,"A",
232265, 1,"R",4321,"R",216,"R",70,"R",4035,"R",77,"R",74,"R",1,"R",64,"R",0
232265, 2,"R",3672,"R",109,"R",70,"R",3493,"R",35,"R",34,"R",0,"R",40,"R",0
232265, 3,"R",3661,"R",108,"R",64,"R",3489,"R",35,"R",33,"R",0,"R",40,"R",0
232265,11,"R",11,"R",1,"R",6,"R",4,"R",0,"R",1,"R",0,"R",0,"R",0
232265,12,"R",649,"R",107,"R",0,"R",542,"R",42,"R",40,"R",1,"R",24,"R",0
232308, 1,"R",805,"R",31,"R",52,"R",722,"R",21,"R",9,"R",0,"R",1,"R",0
232308, 2,"R",676,"R",0,"R",0,"R",676,"A",,"A",,"A",,"A",,"A",
232308, 3,"R",666,"R",0,"R",0,"R",666,"A",,"A",,"A",,"A",,"A",
232308,11,"R",10,"R",0,"R",0,"R",10,"A",,"A",,"A",,"A",,"A",
232308,12,"R",129,"R",31,"R",52,"R",46,"R",21,"R",9,"R",0,"R",1,"R",0
232414, 1,"R",8737,"R",1584,"R",2169,"R",4984,"R",1566,"R",18,"R",0,"R",0,"R",0
232414, 2,"R",8737,"R",1584,"R",2169,"R",4984,"R",1566,"R",18,"R",0,"R",0,"R",0
232414, 3,"R",6753,"R",1239,"R",2008,"R",3506,"R",1223,"R",16,"R",0,"R",0,"R",0
232414,11,"R",1984,"R",345,"R",161,"R",1478,"R",343,"R",2,"R",0,"R",0,"R",0
232423, 1,"R",21751,"R",545,"R",1087,"R",20119,"R",455,"R",72,"R",13,"R",5,"R",0
232423, 2,"R",19923,"R",235,"R",915,"R",18773,"R",228,"R",5,"R",2,"R",0,"R",0
232423, 3,"R",19679,"R",229,"R",915,"R",18535,"R",222,"R",5,"R",2,"R",0,"R",0
232423,11,"R",244,"R",6,"R",0,"R",238,"R",6,"R",0,"R",0,"R",0,"R",0
232423,12,"R",1828,"R",310,"R",172,"R",1346,"R",227,"R",67,"R",11,"R",5,"R",0
232450, 1,"R",10144,"R",1381,"R",2004,"R",6759,"R",1365,"R",16,"R",0,"R",0,"R",0
232450, 2,"R",10144,"R",1381,"R",2004,"R",6759,"R",1365,"R",16,"R",0,"R",0,"R",0
232450, 3,"R",6126,"R",1011,"R",1874,"R",3241,"R",1003,"R",8,"R",0,"R",0,"R",0
232450,11,"R",4018,"R",370,"R",130,"R",3518,"R",362,"R",8,"R",0,"R",0,"R",0
232557, 1,"R",79152,"R",64006,"R",7106,"R",8040,"R",12517,"R",50337,"R",382,"R",770,"R",0
232557, 2,"R",45935,"R",32610,"R",6644,"R",6681,"R",6403,"R",25732,"R",152,"R",323,"R",0
232557, 3,"R",45370,"R",32201,"R",6638,"R",6531,"R",6328,"R",25408,"R",147,"R",318,"R",0
232557,11,"R",565,"R",409,"R",6,"R",150,"R",75,"R",324,"R",5,"R",5,"R",0
232557,12,"R",33217,"R",31396,"R",462,"R",1359,"R",6114,"R",24605,"R",230,"R",447,"R",0
232566, 1,"R",4911,"R",303,"R",125,"R",4483,"R",127,"R",170,"R",0,"R",6,"R",0
232566, 2,"R",4324,"R",252,"R",101,"R",3971,"R",79,"R",167,"R",0,"R",6,"R",0
232566, 3,"R",4028,"R",3,"R",101,"R",3924,"R",3,"R",0,"R",0,"R",0,"R",0
232566,11,"R",296,"R",249,"R",0,"R",47,"R",76,"R",167,"R",0,"R",6,"R",0
232566,12,"R",587,"R",51,"R",24,"R",512,"R",48,"R",3,"R",0,"R",0,"R",0
232575, 1,"R",6798,"R",975,"R",1776,"R",4047,"R",959,"R",16,"R",0,"R",0,"R",0
232575, 2,"R",6798,"R",975,"R",1776,"R",4047,"R",959,"R",16,"R",0,"R",0,"R",0
232575, 3,"R",3929,"R",802,"R",1619,"R",1508,"R",794,"R",8,"R",0,"R",0,"R",0
232575,11,"R",2869,"R",173,"R",157,"R",2539,"R",165,"R",8,"R",0,"R",0,"R",0
232609, 1,"R",3081,"R",503,"R",171,"R",2407,"R",167,"R",328,"R",2,"R",6,"R",0
232609, 2,"R",2086,"R",75,"R",114,"R",1897,"R",72,"R",1,"R",2,"Z",0,"R",0
232609, 3,"R",1986,"R",0,"R",114,"R",1872,"A",,"A",,"A",,"A",,"A",
232609,11,"R",100,"R",75,"Z",0,"R",25,"R",72,"R",1,"R",2,"Z",0,"R",0
232609,12,"R",995,"R",428,"R",57,"R",510,"R",95,"R",327,"Z",0,"R",6,"R",0
232618, 1,"R",369,"R",20,"R",0,"R",349,"R",20,"R",0,"R",0,"R",0,"R",0
232618, 2,"R",369,"R",20,"R",0,"R",349,"R",20,"R",0,"R",0,"R",0,"R",0
232618, 3,"R",369,"R",20,"R",0,"R",349,"R",20,"R",0,"R",0,"R",0,"R",0
232672, 1,"R",1902,"R",695,"R",340,"R",867,"R",650,"R",45,"R",0,"R",0,"R",0
232672, 2,"R",1327,"R",514,"R",296,"R",517,"R",488,"R",26,"R",0,"R",0,"R",0
232672, 3,"R",1248,"R",456,"R",289,"R",503,"R",430,"R",26,"R",0,"R",0,"R",0
232672,11,"R",79,"R",58,"R",7,"R",14,"R",58,"R",0,"R",0,"R",0,"R",0
232672,12,"R",575,"R",181,"R",44,"R",350,"R",162,"R",19,"R",0,"R",0,"R",0
232681, 1,"R",4727,"R",114,"R",376,"R",4237,"R",112,"R",2,"R",0,"R",0,"R",0
232681, 2,"R",4410,"R",104,"R",277,"R",4029,"R",103,"R",1,"R",0,"R",0,"R",0
232681, 3,"R",4371,"R",101,"R",277,"R",3993,"R",100,"R",1,"R",0,"R",0,"R",0
232681,11,"R",39,"R",3,"R",0,"R",36,"R",3,"R",0,"R",0,"R",0,"R",0
232681,12,"R",317,"R",10,"R",99,"R",208,"R",9,"R",1,"R",0,"R",0,"R",0
232706, 1,"R",3418,"R",86,"R",440,"R",2892,"R",56,"R",29,"Z",0,"R",1,"R",0
232706, 2,"R",2287,"R",10,"R",303,"R",1974,"R",6,"R",3,"Z",0,"R",1,"R",0
232706, 3,"R",2243,"R",10,"R",302,"R",1931,"R",6,"R",3,"Z",0,"R",1,"R",0
232706,11,"R",44,"Z",0,"R",1,"R",43,"A",,"A",,"A",,"A",,"A",
232706,12,"R",1131,"R",76,"R",137,"R",918,"R",50,"R",26,"Z",0,"Z",0,"R",0
232724, 1,"R",12,"A",,"A",,"R",12,"A",,"A",,"A",,"A",,"A",
232724, 2,"R",12,"A",,"A",,"R",12,"A",,"A",,"A",,"A",,"A",
232724, 3,"R",12,"A",,"A",,"R",12,"A",,"A",,"A",,"A",,"A",
232788, 1,"R",2506,"R",490,"R",833,"R",1183,"R",458,"R",32,"R",0,"R",0,"R",0
232788, 2,"R",2506,"R",490,"R",833,"R",1183,"R",458,"R",32,"R",0,"R",0,"R",0
232788, 3,"R",1402,"R",228,"R",598,"R",576,"R",213,"R",15,"R",0,"R",0,"R",0
232788,11,"R",1104,"R",262,"R",235,"R",607,"R",245,"R",17,"R",0,"R",0,"R",0
232797, 1,"R",1072,"R",340,"R",553,"R",179,"R",82,"R",258,"R",0,"R",0,"R",0
232797, 2,"R",1020,"R",312,"R",529,"R",179,"R",72,"R",240,"R",0,"R",0,"R",0
232797, 3,"R",1018,"R",312,"R",529,"R",177,"R",72,"R",240,"R",0,"R",0,"R",0
232797,11,"R",2,"R",0,"R",0,"R",2,"A",,"A",,"A",,"A",,"A",
232797,12,"R",52,"R",28,"R",24,"R",0,"R",10,"R",18,"R",0,"R",0,"R",0
232867, 1,"R",4419,"R",832,"R",1257,"R",2330,"R",805,"R",27,"R",0,"R",0,"R",0
232867, 2,"R",4419,"R",832,"R",1257,"R",2330,"R",805,"R",27,"R",0,"R",0,"R",0
232867, 3,"R",2308,"R",508,"R",1104,"R",696,"R",498,"R",10,"R",0,"R",0,"R",0
232867,11,"R",2111,"R",324,"R",153,"R",1634,"R",307,"R",17,"R",0,"R",0,"R",0
232885, 1,"R",386,"R",130,"R",256,"R",0,"R",121,"R",9,"Z",0,"Z",0,"R",0
232885, 2,"R",372,"R",126,"R",246,"R",0,"R",117,"R",9,"Z",0,"Z",0,"R",0
232885, 3,"R",372,"R",126,"R",246,"R",0,"R",117,"R",9,"Z",0,"Z",0,"R",0
232885,12,"R",14,"R",4,"R",10,"R",0,"R",4,"R",0,"Z",0,"Z",0,"R",0
232919, 1,"R",371,"A",,"A",,"R",371,"A",,"A",,"A",,"A",,"A",
232919, 2,"R",371,"A",,"A",,"R",371,"A",,"A",,"A",,"A",,"A",
232937, 1,"R",5204,"R",242,"R",2991,"R",1971,"R",208,"R",21,"R",11,"R",2,"R",0
232937, 2,"R",4660,"R",162,"R",2752,"R",1746,"R",139,"R",17,"R",5,"R",1,"R",0
232937, 3,"R",4636,"R",162,"R",2749,"R",1725,"R",139,"R",17,"R",5,"R",1,"R",0
232937,11,"R",24,"R",0,"R",3,"R",21,"A",,"A",,"A",,"A",,"A",
232937,12,"R",544,"R",80,"R",239,"R",225,"R",69,"R",4,"R",6,"R",1,"R",0
232946, 1,"R",50929,"R",5373,"R",6948,"R",38608,"R",5116,"R",256,"R",0,"R",0,"R",1
232946, 2,"R",50929,"R",5373,"R",6948,"R",38608,"R",5116,"R",256,"R",0,"R",0,"R",1
232946, 3,"R",38536,"R",3861,"R",6597,"R",28078,"R",3712,"R",148,"R",0,"R",0,"R",1
232946,11,"R",12393,"R",1512,"R",351,"R",10530,"R",1404,"R",108,"R",0,"R",0,"R",0
232982, 1,"R",24176,"R",6011,"R",6385,"R",11780,"R",5130,"R",847,"R",0,"R",34,"R",0
232982, 2,"R",19372,"R",3736,"R",5783,"R",9853,"R",3374,"R",346,"R",0,"R",16,"R",0
232982, 3,"R",19194,"R",3686,"R",5775,"R",9733,"R",3334,"R",336,"R",0,"R",16,"R",0
232982,11,"R",178,"R",50,"R",8,"R",120,"R",40,"R",10,"R",0,"R",0,"R",0
232982,12,"R",4804,"R",2275,"R",602,"R",1927,"R",1756,"R",501,"R",0,"R",18,"R",0
233019, 1,"R",2266,"R",440,"R",1095,"R",731,"R",438,"R",2,"R",0,"R",0,"R",0
233019, 2,"R",2266,"R",440,"R",1095,"R",731,"R",438,"R",2,"R",0,"R",0,"R",0
233019, 3,"R",1563,"R",290,"R",798,"R",475,"R",289,"R",1,"R",0,"R",0,"R",0
233019,11,"R",703,"R",150,"R",297,"R",256,"R",149,"R",1,"R",0,"R",0,"R",0
233037, 1,"R",1288,"R",267,"R",429,"R",592,"R",264,"R",3,"R",0,"R",0,"R",0
233037, 2,"R",1288,"R",267,"R",429,"R",592,"R",264,"R",3,"R",0,"R",0,"R",0
233037, 3,"R",696,"R",173,"R",344,"R",179,"R",170,"R",3,"R",0,"R",0,"R",0
233037,11,"R",592,"R",94,"R",85,"R",413,"R",94,"R",0,"R",0,"R",0,"R",0
233082, 1,"R",131,"A",,"A",,"R",131,"A",,"A",,"A",,"A",,"A",
233082, 2,"R",131,"A",,"A",,"R",131,"A",,"A",,"A",,"A",,"A",
233082, 3,"R",131,"A",,"A",,"R",131,"A",,"A",,"A",,"A",,"A",
233116, 1,"R",5445,"R",461,"R",1010,"R",3974,"R",455,"R",6,"R",0,"R",0,"R",0
233116, 2,"R",5445,"R",461,"R",1010,"R",3974,"R",455,"R",6,"R",0,"R",0,"R",0
233116, 3,"R",3232,"R",358,"R",893,"R",1981,"R",353,"R",5,"R",0,"R",0,"R",0
233116,11,"R",2213,"R",103,"R",117,"R",1993,"R",102,"R",1,"R",0,"R",0,"R",0
233277, 1,"R",9335,"R",879,"R",2440,"R",6016,"R",797,"R",81,"R",1,"R",0,"R",0
233277, 2,"R",7926,"R",128,"R",2335,"R",5463,"R",121,"R",7,"R",0,"R",0,"R",0
233277, 3,"R",7880,"R",119,"R",2333,"R",5428,"R",112,"R",7,"R",0,"R",0,"R",0
233277,11,"R",46,"R",9,"R",2,"R",35,"R",9,"R",0,"R",0,"R",0,"R",0
233277,12,"R",1409,"R",751,"R",105,"R",553,"R",676,"R",74,"R",1,"R",0,"R",0
233286, 1,"R",88,"A",,"A",,"R",88,"A",,"A",,"A",,"A",,"A",
233286, 2,"R",88,"A",,"A",,"R",88,"A",,"A",,"A",,"A",,"A",
233295, 1,"R",1488,"A",,"A",,"R",1488,"A",,"A",,"A",,"A",,"A",
233295, 2,"R",1488,"A",,"A",,"R",1488,"A",,"A",,"A",,"A",,"A",
233295, 3,"R",1478,"A",,"A",,"R",1478,"A",,"A",,"A",,"A",,"A",
233295,11,"R",10,"A",,"A",,"R",10,"A",,"A",,"A",,"A",,"A",
233301, 1,"R",626,"R",0,"R",0,"R",626,"A",,"A",,"A",,"A",,"A",
233301, 2,"R",600,"R",0,"R",0,"R",600,"A",,"A",,"A",,"A",,"A",
233301, 3,"R",587,"R",0,"R",0,"R",587,"A",,"A",,"A",,"A",,"A",
233301,11,"R",13,"R",0,"R",0,"R",13,"A",,"A",,"A",,"A",,"A",
233301,12,"R",26,"R",0,"Z",0,"R",26,"A",,"A",,"A",,"A",,"A",
233310, 1,"R",3082,"R",512,"R",915,"R",1655,"R",508,"R",4,"R",0,"R",0,"R",0
233310, 2,"R",3082,"R",512,"R",915,"R",1655,"R",508,"R",4,"R",0,"R",0,"R",0
233310, 3,"R",1513,"R",417,"R",817,"R",279,"R",415,"R",2,"R",0,"R",0,"R",0
233310,11,"R",1569,"R",95,"R",98,"R",1376,"R",93,"R",2,"R",0,"R",0,"R",0
233329, 1,"R",293,"R",0,"R",153,"R",140,"A",,"A",,"A",,"A",,"A",
233329, 2,"R",293,"R",0,"R",153,"R",140,"A",,"A",,"A",,"A",,"A",
233329, 3,"R",293,"R",0,"R",153,"R",140,"A",,"A",,"A",,"A",,"A",
233338, 1,"R",2475,"R",58,"R",399,"R",2018,"R",58,"R",0,"R",0,"R",0,"R",0
233338, 2,"R",2475,"R",58,"R",399,"R",2018,"R",58,"R",0,"R",0,"R",0,"R",0
233338, 3,"R",912,"R",53,"R",383,"R",476,"R",53,"R",0,"R",0,"R",0,"R",0
233338,11,"R",1563,"R",5,"R",16,"R",1542,"R",5,"R",0,"R",0,"R",0,"R",0
233356, 1,"R",458,"R",101,"R",0,"R",357,"R",92,"R",9,"R",0,"Z",0,"R",0
233356, 2,"R",458,"R",101,"R",0,"R",357,"R",92,"R",9,"R",0,"Z",0,"R",0
233356, 3,"R",458,"R",101,"R",0,"R",357,"R",92,"R",9,"R",0,"Z",0,"R",0
233374, 1,"R",4002,"R",0,"R",52,"R",3950,"A",,"A",,"A",,"A",,"A",
233374, 2,"R",3295,"R",0,"R",33,"R",3262,"A",,"A",,"A",,"A",,"A",
233374, 3,"R",3215,"R",0,"R",33,"R",3182,"A",,"A",,"A",,"A",,"A",
233374,11,"R",80,"R",0,"R",0,"R",80,"A",,"A",,"A",,"A",,"A",
233374,12,"R",707,"R",0,"R",19,"R",688,"A",,"A",,"A",,"A",,"A",
233408, 1,"R",328,"A",,"A",,"R",328,"A",,"A",,"A",,"A",,"A",
233408, 2,"R",328,"A",,"A",,"R",328,"A",,"A",,"A",,"A",,"A",
233408, 3,"R",328,"A",,"A",,"R",328,"A",,"A",,"A",,"A",,"A",
233426, 1,"R",2014,"R",0,"R",3,"R",2011,"A",,"A",,"A",,"A",,"A",
233426, 2,"R",2014,"R",0,"R",3,"R",2011,"A",,"A",,"A",,"A",,"A",
233426, 3,"R",1981,"R",0,"R",3,"R",1978,"A",,"A",,"A",,"A",,"A",
233426,11,"R",33,"R",0,"R",0,"R",33,"A",,"A",,"A",,"A",,"A",
233480, 1,"R",30,"A",,"A",,"R",30,"A",,"A",,"A",,"A",,"A",
233480, 2,"R",30,"A",,"A",,"R",30,"A",,"A",,"A",,"A",,"A",
233541, 1,"R",3817,"R",417,"R",633,"R",2767,"R",114,"R",275,"R",0,"R",28,"R",0
233541, 2,"R",2034,"R",6,"R",135,"R",1893,"R",4,"R",2,"R",0,"R",0,"R",0
233541, 3,"R",2022,"R",6,"R",134,"R",1882,"R",4,"R",2,"R",0,"R",0,"R",0
233541,11,"R",12,"R",0,"R",1,"R",11,"A",,"A",,"A",,"A",,"A",
233541,12,"R",1783,"R",411,"R",498,"R",874,"R",110,"R",273,"R",0,"R",28,"R",0
233611, 1,"R",1023,"A",,"A",,"R",1023,"A",,"A",,"A",,"A",,"A",
233611, 2,"R",1023,"A",,"A",,"R",1023,"A",,"A",,"A",,"A",,"A",
233611, 3,"R",961,"A",,"A",,"R",961,"A",,"A",,"A",,"A",,"A",
233611,11,"R",62,"A",,"A",,"R",62,"A",,"A",,"A",,"A",,"A",
233639, 1,"R",3430,"R",452,"R",696,"R",2282,"R",448,"R",4,"R",0,"R",0,"R",0
233639, 2,"R",3430,"R",452,"R",696,"R",2282,"R",448,"R",4,"R",0,"R",0,"R",0
233639, 3,"R",1619,"R",369,"R",621,"R",629,"R",369,"R",0,"R",0,"R",0,"R",0
233639,11,"R",1811,"R",83,"R",75,"R",1653,"R",79,"R",4,"R",0,"R",0,"R",0
233648, 1,"R",2373,"R",469,"R",1016,"R",888,"R",435,"R",34,"R",0,"R",0,"R",0
233648, 2,"R",2373,"R",469,"R",1016,"R",888,"R",435,"R",34,"R",0,"R",0,"R",0
233648, 3,"R",1629,"R",390,"R",807,"R",432,"R",358,"R",32,"R",0,"R",0,"R",0
233648,11,"R",744,"R",79,"R",209,"R",456,"R",77,"R",2,"R",0,"R",0,"R",0
233666, 1,"R",28,"A",,"A",,"R",28,"A",,"A",,"A",,"A",,"A",
233666, 2,"R",28,"A",,"A",,"R",28,"A",,"A",,"A",,"A",,"A",
233684, 1,"R",5520,"R",3999,"R",1199,"R",322,"R",3459,"R",536,"R",2,"R",2,"R",0
233684, 2,"R",4124,"R",3003,"R",944,"R",177,"R",2604,"R",398,"R",1,"R",0,"R",0
233684, 3,"R",4111,"R",2992,"R",944,"R",175,"R",2593,"R",398,"R",1,"R",0,"R",0
233684,11,"R",13,"R",11,"Z",0,"R",2,"R",11,"Z",0,"Z",0,"R",0,"R",0
233684,12,"R",1396,"R",996,"R",255,"R",145,"R",855,"R",138,"R",1,"R",2,"R",0
233718, 1,"R",337,"A",,"A",,"R",337,"A",,"A",,"A",,"A",,"A",
233718, 2,"R",336,"A",,"A",,"R",336,"A",,"A",,"A",,"A",,"A",
233718, 3,"R",313,"A",,"A",,"R",313,"A",,"A",,"A",,"A",,"A",
233718,11,"R",23,"A",,"A",,"R",23,"A",,"A",,"A",,"A",,"A",
233718,12,"R",1,"A",,"A",,"R",1,"A",,"A",,"A",,"A",,"A",
233754, 1,"R",7685,"R",1168,"R",1976,"R",4541,"R",1152,"R",16,"R",0,"R",0,"R",0
233754, 2,"R",7685,"R",1168,"R",1976,"R",4541,"R",1152,"R",16,"R",0,"R",0,"R",0
233754, 3,"R",6019,"R",974,"R",1919,"R",3126,"R",960,"R",14,"R",0,"R",0,"R",0
233754,11,"R",1666,"R",194,"R",57,"R",1415,"R",192,"R",2,"R",0,"R",0,"R",0
233772, 1,"R",20941,"R",3733,"R",5458,"R",11750,"R",3583,"R",150,"R",0,"R",0,"R",0
233772, 2,"R",20941,"R",3733,"R",5458,"R",11750,"R",3583,"R",150,"R",0,"R",0,"R",0
233772, 3,"R",17591,"R",3273,"R",5281,"R",9037,"R",3140,"R",133,"R",0,"R",0,"R",0
233772,11,"R",3350,"R",460,"R",177,"R",2713,"R",443,"R",17,"R",0,"R",0,"R",0
233842, 1,"R",146,"A",,"A",,"R",146,"A",,"A",,"A",,"A",,"A",
233842,12,"R",146,"A",,"A",,"R",146,"A",,"A",,"A",,"A",,"A",
233897, 1,"R",2065,"R",737,"R",83,"R",1245,"R",726,"R",11,"Z",0,"Z",0,"R",0
233897, 2,"R",2065,"R",737,"R",83,"R",1245,"R",726,"R",11,"Z",0,"Z",0,"R",0
233897, 3,"R",1187,"R",0,"R",51,"R",1136,"A",,"A",,"A",,"A",,"A",
233897,11,"R",878,"R",737,"R",32,"R",109,"R",726,"R",11,"Z",0,"Z",0,"R",0
233903, 1,"R",2387,"R",370,"R",987,"R",1030,"R",341,"R",29,"R",0,"R",0,"R",0
233903, 2,"R",2387,"R",370,"R",987,"R",1030,"R",341,"R",29,"R",0,"R",0,"R",0
233903, 3,"R",1470,"R",169,"R",636,"R",665,"R",151,"R",18,"R",0,"R",0,"R",0
233903,11,"R",917,"R",201,"R",351,"R",365,"R",190,"R",11,"R",0,"R",0,"R",0
233921, 1,"R",34683,"R",1019,"R",8844,"R",24820,"R",635,"R",345,"R",14,"R",25,"R",0
233921, 2,"R",27811,"R",52,"R",8010,"R",19749,"R",44,"R",2,"R",0,"R",6,"R",0
233921, 3,"R",27730,"R",49,"R",8003,"R",19678,"R",41,"R",2,"R",0,"R",6,"R",0
233921,11,"R",81,"R",3,"R",7,"R",71,"R",3,"R",0,"R",0,"R",0,"R",0
233921,12,"R",6872,"R",967,"R",834,"R",5071,"R",591,"R",343,"R",14,"R",19,"R",0
233949, 1,"R",6827,"R",706,"R",1286,"R",4835,"R",626,"R",80,"R",0,"R",0,"R",0
233949, 2,"R",6827,"R",706,"R",1286,"R",4835,"R",626,"R",80,"R",0,"R",0,"R",0
233949, 3,"R",4018,"R",460,"R",1233,"R",2325,"R",455,"R",5,"R",0,"R",0,"R",0
233949,11,"R",2809,"R",246,"R",53,"R",2510,"R",171,"R",75,"R",0,"R",0,"R",0
234030, 1,"R",30697,"R",1048,"R",8072,"R",21577,"R",862,"R",53,"R",129,"R",4,"R",0
234030, 2,"R",23693,"R",570,"R",7312,"R",15811,"R",434,"R",25,"R",111,"R",0,"R",0
234030, 3,"R",22497,"R",303,"R",7284,"R",14910,"R",282,"R",9,"R",12,"R",0,"R",0
234030,11,"R",1196,"R",267,"R",28,"R",901,"R",152,"R",16,"R",99,"R",0,"R",0
234030,12,"R",7004,"R",478,"R",760,"R",5766,"R",428,"R",28,"R",18,"R",4,"R",0
234076, 1,"R",24639,"R",1038,"R",1445,"R",22156,"R",915,"R",102,"R",0,"R",21,"R",0
234076, 2,"R",16777,"R",344,"R",1279,"R",15154,"R",326,"R",18,"R",0,"R",0,"R",0
234076, 3,"R",16405,"R",230,"R",1276,"R",14899,"R",220,"R",10,"R",0,"R",0,"R",0
234076,11,"R",372,"R",114,"R",3,"R",255,"R",106,"R",8,"R",0,"R",0,"R",0
234076,12,"R",7862,"R",694,"R",166,"R",7002,"R",589,"R",84,"R",0,"R",21,"R",0
234085, 1,"R",1685,"A",,"A",,"R",1685,"A",,"A",,"A",,"A",,"A",
234085, 2,"R",1685,"A",,"A",,"R",1685,"A",,"A",,"A",,"A",,"A",
234085, 3,"R",1685,"A",,"A",,"R",1685,"A",,"A",,"A",,"A",,"A",
234119, 1,"R",14,"A",,"A",,"R",14,"A",,"A",,"A",,"A",,"A",
234119, 2,"R",14,"A",,"A",,"R",14,"A",,"A",,"A",,"A",,"A",
234137, 1,"R",298,"R",27,"R",47,"R",224,"R",17,"R",10,"Z",0,"Z",0,"R",0
234137, 2,"R",233,"R",17,"R",7,"R",209,"R",11,"R",6,"Z",0,"Z",0,"R",0
234137, 3,"R",233,"R",17,"R",7,"R",209,"R",11,"R",6,"Z",0,"Z",0,"R",0
234137,12,"R",65,"R",10,"R",40,"R",15,"R",6,"R",4,"Z",0,"Z",0,"R",0
234155, 1,"R",4385,"A",,"A",,"R",4385,"A",,"A",,"A",,"A",,"A",
234155, 2,"R",3996,"A",,"A",,"R",3996,"A",,"A",,"A",,"A",,"A",
234155, 3,"R",3986,"A",,"A",,"R",3986,"A",,"A",,"A",,"A",,"A",
234155,11,"R",10,"A",,"A",,"R",10,"A",,"A",,"A",,"A",,"A",
234155,12,"R",389,"A",,"A",,"R",389,"A",,"A",,"A",,"A",,"A",
234164, 1,"R",1552,"A",,"A",,"R",1552,"A",,"A",,"A",,"A",,"A",
234164, 2,"R",1193,"A",,"A",,"R",1193,"A",,"A",,"A",,"A",,"A",
234164, 3,"R",1132,"A",,"A",,"R",1132,"A",,"A",,"A",,"A",,"A",
234164,11,"R",61,"A",,"A",,"R",61,"A",,"A",,"A",,"A",,"A",
234164,12,"R",359,"A",,"A",,"R",359,"A",,"A",,"A",,"A",,"A",
234173, 1,"R",1437,"R",122,"R",26,"R",1289,"R",110,"R",11,"R",0,"R",1,"R",0
234173, 2,"R",1351,"R",43,"R",23,"R",1285,"R",39,"R",4,"R",0,"R",0,"R",0
234173, 3,"R",1302,"R",43,"R",23,"R",1236,"R",39,"R",4,"R",0,"R",0,"R",0
234173,11,"R",49,"R",0,"R",0,"R",49,"A",,"A",,"A",,"A",,"A",
234173,12,"R",86,"R",79,"R",3,"R",4,"R",71,"R",7,"R",0,"R",1,"R",0
234207, 1,"R",2223,"A",,"A",,"R",2223,"A",,"A",,"A",,"A",,"A",
234207, 2,"R",1829,"A",,"A",,"R",1829,"A",,"A",,"A",,"A",,"A",
234207, 3,"R",1822,"A",,"A",,"R",1822,"A",,"A",,"A",,"A",,"A",
234207,11,"R",7,"A",,"A",,"R",7,"A",,"A",,"A",,"A",,"A",
234207,12,"R",394,"A",,"A",,"R",394,"A",,"A",,"A",,"A",,"A",
234377, 1,"R",2514,"R",459,"R",1116,"R",939,"R",448,"R",11,"R",0,"R",0,"R",0
234377, 2,"R",2514,"R",459,"R",1116,"R",939,"R",448,"R",11,"R",0,"R",0,"R",0
234377, 3,"R",1396,"R",349,"R",847,"R",200,"R",341,"R",8,"R",0,"R",0,"R",0
234377,11,"R",1118,"R",110,"R",269,"R",739,"R",107,"R",3,"R",0,"R",0,"R",0
234669, 1,"R",13226,"R",2685,"R",3050,"R",7491,"R",2645,"R",36,"R",0,"R",0,"R",4
234669, 2,"R",13226,"R",2685,"R",3050,"R",7491,"R",2645,"R",36,"R",0,"R",0,"R",4
234669, 3,"R",6757,"R",1676,"R",1624,"R",3457,"R",1643,"R",29,"R",0,"R",0,"R",4
234669,11,"R",6469,"R",1009,"R",1426,"R",4034,"R",1002,"R",7,"R",0,"R",0,"R",0
234696, 1,"R",2316,"R",272,"R",525,"R",1519,"R",268,"R",4,"R",0,"R",0,"R",0
234696, 2,"R",2316,"R",272,"R",525,"R",1519,"R",268,"R",4,"R",0,"R",0,"R",0
234696, 3,"R",358,"R",48,"R",95,"R",215,"R",48,"R",0,"R",0,"R",0,"R",0
234696,11,"R",1958,"R",224,"R",430,"R",1304,"R",220,"R",4,"R",0,"R",0,"R",0
234711, 1,"R",2044,"R",217,"R",500,"R",1327,"R",210,"R",7,"R",0,"R",0,"R",0
234711, 2,"R",2044,"R",217,"R",500,"R",1327,"R",210,"R",7,"R",0,"R",0,"R",0
234711, 3,"R",1626,"R",183,"R",427,"R",1016,"R",177,"R",6,"R",0,"R",0,"R",0
234711,11,"R",418,"R",34,"R",73,"R",311,"R",33,"R",1,"R",0,"R",0,"R",0
234827, 1,"R",11590,"R",3033,"R",7673,"R",884,"R",2884,"R",113,"R",3,"R",33,"R",0
234827, 2,"R",11042,"R",2790,"R",7510,"R",742,"R",2658,"R",100,"R",2,"R",30,"R",0
234827, 3,"R",10787,"R",2761,"R",7297,"R",729,"R",2629,"R",100,"R",2,"R",30,"R",0
234827,11,"R",255,"R",29,"R",213,"R",13,"R",29,"R",0,"R",0,"R",0,"R",0
234827,12,"R",548,"R",243,"R",163,"R",142,"R",226,"R",13,"R",1,"R",3,"R",0
234845, 1,"R",3167,"R",338,"R",527,"R",2302,"R",330,"R",7,"R",0,"R",0,"R",1
234845, 2,"R",3167,"R",338,"R",527,"R",2302,"R",330,"R",7,"R",0,"R",0,"R",1
234845, 3,"R",1848,"R",264,"R",448,"R",1136,"R",257,"R",6,"R",0,"R",0,"R",1
234845,11,"R",1319,"R",74,"R",79,"R",1166,"R",73,"R",1,"R",0,"R",0,"R",0
234915, 1,"R",2113,"R",611,"R",879,"R",623,"R",453,"R",141,"R",6,"R",11,"R",0
234915, 2,"R",774,"R",341,"R",318,"R",115,"R",289,"R",47,"R",2,"R",3,"R",0
234915, 3,"R",651,"R",317,"R",303,"R",31,"R",265,"R",47,"R",2,"R",3,"R",0
234915,11,"R",123,"R",24,"R",15,"R",84,"R",24,"R",0,"R",0,"R",0,"R",0
234915,12,"R",1339,"R",270,"R",561,"R",508,"R",164,"R",94,"R",4,"R",8,"R",0
234924, 1,"R",260,"A",,"A",,"R",260,"A",,"A",,"A",,"A",,"A",
234924, 2,"R",260,"A",,"A",,"R",260,"A",,"A",,"A",,"A",,"A",
234933, 1,"R",9878,"R",1392,"R",2707,"R",5779,"R",1361,"R",31,"R",0,"R",0,"R",0
234933, 2,"R",9878,"R",1392,"R",2707,"R",5779,"R",1361,"R",31,"R",0,"R",0,"R",0
234933, 3,"R",7676,"R",1162,"R",2335,"R",4179,"R",1138,"R",24,"R",0,"R",0,"R",0
234933,11,"R",2202,"R",230,"R",372,"R",1600,"R",223,"R",7,"R",0,"R",0,"R",0
234951, 1,"R",3905,"R",222,"R",637,"R",3046,"R",221,"R",1,"R",0,"R",0,"R",0
234951, 2,"R",3905,"R",222,"R",637,"R",3046,"R",221,"R",1,"R",0,"R",0,"R",0
234951, 3,"R",2002,"R",171,"R",489,"R",1342,"R",170,"R",1,"R",0,"R",0,"R",0
234951,11,"R",1903,"R",51,"R",148,"R",1704,"R",51,"R",0,"R",0,"R",0,"R",0
234979, 1,"R",7034,"R",1043,"R",1649,"R",4342,"R",1028,"R",15,"R",0,"R",0,"R",0
234979, 2,"R",7034,"R",1043,"R",1649,"R",4342,"R",1028,"R",15,"R",0,"R",0,"R",0
234979, 3,"R",6051,"R",1017,"R",1615,"R",3419,"R",1002,"R",15,"R",0,"R",0,"R",0
234979,11,"R",983,"R",26,"R",34,"R",923,"R",26,"R",0,"R",0,"R",0,"R",0
235024, 1,"R",626,"R",0,"Z",0,"R",626,"A",,"A",,"A",,"A",,"A",
235024, 2,"R",626,"R",0,"Z",0,"R",626,"A",,"A",,"A",,"A",,"A",
235024, 3,"R",624,"R",0,"Z",0,"R",624,"A",,"A",,"A",,"A",,"A",
235024,11,"R",2,"Z",0,"Z",0,"R",2,"A",,"A",,"A",,"A",,"A",
235088, 1,"R",243,"A",,"A",,"R",243,"A",,"A",,"A",,"A",,"A",
235088, 2,"R",243,"A",,"A",,"R",243,"A",,"A",,"A",,"A",,"A",
235097, 1,"R",12633,"R",583,"R",2907,"R",9143,"R",475,"R",89,"R",0,"R",19,"R",0
235097, 2,"R",11408,"R",424,"R",2757,"R",8227,"R",358,"R",49,"R",0,"R",17,"R",0
235097, 3,"R",10379,"R",419,"R",2757,"R",7203,"R",353,"R",49,"R",0,"R",17,"R",0
235097,11,"R",1029,"R",5,"R",0,"R",1024,"R",5,"R",0,"R",0,"R",0,"R",0
235097,12,"R",1225,"R",159,"R",150,"R",916,"R",117,"R",40,"R",0,"R",2,"R",0
235103, 1,"R",8041,"R",1187,"R",1752,"R",5102,"R",1169,"R",18,"R",0,"R",0,"R",0
235103, 2,"R",8041,"R",1187,"R",1752,"R",5102,"R",1169,"R",18,"R",0,"R",0,"R",0
235103, 3,"R",3334,"R",679,"R",955,"R",1700,"R",669,"R",10,"R",0,"R",0,"R",0
235103,11,"R",4707,"R",508,"R",797,"R",3402,"R",500,"R",8,"R",0,"R",0,"R",0
235149, 1,"R",7957,"R",1078,"R",1648,"R",5231,"R",1069,"R",9,"R",0,"R",0,"R",0
235149, 2,"R",7957,"R",1078,"R",1648,"R",5231,"R",1069,"R",9,"R",0,"R",0,"R",0
235149, 3,"R",5618,"R",827,"R",1333,"R",3458,"R",819,"R",8,"R",0,"R",0,"R",0
235149,11,"R",2339,"R",251,"R",315,"R",1773,"R",250,"R",1,"R",0,"R",0,"R",0
235158, 1,"R",111,"A",,"A",,"R",111,"A",,"A",,"A",,"A",,"A",
235158, 2,"R",111,"A",,"A",,"R",111,"A",,"A",,"A",,"A",,"A",
235167, 1,"R",3327,"A",,"A",,"R",3327,"A",,"A",,"A",,"A",,"A",
235167, 2,"R",3018,"A",,"A",,"R",3018,"A",,"A",,"A",,"A",,"A",
235167, 3,"R",2962,"A",,"A",,"R",2962,"A",,"A",,"A",,"A",,"A",
235167,11,"R",56,"A",,"A",,"R",56,"A",,"A",,"A",,"A",,"A",
235167,12,"R",309,"A",,"A",,"R",309,"A",,"A",,"A",,"A",,"A",
235237, 1,"R",6067,"R",2750,"R",965,"R",2352,"R",2637,"R",95,"R",0,"R",0,"R",18
235237, 2,"R",6067,"R",2750,"R",965,"R",2352,"R",2637,"R",95,"R",0,"R",0,"R",18
235237, 3,"R",4970,"R",2333,"R",819,"R",1818,"R",2235,"R",84,"R",0,"R",0,"R",14
235237,11,"R",1097,"R",417,"R",146,"R",534,"R",402,"R",11,"R",0,"R",0,"R",4
235307, 1,"R",80,"A",,"A",,"R",80,"A",,"A",,"A",,"A",,"A",
235307, 2,"R",80,"A",,"A",,"R",80,"A",,"A",,"A",,"A",,"A",
235316, 1,"R",7563,"R",2226,"R",0,"R",5337,"R",904,"R",1200,"R",62,"R",20,"R",40
235316, 2,"R",5304,"R",1113,"R",0,"R",4191,"R",452,"R",580,"R",31,"R",10,"R",40
235316, 3,"R",5237,"R",1085,"R",0,"R",4152,"R",449,"R",559,"R",28,"R",9,"R",40
235316,11,"R",67,"R",28,"R",0,"R",39,"R",3,"R",21,"R",3,"R",1,"R",0
235316,12,"R",2259,"R",1113,"R",0,"R",1146,"R",452,"R",620,"R",31,"R",10,"R",0
235334, 1,"R",1868,"R",431,"R",447,"R",990,"R",422,"R",9,"R",0,"R",0,"R",0
235334, 2,"R",1868,"R",431,"R",447,"R",990,"R",422,"R",9,"R",0,"R",0,"R",0
235334, 3,"R",1298,"R",338,"R",359,"R",601,"R",330,"R",8,"R",0,"R",0,"R",0
235334,11,"R",570,"R",93,"R",88,"R",389,"R",92,"R",1,"R",0,"R",0,"R",0
235343, 1,"R",8471,"R",1074,"R",2290,"R",5107,"R",1062,"R",12,"R",0,"R",0,"R",0
235343, 2,"R",8471,"R",1074,"R",2290,"R",5107,"R",1062,"R",12,"R",0,"R",0,"R",0
235343, 3,"R",5745,"R",788,"R",1718,"R",3239,"R",776,"R",12,"R",0,"R",0,"R",0
235343,11,"R",2726,"R",286,"R",572,"R",1868,"R",286,"R",0,"R",0,"R",0,"R",0
235352, 1,"R",61,"A",,"A",,"R",61,"A",,"A",,"A",,"A",,"A",
235352, 2,"R",61,"A",,"A",,"R",61,"A",,"A",,"A",,"A",,"A",
235422, 1,"R",980,"R",19,"R",37,"R",924,"R",12,"R",7,"Z",0,"Z",0,"R",0
235422, 2,"R",777,"R",5,"R",2,"R",770,"R",0,"R",5,"Z",0,"Z",0,"R",0
235422, 3,"R",758,"R",0,"R",2,"R",756,"A",,"A",,"A",,"A",,"A",
235422,11,"R",19,"R",5,"Z",0,"R",14,"R",0,"R",5,"Z",0,"Z",0,"R",0
235422,12,"R",203,"R",14,"R",35,"R",154,"R",12,"R",2,"Z",0,"Z",0,"R",0
235431, 1,"R",6530,"R",968,"R",1559,"R",4003,"R",962,"R",5,"R",0,"R",0,"R",1
235431, 2,"R",6530,"R",968,"R",1559,"R",4003,"R",962,"R",5,"R",0,"R",0,"R",1
235431, 3,"R",3983,"R",583,"R",1007,"R",2393,"R",581,"R",2,"R",0,"R",0,"R",0
235431,11,"R",2547,"R",385,"R",552,"R",1610,"R",381,"R",3,"R",0,"R",0,"R",1
235501, 1,"R",110,"A",,"A",,"R",110,"A",,"A",,"A",,"A",,"A",
235501, 2,"R",110,"A",,"A",,"R",110,"A",,"A",,"A",,"A",,"A",
235547, 1,"R",1098,"R",0,"R",56,"R",1042,"A",,"A",,"A",,"A",,"A",
235547, 2,"R",161,"A",,"A",,"R",161,"A",,"A",,"A",,"A",,"A",
235547, 3,"R",150,"A",,"A",,"R",150,"A",,"A",,"A",,"A",,"A",
235547,11,"R",11,"A",,"A",,"R",11,"A",,"A",,"A",,"A",,"A",
235547,12,"R",937,"R",0,"R",56,"R",881,"A",,"A",,"A",,"A",,"A",
235583, 1,"R",128,"A",,"A",,"R",128,"A",,"A",,"A",,"A",,"A",
235583, 2,"R",128,"A",,"A",,"R",128,"A",,"A",,"A",,"A",,"A",
235671, 1,"R",4445,"R",457,"R",271,"R",3717,"R",290,"R",7,"R",0,"R",0,"R",160
235671, 2,"R",4445,"R",457,"R",271,"R",3717,"R",290,"R",7,"R",0,"R",0,"R",160
235671, 3,"R",888,"R",122,"R",144,"R",622,"R",121,"R",1,"R",0,"R",0,"R",0
235671,11,"R",3557,"R",335,"R",127,"R",3095,"R",169,"R",6,"R",0,"R",0,"R",160
235699, 1,"R",3670,"R",206,"R",448,"R",3016,"R",200,"R",1,"R",0,"R",0,"R",5
235699, 2,"R",3670,"R",206,"R",448,"R",3016,"R",200,"R",1,"R",0,"R",0,"R",5
235699, 3,"R",1634,"R",135,"R",281,"R",1218,"R",132,"R",1,"R",0,"R",0,"R",2
235699,11,"R",2036,"R",71,"R",167,"R",1798,"R",68,"R",0,"R",0,"R",0,"R",3
235750, 1,"R",2819,"R",612,"R",761,"R",1446,"R",550,"R",62,"R",0,"R",0,"R",0
235750, 2,"R",2819,"R",612,"R",761,"R",1446,"R",550,"R",62,"R",0,"R",0,"R",0
235750, 3,"R",1326,"R",308,"R",410,"R",608,"R",283,"R",25,"R",0,"R",0,"R",0
235750,11,"R",1493,"R",304,"R",351,"R",838,"R",267,"R",37,"R",0,"R",0,"R",0
236018, 1,"R",74,"A",,"A",,"R",74,"A",,"A",,"A",,"A",,"A",
236018, 2,"R",74,"A",,"A",,"R",74,"A",,"A",,"A",,"A",,"A",
236072, 1,"R",5929,"R",803,"R",903,"R",4223,"R",793,"R",10,"R",0,"R",0,"R",0
236072, 2,"R",5929,"R",803,"R",903,"R",4223,"R",793,"R",10,"R",0,"R",0,"R",0
236072, 3,"R",2913,"R",514,"R",643,"R",1756,"R",505,"R",9,"R",0,"R",0,"R",0
236072,11,"R",3016,"R",289,"R",260,"R",2467,"R",288,"R",1,"R",0,"R",0,"R",0
236133, 1,"R",1321,"R",42,"R",288,"R",991,"R",28,"R",2,"R",0,"R",12,"R",0
236133, 2,"R",975,"R",23,"R",266,"R",686,"R",21,"R",1,"R",0,"R",1,"R",0
236133, 3,"R",922,"R",23,"R",263,"R",636,"R",21,"R",1,"R",0,"R",1,"R",0
236133,11,"R",53,"R",0,"R",3,"R",50,"A",,"A",,"A",,"A",,"A",
236133,12,"R",346,"R",19,"R",22,"R",305,"R",7,"R",1,"R",0,"R",11,"R",0
236188, 1,"R",6620,"R",842,"R",1822,"R",3956,"R",825,"R",16,"R",0,"R",0,"R",1
236188, 2,"R",6620,"R",842,"R",1822,"R",3956,"R",825,"R",16,"R",0,"R",0,"R",1
236188, 3,"R",4634,"R",612,"R",1466,"R",2556,"R",603,"R",8,"R",0,"R",0,"R",1
236188,11,"R",1986,"R",230,"R",356,"R",1400,"R",222,"R",8,"R",0,"R",0,"R",0
236212, 1,"R",903,"A",,"A",,"R",903,"A",,"A",,"A",,"A",,"A",
236212, 2,"R",903,"A",,"A",,"R",903,"A",,"A",,"A",,"A",,"A",
236212, 3,"R",903,"A",,"A",,"R",903,"A",,"A",,"A",,"A",,"A",
236230, 1,"R",3207,"A",,"A",,"R",3207,"A",,"A",,"A",,"A",,"A",
236230, 2,"R",2836,"A",,"A",,"R",2836,"A",,"A",,"A",,"A",,"A",
236230, 3,"R",2739,"A",,"A",,"R",2739,"A",,"A",,"A",,"A",,"A",
236230,11,"R",97,"A",,"A",,"R",97,"A",,"A",,"A",,"A",,"A",
236230,12,"R",371,"A",,"A",,"R",371,"A",,"A",,"A",,"A",,"A",
236258, 1,"R",2052,"R",552,"R",579,"R",921,"R",534,"R",16,"R",0,"R",0,"R",2
236258, 2,"R",2052,"R",552,"R",579,"R",921,"R",534,"R",16,"R",0,"R",0,"R",2
236258, 3,"R",1303,"R",388,"R",440,"R",475,"R",373,"R",13,"R",0,"R",0,"R",2
236258,11,"R",749,"R",164,"R",139,"R",446,"R",161,"R",3,"R",0,"R",0,"R",0
236328, 1,"R",2666,"A",,"A",,"R",2666,"A",,"A",,"A",,"A",,"A",
236328, 2,"R",2364,"A",,"A",,"R",2364,"A",,"A",,"A",,"A",,"A",
236328, 3,"R",2363,"A",,"A",,"R",2363,"A",,"A",,"A",,"A",,"A",
236328,11,"R",1,"A",,"A",,"R",1,"A",,"A",,"A",,"A",,"A",
236328,12,"R",302,"A",,"A",,"R",302,"A",,"A",,"A",,"A",,"A",
236382, 1,"R",3546,"R",348,"R",354,"R",2844,"R",245,"R",3,"Z",0,"Z",0,"R",100
236382, 2,"R",3546,"R",348,"R",354,"R",2844,"R",245,"R",3,"Z",0,"Z",0,"R",100
236382, 3,"R",1282,"R",177,"R",236,"R",869,"R",176,"R",1,"Z",0,"Z",0,"R",0
236382,11,"R",2264,"R",171,"R",118,"R",1975,"R",69,"R",2,"Z",0,"Z",0,"R",100
236452, 1,"R",1607,"R",55,"R",214,"R",1338,"R",50,"R",5,"R",0,"R",0,"R",0
236452, 2,"R",1345,"R",53,"R",171,"R",1121,"R",48,"R",5,"R",0,"R",0,"R",0
236452, 3,"R",1284,"R",39,"R",168,"R",1077,"R",34,"R",5,"R",0,"R",0,"R",0
236452,11,"R",61,"R",14,"R",3,"R",44,"R",14,"R",0,"R",0,"R",0,"R",0
236452,12,"R",262,"R",2,"R",43,"R",217,"R",2,"R",0,"R",0,"R",0,"R",0
236504, 1,"R",6177,"R",500,"R",619,"R",5058,"R",494,"R",6,"R",0,"R",0,"R",0
236504, 2,"R",6177,"R",500,"R",619,"R",5058,"R",494,"R",6,"R",0,"R",0,"R",0
236504, 3,"R",2016,"R",271,"R",418,"R",1327,"R",267,"R",4,"R",0,"R",0,"R",0
236504,11,"R",4161,"R",229,"R",201,"R",3731,"R",227,"R",2,"R",0,"R",0,"R",0
236513, 1,"R",6802,"R",579,"R",961,"R",5262,"R",570,"R",9,"R",0,"R",0,"R",0
236513, 2,"R",6802,"R",579,"R",961,"R",5262,"R",570,"R",9,"R",0,"R",0,"R",0
236513, 3,"R",2865,"R",297,"R",492,"R",2076,"R",290,"R",7,"R",0,"R",0,"R",0
236513,11,"R",3937,"R",282,"R",469,"R",3186,"R",280,"R",2,"R",0,"R",0,"R",0
236577, 1,"R",3688,"R",88,"R",277,"R",3323,"R",53,"R",35,"R",0,"R",0,"R",0
236577, 2,"R",2876,"R",3,"R",85,"R",2788,"R",2,"R",1,"R",0,"R",0,"R",0
236577, 3,"R",2861,"R",0,"R",85,"R",2776,"A",,"A",,"A",,"A",,"A",
236577,11,"R",15,"R",3,"R",0,"R",12,"R",2,"R",1,"R",0,"R",0,"R",0
236577,12,"R",812,"R",85,"R",192,"R",535,"R",51,"R",34,"R",0,"R",0,"R",0
236595, 1,"R",7291,"R",38,"R",186,"R",7067,"R",37,"R",1,"Z",0,"Z",0,"R",0
236595, 2,"R",4685,"R",4,"R",49,"R",4632,"R",4,"Z",0,"Z",0,"Z",0,"R",0
236595, 3,"R",4674,"R",3,"R",48,"R",4623,"R",3,"Z",0,"Z",0,"Z",0,"R",0
236595,11,"R",11,"R",1,"R",1,"R",9,"R",1,"Z",0,"Z",0,"Z",0,"R",0
236595,12,"R",2606,"R",34,"R",137,"R",2435,"R",33,"R",1,"Z",0,"Z",0,"R",0
236610, 1,"R",5949,"R",1193,"R",1134,"R",3622,"R",1128,"R",63,"R",0,"R",0,"R",2
236610, 2,"R",5949,"R",1193,"R",1134,"R",3622,"R",1128,"R",63,"R",0,"R",0,"R",2
236610, 3,"R",3076,"R",751,"R",693,"R",1632,"R",700,"R",49,"R",0,"R",0,"R",2
236610,11,"R",2873,"R",442,"R",441,"R",1990,"R",428,"R",14,"R",0,"R",0,"R",0
236638, 1,"R",5159,"R",806,"R",1100,"R",3253,"R",793,"R",11,"R",0,"R",0,"R",2
236638, 2,"R",5159,"R",806,"R",1100,"R",3253,"R",793,"R",11,"R",0,"R",0,"R",2
236638, 3,"R",2560,"R",556,"R",781,"R",1223,"R",546,"R",8,"R",0,"R",0,"R",2
236638,11,"R",2599,"R",250,"R",319,"R",2030,"R",247,"R",3,"R",0,"R",0,"R",0
236656, 1,"R",4872,"R",835,"R",1284,"R",2753,"R",821,"R",13,"R",0,"R",0,"R",1
236656, 2,"R",4872,"R",835,"R",1284,"R",2753,"R",821,"R",13,"R",0,"R",0,"R",1
236656, 3,"R",3798,"R",652,"R",1081,"R",2065,"R",642,"R",9,"R",0,"R",0,"R",1
236656,11,"R",1074,"R",183,"R",203,"R",688,"R",179,"R",4,"R",0,"R",0,"R",0
236692, 1,"R",10375,"R",1207,"R",1494,"R",7674,"R",1155,"R",51,"R",0,"R",0,"R",1
236692, 2,"R",10375,"R",1207,"R",1494,"R",7674,"R",1155,"R",51,"R",0,"R",0,"R",1
236692, 3,"R",5404,"R",1142,"R",1474,"R",2788,"R",1093,"R",48,"R",0,"R",0,"R",1
236692,11,"R",4971,"R",65,"R",20,"R",4886,"R",62,"R",3,"R",0,"R",0,"R",0
236708, 1,"R",5184,"R",1118,"R",1348,"R",2718,"R",1077,"R",40,"R",0,"R",0,"R",1
236708, 2,"R",5184,"R",1118,"R",1348,"R",2718,"R",1077,"R",40,"R",0,"R",0,"R",1
236708, 3,"R",5019,"R",1084,"R",1334,"R",2601,"R",1043,"R",40,"R",0,"R",0,"R",1
236708,11,"R",165,"R",34,"R",14,"R",117,"R",34,"R",0,"R",0,"R",0,"R",0
236744, 1,"R",57,"A",,"A",,"R",57,"A",,"A",,"A",,"A",,"A",
236744, 2,"R",57,"A",,"A",,"R",57,"A",,"A",,"A",,"A",,"A",
236753, 1,"R",6242,"R",828,"R",1508,"R",3906,"R",811,"R",13,"R",0,"R",0,"R",4
236753, 2,"R",6242,"R",828,"R",1508,"R",3906,"R",811,"R",13,"R",0,"R",0,"R",4
236753, 3,"R",5886,"R",780,"R",1476,"R",3630,"R",764,"R",12,"R",0,"R",0,"R",4
236753,11,"R",356,"R",48,"R",32,"R",276,"R",47,"R",1,"R",0,"R",0,"R",0
236887, 1,"R",3860,"R",384,"R",689,"R",2787,"R",310,"R",74,"R",0,"R",0,"R",0
236887, 2,"R",3860,"R",384,"R",689,"R",2787,"R",310,"R",74,"R",0,"R",0,"R",0
236887, 3,"R",2210,"R",245,"R",534,"R",1431,"R",189,"R",56,"R",0,"R",0,"R",0
236887,11,"R",1650,"R",139,"R",155,"R",1356,"R",121,"R",18,"R",0,"R",0,"R",0
236896, 1,"R",1837,"R",0,"R",220,"R",1617,"A",,"A",,"A",,"A",,"A",
236896, 2,"R",1636,"R",0,"R",112,"R",1524,"A",,"A",,"A",,"A",,"A",
236896, 3,"R",1597,"R",0,"R",112,"R",1485,"A",,"A",,"A",,"A",,"A",
236896,11,"R",39,"R",0,"R",0,"R",39,"A",,"A",,"A",,"A",,"A",
236896,12,"R",201,"R",0,"R",108,"R",93,"A",,"A",,"A",,"A",,"A",
236939, 1,"R",31478,"R",3345,"R",2937,"R",25196,"R",2398,"R",818,"R",1,"R",128,"R",0
236939, 2,"R",26098,"R",2352,"R",2760,"R",20986,"R",1905,"R",341,"R",1,"R",105,"R",0
236939, 3,"R",25675,"R",2287,"R",2755,"R",20633,"R",1860,"R",321,"R",1,"R",105,"R",0
236939,11,"R",423,"R",65,"R",5,"R",353,"R",45,"R",20,"R",0,"R",0,"R",0
236939,12,"R",5380,"R",993,"R",177,"R",4210,"R",493,"R",477,"R",0,"R",23,"R",0
236948, 1,"R",47400,"R",736,"R",3490,"R",43174,"R",327,"R",372,"R",0,"R",37,"R",0
236948, 2,"R",32099,"R",302,"R",2907,"R",28890,"R",161,"R",136,"R",0,"R",5,"R",0
236948, 3,"R",30905,"R",197,"R",2896,"R",27812,"R",151,"R",44,"R",0,"R",2,"R",0
236948,11,"R",1194,"R",105,"R",11,"R",1078,"R",10,"R",92,"R",0,"R",3,"R",0
236948,12,"R",15301,"R",434,"R",583,"R",14284,"R",166,"R",236,"R",0,"R",32,"R",0
236975, 1,"R",3444,"R",416,"R",706,"R",2322,"R",409,"R",7,"R",0,"R",0,"R",0
236975, 2,"R",3444,"R",416,"R",706,"R",2322,"R",409,"R",7,"R",0,"R",0,"R",0
236975, 3,"R",2619,"R",317,"R",584,"R",1718,"R",311,"R",6,"R",0,"R",0,"R",0
236975,11,"R",825,"R",99,"R",122,"R",604,"R",98,"R",1,"R",0,"R",0,"R",0
237011, 1,"R",16121,"R",185,"R",728,"R",15208,"R",161,"R",23,"Z",0,"Z",0,"R",1
237011, 2,"R",15170,"R",158,"R",695,"R",14317,"R",148,"R",9,"Z",0,"Z",0,"R",1
237011, 3,"R",15071,"R",142,"R",692,"R",14237,"R",137,"R",5,"Z",0,"Z",0,"R",0
237011,11,"R",99,"R",16,"R",3,"R",80,"R",11,"R",4,"Z",0,"Z",0,"R",1
237011,12,"R",951,"R",27,"R",33,"R",891,"R",13,"R",14,"Z",0,"Z",0,"R",0
237039, 1,"R",4263,"R",16,"R",1028,"R",3219,"R",16,"R",0,"R",0,"R",0,"R",0
237039, 2,"R",4263,"R",16,"R",1028,"R",3219,"R",16,"R",0,"R",0,"R",0,"R",0
237039, 3,"R",2790,"R",11,"R",731,"R",2048,"R",11,"R",0,"R",0,"R",0,"R",0
237039,11,"R",1473,"R",5,"R",297,"R",1171,"R",5,"R",0,"R",0,"R",0,"R",0
237057, 1,"R",1475,"A",,"A",,"R",1475,"A",,"A",,"A",,"A",,"A",
237057, 2,"R",1475,"A",,"A",,"R",1475,"A",,"A",,"A",,"A",,"A",
237057, 3,"R",1446,"A",,"A",,"R",1446,"A",,"A",,"A",,"A",,"A",
237057,11,"R",29,"A",,"A",,"R",29,"A",,"A",,"A",,"A",,"A",
237066, 1,"R",2776,"R",49,"R",38,"R",2689,"R",21,"R",28,"R",0,"R",0,"R",0
237066, 2,"R",2370,"R",5,"R",0,"R",2365,"R",3,"R",2,"R",0,"R",0,"R",0
237066, 3,"R",2357,"R",5,"R",0,"R",2352,"R",3,"R",2,"R",0,"R",0,"R",0
237066,11,"R",13,"R",0,"R",0,"R",13,"A",,"A",,"A",,"A",,"A",
237066,12,"R",406,"R",44,"R",38,"R",324,"R",18,"R",26,"R",0,"R",0,"R",0
237109, 1,"R",4456,"R",638,"R",1273,"R",2545,"R",635,"R",3,"R",0,"R",0,"R",0
237109, 2,"R",4456,"R",638,"R",1273,"R",2545,"R",635,"R",3,"R",0,"R",0,"R",0
237109, 3,"R",2960,"R",398,"R",838,"R",1724,"R",396,"R",2,"R",0,"R",0,"R",0
237109,11,"R",1496,"R",240,"R",435,"R",821,"R",239,"R",1,"R",0,"R",0,"R",0
237118, 1,"R",911,"R",9,"R",307,"R",595,"R",7,"R",2,"R",0,"R",0,"R",0
237118, 2,"R",836,"R",2,"R",307,"R",527,"R",1,"R",1,"R",0,"R",0,"R",0
237118, 3,"R",823,"R",2,"R",306,"R",515,"R",1,"R",1,"R",0,"R",0,"R",0
237118,11,"R",13,"R",0,"R",1,"R",12,"A",,"A",,"A",,"A",,"A",
237118,12,"R",75,"R",7,"R",0,"R",68,"R",6,"R",1,"R",0,"R",0,"R",0
237127, 1,"R",22,"A",,"A",,"R",22,"A",,"A",,"A",,"A",,"A",
237127, 2,"R",22,"A",,"A",,"R",22,"A",,"A",,"A",,"A",,"A",
237136, 1,"R",263,"R",9,"R",17,"R",237,"R",3,"R",6,"Z",0,"Z",0,"R",0
237136, 2,"R",261,"R",7,"R",17,"R",237,"R",2,"R",5,"Z",0,"Z",0,"R",0
237136, 3,"R",204,"R",3,"R",17,"R",184,"R",1,"R",2,"Z",0,"Z",0,"R",0
237136,11,"R",57,"R",4,"R",0,"R",53,"R",1,"R",3,"Z",0,"Z",0,"R",0
237136,12,"R",2,"R",2,"R",0,"R",0,"R",1,"R",1,"Z",0,"Z",0,"R",0
237145, 1,"R",36,"A",,"A",,"R",36,"A",,"A",,"A",,"A",,"A",
237145, 2,"R",36,"A",,"A",,"R",36,"A",,"A",,"A",,"A",,"A",
237172, 1,"R",45,"A",,"A",,"R",45,"A",,"A",,"A",,"A",,"A",
237172, 2,"R",45,"A",,"A",,"R",45,"A",,"A",,"A",,"A",,"A",
237172, 3,"R",45,"A",,"A",,"R",45,"A",,"A",,"A",,"A",,"A",
237181, 1,"R",581,"R",0,"R",0,"R",581,"A",,"A",,"A",,"A",,"A",
237181, 2,"R",557,"R",0,"R",0,"R",557,"A",,"A",,"A",,"A",,"A",
237181, 3,"R",555,"R",0,"R",0,"R",555,"A",,"A",,"A",,"A",,"A",
237181,11,"R",2,"R",0,"R",0,"R",2,"A",,"A",,"A",,"A",,"A",
237181,12,"R",24,"R",0,"R",0,"R",24,"A",,"A",,"A",,"A",,"A",
237215, 1,"R",1275,"R",244,"R",794,"R",237,"R",217,"R",27,"R",0,"R",0,"R",0
237215, 2,"R",1275,"R",244,"R",794,"R",237,"R",217,"R",27,"R",0,"R",0,"R",0
237215, 3,"R",1263,"R",241,"R",794,"R",228,"R",214,"R",27,"R",0,"R",0,"R",0
237215,11,"R",12,"R",3,"R",0,"R",9,"R",3,"R",0,"R",0,"R",0,"R",0
237242, 1,"R",115,"A",,"A",,"R",115,"A",,"A",,"A",,"A",,"A",
237242, 2,"R",115,"A",,"A",,"R",115,"A",,"A",,"A",,"A",,"A",
237242, 3,"R",115,"A",,"A",,"R",115,"A",,"A",,"A",,"A",,"A",
237303, 1,"R",80,"A",,"A",,"R",80,"A",,"A",,"A",,"A",,"A",
237303, 2,"R",80,"A",,"A",,"R",80,"A",,"A",,"A",,"A",,"A",
237312, 1,"R",2623,"R",1050,"R",896,"R",677,"R",200,"R",847,"R",0,"R",3,"R",0
237312, 2,"R",1930,"R",691,"R",869,"R",370,"R",131,"R",559,"R",0,"R",1,"R",0
237312, 3,"R",1910,"R",686,"R",865,"R",359,"R",128,"R",557,"R",0,"R",1,"R",0
237312,11,"R",20,"R",5,"R",4,"R",11,"R",3,"R",2,"R",0,"R",0,"R",0
237312,12,"R",693,"R",359,"R",27,"R",307,"R",69,"R",288,"R",0,"R",2,"R",0
237321, 1,"R",48,"A",,"A",,"R",48,"A",,"A",,"A",,"A",,"A",
237321, 2,"R",48,"A",,"A",,"R",48,"A",,"A",,"A",,"A",,"A",
237330, 1,"R",2040,"R",390,"R",950,"R",700,"R",358,"R",32,"Z",0,"Z",0,"R",0
237330, 2,"R",1729,"R",99,"R",949,"R",681,"R",94,"R",5,"Z",0,"Z",0,"R",0
237330, 3,"R",1644,"R",95,"R",949,"R",600,"R",91,"R",4,"Z",0,"Z",0,"R",0
237330,11,"R",85,"R",4,"R",0,"R",81,"R",3,"R",1,"Z",0,"Z",0,"R",0
237330,12,"R",311,"R",291,"R",1,"R",19,"R",264,"R",27,"Z",0,"Z",0,"R",0
237358, 1,"R",793,"R",19,"R",0,"R",774,"R",17,"R",2,"R",0,"R",0,"R",0
237358, 2,"R",793,"R",19,"R",0,"R",774,"R",17,"R",2,"R",0,"R",0,"R",0
237358, 3,"R",756,"R",19,"R",0,"R",737,"R",17,"R",2,"R",0,"R",0,"R",0
237358,11,"R",37,"R",0,"R",0,"R",37,"A",,"A",,"A",,"A",,"A",
237367, 1,"R",3947,"R",476,"R",1476,"R",1995,"R",455,"R",21,"Z",0,"Z",0,"R",0
237367, 2,"R",3674,"R",300,"R",1429,"R",1945,"R",286,"R",14,"Z",0,"Z",0,"R",0
237367, 3,"R",3540,"R",277,"R",1426,"R",1837,"R",265,"R",12,"Z",0,"Z",0,"R",0
237367,11,"R",134,"R",23,"R",3,"R",108,"R",21,"R",2,"Z",0,"Z",0,"R",0
237367,12,"R",273,"R",176,"R",47,"R",50,"R",169,"R",7,"Z",0,"Z",0,"R",0
237385, 1,"R",1586,"R",65,"R",452,"R",1069,"R",59,"R",6,"R",0,"R",0,"R",0
237385, 2,"R",1586,"R",65,"R",452,"R",1069,"R",59,"R",6,"R",0,"R",0,"R",0
237385, 3,"R",1185,"R",47,"R",401,"R",737,"R",41,"R",6,"R",0,"R",0,"R",0
237385,11,"R",401,"R",18,"R",51,"R",332,"R",18,"R",0,"R",0,"R",0,"R",0
237437, 1,"R",315,"R",72,"R",35,"R",208,"R",45,"R",27,"R",0,"R",0,"R",0
237437, 2,"R",315,"R",72,"R",35,"R",208,"R",45,"R",27,"R",0,"R",0,"R",0
237437, 3,"R",313,"R",71,"R",35,"R",207,"R",44,"R",27,"R",0,"R",0,"R",0
237437,11,"R",2,"R",1,"R",0,"R",1,"R",1,"Z",0,"Z",0,"Z",0,"R",0
237473, 1,"R",135,"A",,"A",,"R",135,"A",,"A",,"A",,"A",,"A",
237473, 2,"R",135,"A",,"A",,"R",135,"A",,"A",,"A",,"A",,"A",
237473, 3,"R",135,"A",,"A",,"R",135,"A",,"A",,"A",,"A",,"A",
237491, 1,"R",40,"A",,"A",,"R",40,"A",,"A",,"A",,"A",,"A",
237491, 2,"R",40,"A",,"A",,"R",40,"A",,"A",,"A",,"A",,"A",
237491, 3,"R",40,"A",,"A",,"R",40,"A",,"A",,"A",,"A",,"A",
237525, 1,"R",13204,"R",1580,"R",2995,"R",8629,"R",1164,"R",395,"R",0,"R",8,"R",13
237525, 2,"R",9593,"R",870,"R",2645,"R",6078,"R",687,"R",173,"R",0,"R",1,"R",9
237525, 3,"R",8086,"R",412,"R",2565,"R",5109,"R",288,"R",122,"R",0,"R",1,"R",1
237525,11,"R",1507,"R",458,"R",80,"R",969,"R",399,"R",51,"R",0,"R",0,"R",8
237525,12,"R",3611,"R",710,"R",350,"R",2551,"R",477,"R",222,"R",0,"R",7,"R",4
237543, 1,"R",76,"A",,"A",,"R",76,"A",,"A",,"A",,"A",,"A",
237543, 2,"R",76,"A",,"A",,"R",76,"A",,"A",,"A",,"A",,"A",
237543, 3,"R",76,"A",,"A",,"R",76,"A",,"A",,"A",,"A",,"A",
237552, 1,"R",65,"A",,"A",,"R",65,"A",,"A",,"A",,"A",,"A",
237552, 2,"R",65,"A",,"A",,"R",65,"A",,"A",,"A",,"A",,"A",
237561, 1,"R",95,"A",,"A",,"R",95,"A",,"A",,"A",,"A",,"A",
237561, 2,"R",95,"A",,"A",,"R",95,"A",,"A",,"A",,"A",,"A",
237561, 3,"R",95,"A",,"A",,"R",95,"A",,"A",,"A",,"A",,"A",
237570, 1,"R",87,"A",,"A",,"R",87,"A",,"A",,"A",,"A",,"A",
237570, 2,"R",87,"A",,"A",,"R",87,"A",,"A",,"A",,"A",,"A",
237598, 1,"R",23,"R",3,"R",13,"R",7,"R",2,"R",1,"R",0,"R",0,"R",0
237598, 2,"R",23,"R",3,"R",13,"R",7,"R",2,"R",1,"R",0,"R",0,"R",0
237598, 3,"R",23,"R",3,"R",13,"R",7,"R",2,"R",1,"R",0,"R",0,"R",0
237640, 1,"R",509,"R",27,"R",129,"R",353,"R",18,"R",9,"Z",0,"Z",0,"R",0
237640, 2,"R",481,"R",4,"R",124,"R",353,"R",4,"Z",0,"Z",0,"Z",0,"R",0
237640, 3,"R",386,"R",1,"R",122,"R",263,"R",1,"Z",0,"Z",0,"Z",0,"R",0
237640,11,"R",95,"R",3,"R",2,"R",90,"R",3,"Z",0,"Z",0,"Z",0,"R",0
237640,12,"R",28,"R",23,"R",5,"R",0,"R",14,"R",9,"Z",0,"Z",0,"R",0
237686, 1,"R",2403,"R",470,"R",786,"R",1147,"R",413,"R",57,"R",0,"R",0,"R",0
237686, 2,"R",2403,"R",470,"R",786,"R",1147,"R",413,"R",57,"R",0,"R",0,"R",0
237686, 3,"R",1950,"R",470,"R",786,"R",694,"R",413,"R",57,"R",0,"R",0,"R",0
237686,11,"R",453,"R",0,"R",0,"R",453,"A",,"A",,"A",,"A",,"A",
237701, 1,"R",1340,"R",76,"R",236,"R",1028,"R",65,"R",11,"Z",0,"Z",0,"R",0
237701, 2,"R",1340,"R",76,"R",236,"R",1028,"R",65,"R",11,"Z",0,"Z",0,"R",0
237701, 3,"R",1099,"R",45,"R",230,"R",824,"R",35,"R",10,"Z",0,"Z",0,"R",0
237701,11,"R",241,"R",31,"R",6,"R",204,"R",30,"R",1,"Z",0,"Z",0,"R",0
237729, 1,"R",155,"A",,"A",,"R",155,"A",,"A",,"A",,"A",,"A",
237729, 2,"R",155,"A",,"A",,"R",155,"A",,"A",,"A",,"A",,"A",
237729, 3,"R",155,"A",,"A",,"R",155,"A",,"A",,"A",,"A",,"A",
237783, 1,"R",990,"R",408,"R",582,"R",0,"R",57,"R",351,"R",0,"R",0,"R",0
237783, 2,"R",747,"R",326,"R",421,"R",0,"R",31,"R",295,"R",0,"R",0,"R",0
237783, 3,"R",747,"R",326,"R",421,"R",0,"R",31,"R",295,"R",0,"R",0,"R",0
237783,12,"R",243,"R",82,"R",161,"R",0,"R",26,"R",56,"R",0,"R",0,"R",0
237792, 1,"R",3648,"R",91,"R",807,"R",2750,"R",71,"R",20,"R",0,"R",0,"R",0
237792, 2,"R",3380,"R",52,"R",775,"R",2553,"R",43,"R",9,"R",0,"R",0,"R",0
237792, 3,"R",2817,"R",46,"R",772,"R",1999,"R",37,"R",9,"R",0,"R",0,"R",0
237792,11,"R",563,"R",6,"R",3,"R",554,"R",6,"R",0,"R",0,"R",0,"R",0
237792,12,"R",268,"R",39,"R",32,"R",197,"R",28,"R",11,"R",0,"R",0,"R",0
237817, 1,"R",1458,"R",253,"R",899,"R",306,"R",229,"R",24,"R",0,"R",0,"R",0
237817, 2,"R",1458,"R",253,"R",899,"R",306,"R",229,"R",24,"R",0,"R",0,"R",0
237817, 3,"R",1341,"R",251,"R",899,"R",191,"R",227,"R",24,"R",0,"R",0,"R",0
237817,11,"R",117,"R",2,"R",0,"R",115,"R",2,"R",0,"R",0,"R",0,"R",0
237844, 1,"R",148,"A",,"A",,"R",148,"A",,"A",,"A",,"A",,"A",
237844, 2,"R",148,"A",,"A",,"R",148,"A",,"A",,"A",,"A",,"A",
237844, 3,"R",148,"A",,"A",,"R",148,"A",,"A",,"A",,"A",,"A",
237880, 1,"R",841,"A",,"A",,"R",841,"A",,"A",,"A",,"A",,"A",
237880,12,"R",841,"A",,"A",,"R",841,"A",,"A",,"A",,"A",,"A",
237899, 1,"R",3692,"R",398,"R",977,"R",2317,"R",0,"R",0,"R",0,"R",0,"R",398
237899, 2,"R",3571,"R",393,"R",967,"R",2211,"R",0,"R",0,"R",0,"R",0,"R",393
237899, 3,"R",1781,"R",261,"R",840,"R",680,"R",0,"R",0,"R",0,"R",0,"R",261
237899,11,"R",1790,"R",132,"R",127,"R",1531,"R",0,"R",0,"R",0,"R",0,"R",132
237899,12,"R",121,"R",5,"R",10,"R",106,"R",0,"R",0,"R",0,"R",0,"R",5
237905, 1,"R",56,"A",,"A",,"R",56,"A",,"A",,"A",,"A",,"A",
237905, 2,"R",49,"A",,"A",,"R",49,"A",,"A",,"A",,"A",,"A",
237905, 3,"R",49,"A",,"A",,"R",49,"A",,"A",,"A",,"A",,"A",
237905,12,"R",7,"A",,"A",,"R",7,"A",,"A",,"A",,"A",,"A",
237932, 1,"R",2526,"R",133,"R",594,"R",1799,"R",82,"R",51,"Z",0,"Z",0,"R",0
237932, 2,"R",2225,"R",23,"R",562,"R",1640,"R",17,"R",6,"Z",0,"Z",0,"R",0
237932, 3,"R",1994,"R",23,"R",562,"R",1409,"R",17,"R",6,"Z",0,"Z",0,"R",0
237932,11,"R",231,"Z",0,"Z",0,"R",231,"A",,"A",,"A",,"A",,"A",
237932,12,"R",301,"R",110,"R",32,"R",159,"R",65,"R",45,"Z",0,"Z",0,"R",0
237950, 1,"R",1755,"R",441,"R",508,"R",806,"R",419,"R",22,"Z",0,"Z",0,"R",0
237950, 2,"R",1755,"R",441,"R",508,"R",806,"R",419,"R",22,"Z",0,"Z",0,"R",0
237950, 3,"R",1295,"R",34,"R",481,"R",780,"R",20,"R",14,"Z",0,"Z",0,"R",0
237950,11,"R",460,"R",407,"R",27,"R",26,"R",399,"R",8,"Z",0,"Z",0,"R",0
237969, 1,"R",1294,"R",38,"R",327,"R",929,"R",27,"R",11,"R",0,"R",0,"R",0
237969, 2,"R",1180,"R",7,"R",244,"R",929,"R",3,"R",4,"Z",0,"Z",0,"R",0
237969, 3,"R",1176,"R",7,"R",244,"R",925,"R",3,"R",4,"Z",0,"Z",0,"R",0
237969,11,"R",4,"Z",0,"Z",0,"R",4,"A",,"A",,"A",,"A",,"A",
237969,12,"R",114,"R",31,"R",83,"R",0,"R",24,"R",7,"R",0,"R",0,"R",0
237987, 1,"R",126,"R",0,"R",62,"R",64,"A",,"A",,"A",,"A",,"A",
237987, 2,"R",126,"R",0,"R",62,"R",64,"A",,"A",,"A",,"A",,"A",
237987, 3,"R",126,"R",0,"R",62,"R",64,"A",,"A",,"A",,"A",,"A",
237996, 1,"R",540,"R",357,"R",64,"R",119,"R",282,"R",75,"R",0,"R",0,"R",0
237996, 2,"R",540,"R",357,"R",64,"R",119,"R",282,"R",75,"R",0,"R",0,"R",0
237996, 3,"R",540,"R",357,"R",64,"R",119,"R",282,"R",75,"R",0,"R",0,"R",0
238005, 1,"R",69,"A",,"A",,"R",69,"A",,"A",,"A",,"A",,"A",
238005, 2,"R",69,"A",,"A",,"R",69,"A",,"A",,"A",,"A",,"A",
238014, 1,"R",1541,"R",508,"R",509,"R",524,"R",472,"R",31,"R",0,"R",5,"R",0
238014, 2,"R",1541,"R",508,"R",509,"R",524,"R",472,"R",31,"R",0,"R",5,"R",0
238014, 3,"R",1046,"R",126,"R",454,"R",466,"R",101,"R",25,"R",0,"R",0,"R",0
238014,11,"R",495,"R",382,"R",55,"R",58,"R",371,"R",6,"R",0,"R",5,"R",0
238032, 1,"R",26864,"R",2577,"R",5231,"R",19056,"R",1694,"R",863,"Z",0,"R",20,"R",0
238032, 2,"R",21155,"R",1158,"R",4722,"R",15275,"R",933,"R",218,"Z",0,"R",7,"R",0
238032, 3,"R",20499,"R",608,"R",4684,"R",15207,"R",416,"R",189,"Z",0,"R",3,"R",0
238032,11,"R",656,"R",550,"R",38,"R",68,"R",517,"R",29,"Z",0,"R",4,"R",0
238032,12,"R",5709,"R",1419,"R",509,"R",3781,"R",761,"R",645,"Z",0,"R",13,"R",0
238078, 1,"R",1171,"R",135,"R",229,"R",807,"R",88,"R",47,"Z",0,"Z",0,"R",0
238078, 2,"R",861,"R",53,"R",116,"R",692,"R",38,"R",15,"Z",0,"Z",0,"R",0
238078, 3,"R",820,"R",53,"R",116,"R",651,"R",38,"R",15,"Z",0,"Z",0,"R",0
238078,11,"R",41,"R",0,"Z",0,"R",41,"A",,"A",,"A",,"A",,"A",
238078,12,"R",310,"R",82,"R",113,"R",115,"R",50,"R",32,"Z",0,"Z",0,"R",0
238096, 1,"R",22,"A",,"A",,"R",22,"A",,"A",,"A",,"A",,"A",
238096, 2,"R",22,"A",,"A",,"R",22,"A",,"A",,"A",,"A",,"A",
238096, 3,"R",22,"A",,"A",,"R",22,"A",,"A",,"A",,"A",,"A",
238175, 1,"R",111,"A",,"A",,"R",111,"A",,"A",,"A",,"A",,"A",
238175, 2,"R",111,"A",,"A",,"R",111,"A",,"A",,"A",,"A",,"A",
238193, 1,"R",1851,"R",13,"R",121,"R",1717,"R",12,"R",1,"Z",0,"Z",0,"R",0
238193, 2,"R",1219,"R",10,"R",99,"R",1110,"R",10,"Z",0,"Z",0,"Z",0,"R",0
238193, 3,"R",1204,"R",10,"R",99,"R",1095,"R",10,"Z",0,"Z",0,"Z",0,"R",0
238193,11,"R",15,"R",0,"R",0,"R",15,"A",,"A",,"A",,"A",,"A",
238193,12,"R",632,"R",3,"R",22,"R",607,"R",2,"R",1,"Z",0,"Z",0,"R",0
238263, 1,"R",15250,"R",1542,"R",2614,"R",11094,"R",0,"R",74,"R",41,"R",1,"R",1426
238263, 2,"R",15202,"R",1541,"R",2590,"R",11071,"R",0,"R",74,"R",41,"R",1,"R",1425
238263, 3,"R",10691,"R",1207,"R",2444,"R",7040,"R",0,"R",56,"R",23,"R",1,"R",1127
238263,11,"R",4511,"R",334,"R",146,"R",4031,"R",0,"R",18,"R",18,"R",0,"R",298
238263,12,"R",48,"R",1,"R",24,"R",23,"R",0,"R",0,"R",0,"R",0,"R",1
238324, 1,"R",477,"R",31,"R",128,"R",318,"R",31,"Z",0,"Z",0,"Z",0,"R",0
238324, 2,"R",428,"R",29,"R",96,"R",303,"R",29,"Z",0,"Z",0,"Z",0,"R",0
238324, 3,"R",377,"R",15,"R",96,"R",266,"R",15,"Z",0,"Z",0,"Z",0,"R",0
238324,11,"R",51,"R",14,"Z",0,"R",37,"R",14,"Z",0,"Z",0,"Z",0,"R",0
238324,12,"R",49,"R",2,"R",32,"R",15,"R",2,"Z",0,"Z",0,"Z",0,"R",0
238333, 1,"R",1275,"A",,"A",,"R",1275,"A",,"A",,"A",,"A",,"A",
238333, 2,"R",1275,"A",,"A",,"R",1275,"A",,"A",,"A",,"A",,"A",
238333, 3,"R",1212,"A",,"A",,"R",1212,"A",,"A",,"A",,"A",,"A",
238333,11,"R",63,"A",,"A",,"R",63,"A",,"A",,"A",,"A",,"A",
238397, 1,"R",2222,"R",135,"R",574,"R",1513,"R",120,"R",12,"R",0,"R",0,"R",3
238397, 2,"R",2222,"R",135,"R",574,"R",1513,"R",120,"R",12,"R",0,"R",0,"R",3
238397, 3,"R",2222,"R",135,"R",574,"R",1513,"R",120,"R",12,"R",0,"R",0,"R",3
238430, 1,"R",2148,"R",414,"R",134,"R",1600,"R",361,"R",53,"Z",0,"Z",0,"R",0
238430, 2,"R",1457,"R",182,"R",76,"R",1199,"R",159,"R",23,"Z",0,"Z",0,"R",0
238430, 3,"R",1107,"R",182,"R",76,"R",849,"R",159,"R",23,"Z",0,"Z",0,"R",0
238430,11,"R",350,"R",0,"R",0,"R",350,"A",,"A",,"A",,"A",,"A",
238430,12,"R",691,"R",232,"R",58,"R",401,"R",202,"R",30,"Z",0,"Z",0,"R",0
238458, 1,"R",3352,"R",3,"R",253,"R",3096,"R",1,"R",2,"Z",0,"Z",0,"R",0
238458, 2,"R",2901,"R",2,"R",243,"R",2656,"Z",0,"R",2,"Z",0,"Z",0,"R",0
238458, 3,"R",2843,"R",2,"R",242,"R",2599,"Z",0,"R",2,"Z",0,"Z",0,"R",0
238458,11,"R",58,"R",0,"R",1,"R",57,"A",,"A",,"A",,"A",,"A",
238458,12,"R",451,"R",1,"R",10,"R",440,"R",1,"Z",0,"Z",0,"Z",0,"R",0
238476, 1,"R",2872,"A",,"A",,"R",2872,"A",,"A",,"A",,"A",,"A",
238476, 2,"R",2763,"A",,"A",,"R",2763,"A",,"A",,"A",,"A",,"A",
238476, 3,"R",2751,"A",,"A",,"R",2751,"A",,"A",,"A",,"A",,"A",
238476,11,"R",12,"A",,"A",,"R",12,"A",,"A",,"A",,"A",,"A",
238476,12,"R",109,"A",,"A",,"R",109,"A",,"A",,"A",,"A",,"A",
238573, 1,"R",122,"R",7,"R",20,"R",95,"R",7,"R",0,"R",0,"R",0,"R",0
238573, 2,"R",116,"R",7,"R",20,"R",89,"R",7,"R",0,"R",0,"R",0,"R",0
238573, 3,"R",116,"R",7,"R",20,"R",89,"R",7,"R",0,"R",0,"R",0,"R",0
238573,12,"R",6,"R",0,"R",0,"R",6,"A",,"A",,"A",,"A",,"A",
238616, 1,"R",6374,"R",1442,"R",843,"R",4089,"R",1067,"R",371,"R",2,"R",2,"R",0
238616, 2,"R",3493,"R",296,"R",535,"R",2662,"R",202,"R",94,"R",0,"R",0,"R",0
238616, 3,"R",3272,"R",293,"R",491,"R",2488,"R",200,"R",93,"R",0,"R",0,"R",0
238616,11,"R",221,"R",3,"R",44,"R",174,"R",2,"R",1,"Z",0,"Z",0,"R",0
238616,12,"R",2881,"R",1146,"R",308,"R",1427,"R",865,"R",277,"R",2,"R",2,"R",0
238661, 1,"R",2190,"R",172,"R",450,"R",1568,"R",147,"R",15,"R",0,"R",10,"R",0
238661, 2,"R",1488,"R",1,"R",233,"R",1254,"R",1,"R",0,"R",0,"R",0,"R",0
238661, 3,"R",1435,"R",1,"R",231,"R",1203,"R",1,"R",0,"R",0,"R",0,"R",0
238661,11,"R",53,"R",0,"R",2,"R",51,"A",,"A",,"A",,"A",,"A",
238661,12,"R",702,"R",171,"R",217,"R",314,"R",146,"R",15,"R",0,"R",10,"R",0
238722, 1,"R",11709,"R",1341,"R",1754,"R",8614,"R",960,"R",265,"R",0,"R",116,"R",0
238722, 2,"R",11709,"R",1341,"R",1754,"R",8614,"R",960,"R",265,"R",0,"R",116,"R",0
238722, 3,"R",6347,"R",698,"R",1579,"R",4070,"R",678,"R",20,"R",0,"R",0,"R",0
238722,11,"R",5362,"R",643,"R",175,"R",4544,"R",282,"R",245,"R",0,"R",116,"R",0
238759, 1,"R",7037,"R",881,"R",1262,"R",4894,"R",853,"R",26,"Z",0,"R",2,"R",0
238759, 2,"R",7037,"R",881,"R",1262,"R",4894,"R",853,"R",26,"Z",0,"R",2,"R",0
238759, 3,"R",5656,"R",738,"R",1170,"R",3748,"R",716,"R",21,"Z",0,"R",1,"R",0
238759,11,"R",1381,"R",143,"R",92,"R",1146,"R",137,"R",5,"Z",0,"R",1,"R",0
238810, 1,"R",53,"A",,"A",,"R",53,"A",,"A",,"A",,"A",,"A",
238810, 2,"R",53,"A",,"A",,"R",53,"A",,"A",,"A",,"A",,"A",
238980, 1,"R",2497,"R",190,"R",662,"R",1645,"R",179,"R",11,"R",0,"R",0,"R",0
238980, 2,"R",1859,"R",101,"R",392,"R",1366,"R",98,"R",3,"R",0,"R",0,"R",0
238980, 3,"R",1765,"R",91,"R",388,"R",1286,"R",88,"R",3,"R",0,"R",0,"R",0
238980,11,"R",94,"R",10,"R",4,"R",80,"R",10,"R",0,"R",0,"R",0,"R",0
238980,12,"R",638,"R",89,"R",270,"R",279,"R",81,"R",8,"R",0,"R",0,"R",0
239008, 1,"R",2963,"R",370,"R",1453,"R",1140,"R",362,"R",8,"Z",0,"Z",0,"R",0
239008, 2,"R",2963,"R",370,"R",1453,"R",1140,"R",362,"R",8,"Z",0,"Z",0,"R",0
239008, 3,"R",2162,"R",247,"R",1204,"R",711,"R",240,"R",7,"Z",0,"Z",0,"R",0
239008,11,"R",801,"R",123,"R",249,"R",429,"R",122,"R",1,"Z",0,"Z",0,"R",0
239017, 1,"R",1463,"A",,"A",,"R",1463,"A",,"A",,"A",,"A",,"A",
239017, 2,"R",1463,"A",,"A",,"R",1463,"A",,"A",,"A",,"A",,"A",
239017, 3,"R",1431,"A",,"A",,"R",1431,"A",,"A",,"A",,"A",,"A",
239017,11,"R",32,"A",,"A",,"R",32,"A",,"A",,"A",,"A",,"A",
239071, 1,"R",1035,"R",496,"R",53,"R",486,"R",90,"R",370,"R",5,"R",28,"R",3
239071, 2,"R",780,"R",278,"R",47,"R",455,"R",54,"R",211,"R",4,"R",6,"R",3
239071, 3,"R",623,"R",121,"R",47,"R",455,"R",22,"R",91,"R",3,"R",5,"R",0
239071,11,"R",157,"R",157,"Z",0,"R",0,"R",32,"R",120,"R",1,"R",1,"R",3
239071,12,"R",255,"R",218,"R",6,"R",31,"R",36,"R",159,"R",1,"R",22,"R",0
239080, 1,"R",1819,"R",313,"R",273,"R",1233,"R",228,"R",77,"R",8,"R",0,"R",0
239080, 2,"R",1430,"R",165,"R",115,"R",1150,"R",131,"R",31,"R",3,"R",0,"R",0
239080, 3,"R",1417,"R",165,"R",115,"R",1137,"R",131,"R",31,"R",3,"R",0,"R",0
239080,11,"R",13,"R",0,"R",0,"R",13,"A",,"A",,"A",,"A",,"A",
239080,12,"R",389,"R",148,"R",158,"R",83,"R",97,"R",46,"R",5,"R",0,"R",0
239105, 1,"R",11605,"R",135,"R",1234,"R",10236,"R",45,"R",24,"R",0,"Z",0,"R",66
239105, 2,"R",8435,"R",51,"R",818,"R",7566,"R",6,"R",1,"R",0,"Z",0,"R",44
239105, 3,"R",8200,"R",11,"R",816,"R",7373,"R",4,"R",1,"R",0,"Z",0,"R",6
239105,11,"R",235,"R",40,"R",2,"R",193,"R",2,"R",0,"R",0,"Z",0,"R",38
239105,12,"R",3170,"R",84,"R",416,"R",2670,"R",39,"R",23,"R",0,"Z",0,"R",22
239169, 1,"R",1413,"R",39,"R",0,"R",1374,"R",33,"R",6,"R",0,"R",0,"R",0
239169,12,"R",1413,"R",39,"R",0,"R",1374,"R",33,"R",6,"R",0,"R",0,"R",0
239220, 1,"R",2690,"R",132,"R",1499,"R",1059,"R",130,"R",2,"Z",0,"Z",0,"R",0
239220, 2,"R",2690,"R",132,"R",1499,"R",1059,"R",130,"R",2,"Z",0,"Z",0,"R",0
239220, 3,"R",2133,"R",102,"R",1416,"R",615,"R",100,"R",2,"Z",0,"Z",0,"R",0
239220,11,"R",557,"R",30,"R",83,"R",444,"R",30,"R",0,"Z",0,"Z",0,"R",0
239248, 1,"R",15278,"R",1718,"R",2562,"R",10998,"R",1689,"R",29,"R",0,"R",0,"R",0
239248, 2,"R",15278,"R",1718,"R",2562,"R",10998,"R",1689,"R",29,"R",0,"R",0,"R",0
239248, 3,"R",13906,"R",1523,"R",2494,"R",9889,"R",1497,"R",26,"R",0,"R",0,"R",0
239248,11,"R",1372,"R",195,"R",68,"R",1109,"R",192,"R",3,"R",0,"R",0,"R",0
239309, 1,"R",756,"R",0,"R",0,"R",756,"A",,"A",,"A",,"A",,"A",
239309, 2,"R",756,"R",0,"R",0,"R",756,"A",,"A",,"A",,"A",,"A",
239309, 3,"R",753,"R",0,"R",0,"R",753,"A",,"A",,"A",,"A",,"A",
239309,11,"R",3,"R",0,"R",0,"R",3,"A",,"A",,"A",,"A",,"A",
239318, 1,"R",2820,"R",29,"R",172,"R",2619,"R",21,"R",7,"Z",0,"R",1,"R",0
239318, 2,"R",2596,"R",1,"R",149,"R",2446,"R",1,"Z",0,"Z",0,"Z",0,"R",0
239318, 3,"R",2582,"Z",0,"R",149,"R",2433,"A",,"A",,"A",,"A",,"A",
239318,11,"R",14,"R",1,"Z",0,"R",13,"R",1,"Z",0,"Z",0,"Z",0,"R",0
239318,12,"R",224,"R",28,"R",23,"R",173,"R",20,"R",7,"Z",0,"R",1,"R",0
239372, 1,"R",4470,"R",941,"R",529,"R",3000,"R",934,"R",7,"Z",0,"Z",0,"R",0
239372, 2,"R",4470,"R",941,"R",529,"R",3000,"R",934,"R",7,"Z",0,"Z",0,"R",0
239372, 3,"R",2919,"R",423,"R",207,"R",2289,"R",420,"R",3,"Z",0,"Z",0,"R",0
239372,11,"R",1551,"R",518,"R",322,"R",711,"R",514,"R",4,"Z",0,"Z",0,"R",0
239390, 1,"R",1339,"R",168,"R",221,"R",950,"R",79,"R",88,"R",0,"R",1,"R",0
239390, 2,"R",692,"R",9,"R",160,"R",523,"R",8,"R",1,"R",0,"R",0,"R",0
239390, 3,"R",681,"R",9,"R",160,"R",512,"R",8,"R",1,"R",0,"R",0,"R",0
239390,11,"R",11,"R",0,"R",0,"R",11,"A",,"A",,"A",,"A",,"A",
239390,12,"R",647,"R",159,"R",61,"R",427,"R",71,"R",87,"Z",0,"R",1,"R",0
239424, 1,"R",65,"Z",0,"R",36,"R",29,"A",,"A",,"A",,"A",,"A",
239424,12,"R",65,"Z",0,"R",36,"R",29,"A",,"A",,"A",,"A",,"A",
239442, 1,"R",1283,"R",314,"R",275,"R",694,"R",311,"R",3,"R",0,"R",0,"R",0
239442, 2,"R",1283,"R",314,"R",275,"R",694,"R",311,"R",3,"R",0,"R",0,"R",0
239442, 3,"R",859,"R",246,"R",247,"R",366,"R",243,"R",3,"R",0,"R",0,"R",0
239442,11,"R",424,"R",68,"R",28,"R",328,"R",68,"R",0,"R",0,"R",0,"R",0
239460, 1,"R",6395,"R",1720,"R",1400,"R",3275,"R",1628,"R",88,"R",0,"R",0,"R",4
239460, 2,"R",6395,"R",1720,"R",1400,"R",3275,"R",1628,"R",88,"R",0,"R",0,"R",4
239460, 3,"R",3346,"R",1328,"R",1282,"R",736,"R",1243,"R",82,"R",0,"R",0,"R",3
239460,11,"R",3049,"R",392,"R",118,"R",2539,"R",385,"R",6,"R",0,"R",0,"R",1
239488, 1,"R",11505,"R",1350,"R",2070,"R",8085,"R",1183,"R",102,"R",1,"R",0,"R",64
239488, 2,"R",11505,"R",1350,"R",2070,"R",8085,"R",1183,"R",102,"R",1,"R",0,"R",64
239488, 3,"R",6443,"R",870,"R",1763,"R",3810,"R",762,"R",60,"R",1,"R",0,"R",47
239488,11,"R",5062,"R",480,"R",307,"R",4275,"R",421,"R",42,"R",0,"R",0,"R",17
239512, 1,"R",582,"A",,"A",,"R",582,"A",,"A",,"A",,"A",,"A",
239512, 2,"R",582,"A",,"A",,"R",582,"A",,"A",,"A",,"A",,"A",
239512, 3,"R",563,"A",,"A",,"R",563,"A",,"A",,"A",,"A",,"A",
239512,11,"R",19,"A",,"A",,"R",19,"A",,"A",,"A",,"A",,"A",
239628, 1,"R",807,"A",,"A",,"R",807,"A",,"A",,"A",,"A",,"A",
239628, 2,"R",807,"A",,"A",,"R",807,"A",,"A",,"A",,"A",,"A",
239628, 3,"R",787,"A",,"A",,"R",787,"A",,"A",,"A",,"A",,"A",
239628,11,"R",20,"A",,"A",,"R",20,"A",,"A",,"A",,"A",,"A",
239637, 1,"R",120,"R",8,"R",0,"R",112,"R",0,"R",0,"R",0,"R",8,"R",0
239637,12,"R",120,"R",8,"R",0,"R",112,"R",0,"R",0,"R",0,"R",8,"R",0
239716, 1,"R",2228,"R",0,"R",2,"R",2226,"A",,"A",,"A",,"A",,"A",
239716, 2,"R",2132,"R",0,"R",2,"R",2130,"A",,"A",,"A",,"A",,"A",
239716, 3,"R",2099,"R",0,"R",2,"R",2097,"A",,"A",,"A",,"A",,"A",
239716,11,"R",33,"R",0,"R",0,"R",33,"A",,"A",,"A",,"A",,"A",
239716,12,"R",96,"R",0,"R",0,"R",96,"A",,"A",,"A",,"A",,"A",
239743, 1,"R",444,"R",5,"R",83,"R",356,"R",5,"Z",0,"Z",0,"Z",0,"R",0
239743, 2,"R",346,"R",0,"R",50,"R",296,"A",,"A",,"A",,"A",,"A",
239743, 3,"R",270,"R",0,"R",44,"R",226,"A",,"A",,"A",,"A",,"A",
239743,11,"R",76,"R",0,"R",6,"R",70,"A",,"A",,"A",,"A",,"A",
239743,12,"R",98,"R",5,"R",33,"R",60,"R",5,"Z",0,"Z",0,"Z",0,"R",0
239877, 1,"R",48,"A",,"A",,"R",48,"A",,"A",,"A",,"A",,"A",
239877, 2,"R",48,"A",,"A",,"R",48,"A",,"A",,"A",,"A",,"A",
239910, 1,"R",2009,"R",454,"R",235,"R",1320,"R",332,"R",122,"R",0,"R",0,"R",0
239910, 2,"R",2009,"R",454,"R",235,"R",1320,"R",332,"R",122,"R",0,"R",0,"R",0
239910, 3,"R",1459,"R",382,"R",220,"R",857,"R",264,"R",118,"R",0,"R",0,"R",0
239910,11,"R",550,"R",72,"R",15,"R",463,"R",68,"R",4,"R",0,"R",0,"R",0
240107, 1,"R",2598,"R",440,"R",449,"R",1709,"R",367,"R",73,"Z",0,"Z",0,"R",0
240107, 2,"R",1714,"R",227,"R",320,"R",1167,"R",191,"R",36,"Z",0,"Z",0,"R",0
240107, 3,"R",1709,"R",227,"R",320,"R",1162,"R",191,"R",36,"Z",0,"Z",0,"R",0
240107,11,"R",5,"R",0,"R",0,"R",5,"A",,"A",,"A",,"A",,"A",
240107,12,"R",884,"R",213,"R",129,"R",542,"R",176,"R",37,"Z",0,"Z",0,"R",0
240116, 1,"R",7645,"R",556,"R",1223,"R",5866,"R",510,"R",45,"R",0,"R",0,"R",1
240116, 2,"R",7645,"R",556,"R",1223,"R",5866,"R",510,"R",45,"R",0,"R",0,"R",1
240116, 3,"R",4294,"R",485,"R",1178,"R",2631,"R",446,"R",38,"R",0,"R",0,"R",1
240116,11,"R",3351,"R",71,"R",45,"R",3235,"R",64,"R",7,"R",0,"R",0,"R",0
240125, 1,"R",7961,"R",131,"R",594,"R",7236,"R",121,"R",10,"R",0,"R",0,"R",0
240125, 2,"R",7961,"R",131,"R",594,"R",7236,"R",121,"R",10,"R",0,"R",0,"R",0
240125, 3,"R",4866,"R",88,"R",558,"R",4220,"R",87,"R",1,"R",0,"R",0,"R",0
240125,11,"R",3095,"R",43,"R",36,"R",3016,"R",34,"R",9,"R",0,"R",0,"R",0
240170, 1,"R",4004,"R",496,"R",902,"R",2606,"R",465,"R",30,"R",1,"R",0,"R",0
240170, 2,"R",4004,"R",496,"R",902,"R",2606,"R",465,"R",30,"R",1,"R",0,"R",0
240170, 3,"R",3819,"R",445,"R",891,"R",2483,"R",416,"R",29,"R",0,"R",0,"R",0
240170,11,"R",185,"R",51,"R",11,"R",123,"R",49,"R",1,"R",1,"R",0,"R",0
240189, 1,"R",13059,"R",1153,"R",3304,"R",8602,"R",962,"R",179,"R",0,"R",10,"R",2
240189, 2,"R",11722,"R",496,"R",3114,"R",8112,"R",456,"R",34,"R",0,"R",4,"R",2
240189, 3,"R",11045,"R",412,"R",3079,"R",7554,"R",376,"R",32,"R",0,"R",4,"R",0
240189,11,"R",677,"R",84,"R",35,"R",558,"R",80,"R",2,"R",0,"R",0,"R",2
240189,12,"R",1337,"R",657,"R",190,"R",490,"R",506,"R",145,"R",0,"R",6,"R",0
240198, 1,"R",2963,"R",501,"R",1556,"R",906,"R",434,"R",67,"R",0,"R",0,"R",0
240198, 2,"R",2963,"R",501,"R",1556,"R",906,"R",434,"R",67,"R",0,"R",0,"R",0
240198, 3,"R",2460,"R",385,"R",1391,"R",684,"R",322,"R",63,"R",0,"R",0,"R",0
240198,11,"R",503,"R",116,"R",165,"R",222,"R",112,"R",4,"R",0,"R",0,"R",0
240213, 1,"R",76,"A",,"A",,"R",76,"A",,"A",,"A",,"A",,"A",
240213,12,"R",76,"A",,"A",,"R",76,"A",,"A",,"A",,"A",,"A",
240268, 1,"R",11604,"R",1005,"R",2242,"R",8357,"R",560,"R",430,"R",0,"R",15,"R",0
240268, 2,"R",10888,"R",485,"R",2240,"R",8163,"R",377,"R",106,"R",0,"R",2,"R",0
240268, 3,"R",10485,"R",229,"R",2220,"R",8036,"R",138,"R",90,"R",0,"R",1,"R",0
240268,11,"R",403,"R",256,"R",20,"R",127,"R",239,"R",16,"R",0,"R",1,"R",0
240268,12,"R",716,"R",520,"R",2,"R",194,"R",183,"R",324,"R",0,"R",13,"R",0
240277, 1,"R",8566,"R",1676,"R",2689,"R",4201,"R",1417,"R",251,"R",0,"R",6,"R",2
240277, 2,"R",8189,"R",1481,"R",2599,"R",4109,"R",1336,"R",143,"R",0,"R",1,"R",1
240277, 3,"R",6576,"R",1347,"R",2542,"R",2687,"R",1212,"R",133,"R",0,"R",1,"R",1
240277,11,"R",1613,"R",134,"R",57,"R",1422,"R",124,"R",10,"R",0,"R",0,"R",0
240277,12,"R",377,"R",195,"R",90,"R",92,"R",81,"R",108,"R",0,"R",5,"R",1
240329, 1,"R",10597,"R",310,"R",2292,"R",7995,"R",142,"R",165,"R",0,"R",3,"R",0
240329, 2,"R",9727,"R",43,"R",2222,"R",7462,"R",32,"R",10,"R",0,"R",1,"R",0
240329, 3,"R",9517,"R",36,"R",2219,"R",7262,"R",25,"R",10,"R",0,"R",1,"R",0
240329,11,"R",210,"R",7,"R",3,"R",200,"R",7,"R",0,"R",0,"R",0,"R",0
240329,12,"R",870,"R",267,"R",70,"R",533,"R",110,"R",155,"R",0,"R",2,"R",0
240338, 1,"R",1248,"R",128,"R",136,"R",984,"R",114,"R",14,"R",0,"R",0,"R",0
240338, 2,"R",1085,"R",58,"R",75,"R",952,"R",51,"R",7,"R",0,"R",0,"R",0
240338, 3,"R",1037,"R",58,"R",75,"R",904,"R",51,"R",7,"R",0,"R",0,"R",0
240338,11,"R",48,"R",0,"R",0,"R",48,"A",,"A",,"A",,"A",,"A",
240338,12,"R",163,"R",70,"R",61,"R",32,"R",63,"R",7,"R",0,"R",0,"R",0
240365, 1,"R",16410,"R",1184,"R",646,"R",14580,"R",1006,"R",158,"R",0,"R",20,"R",0
240365, 2,"R",15097,"R",873,"R",577,"R",13647,"R",731,"R",124,"R",0,"R",18,"R",0
240365, 3,"R",10749,"R",646,"R",555,"R",9548,"R",597,"R",47,"R",0,"R",2,"R",0
240365,11,"R",4348,"R",227,"R",22,"R",4099,"R",134,"R",77,"R",0,"R",16,"R",0
240365,12,"R",1313,"R",311,"R",69,"R",933,"R",275,"R",34,"R",0,"R",2,"R",0
240374, 1,"R",4295,"R",377,"R",1273,"R",2645,"R",289,"R",88,"R",0,"R",0,"R",0
240374, 2,"R",4060,"R",277,"R",1184,"R",2599,"R",215,"R",62,"R",0,"R",0,"R",0
240374, 3,"R",3978,"R",263,"R",1183,"R",2532,"R",201,"R",62,"R",0,"R",0,"R",0
240374,11,"R",82,"R",14,"R",1,"R",67,"R",14,"R",0,"R",0,"R",0,"R",0
240374,12,"R",235,"R",100,"R",89,"R",46,"R",74,"R",26,"R",0,"R",0,"R",0
240392, 1,"R",2140,"R",1987,"R",112,"R",41,"R",490,"R",1485,"Z",0,"R",12,"R",0
240392, 2,"R",1577,"R",1424,"R",112,"R",41,"R",402,"R",1011,"Z",0,"R",11,"R",0
240392, 3,"R",1558,"R",1405,"R",112,"R",41,"R",383,"R",1011,"Z",0,"R",11,"R",0
240392,11,"R",19,"R",19,"Z",0,"R",0,"R",19,"Z",0,"Z",0,"Z",0,"R",0
240392,12,"R",563,"R",563,"Z",0,"R",0,"R",88,"R",474,"Z",0,"R",1,"R",0
240417, 1,"R",8770,"R",1817,"R",2378,"R",4575,"R",1341,"R",450,"R",0,"R",26,"R",0
240417, 2,"R",7577,"R",996,"R",2222,"R",4359,"R",838,"R",155,"R",0,"R",3,"R",0
240417, 3,"R",7445,"R",918,"R",2214,"R",4313,"R",763,"R",152,"R",0,"R",3,"R",0
240417,11,"R",132,"R",78,"R",8,"R",46,"R",75,"R",3,"R",0,"R",0,"R",0
240417,12,"R",1193,"R",821,"R",156,"R",216,"R",503,"R",295,"R",0,"R",23,"R",0
240426, 1,"R",2603,"R",816,"R",406,"R",1381,"R",545,"R",266,"R",0,"R",5,"R",0
240426, 2,"R",2296,"R",572,"R",406,"R",1318,"R",379,"R",190,"R",0,"R",3,"R",0
240426, 3,"R",2191,"R",548,"R",406,"R",1237,"R",363,"R",182,"R",0,"R",3,"R",0
240426,11,"R",105,"R",24,"R",0,"R",81,"R",16,"R",8,"R",0,"R",0,"R",0
240426,12,"R",307,"R",244,"R",0,"R",63,"R",166,"R",76,"R",0,"R",2,"R",0
240444, 1,"R",43463,"R",850,"R",6424,"R",36189,"R",373,"R",455,"R",0,"R",20,"R",2
240444, 2,"R",31705,"R",255,"R",5978,"R",25472,"R",162,"R",85,"R",0,"R",6,"R",2
240444, 3,"R",30360,"R",131,"R",5917,"R",24312,"R",102,"R",25,"R",0,"R",4,"R",0
240444,11,"R",1345,"R",124,"R",61,"R",1160,"R",60,"R",60,"R",0,"R",2,"R",2
240444,12,"R",11758,"R",595,"R",446,"R",10717,"R",211,"R",370,"R",0,"R",14,"R",0
240453, 1,"R",27012,"R",2373,"R",7217,"R",17422,"R",2001,"R",356,"R",0,"R",15,"R",1
240453, 2,"R",22337,"R",1603,"R",6340,"R",14394,"R",1473,"R",122,"R",0,"R",7,"R",1
240453, 3,"R",21027,"R",1250,"R",6246,"R",13531,"R",1162,"R",81,"R",0,"R",6,"R",1
240453,11,"R",1310,"R",353,"R",94,"R",863,"R",311,"R",41,"R",0,"R",1,"R",0
240453,12,"R",4675,"R",770,"R",877,"R",3028,"R",528,"R",234,"R",0,"R",8,"R",0
240462, 1,"R",8955,"R",1569,"R",307,"R",7079,"R",1080,"R",471,"R",0,"R",14,"R",4
240462, 2,"R",8123,"R",825,"R",306,"R",6992,"R",734,"R",89,"R",0,"R",1,"R",1
240462, 3,"R",7786,"R",577,"R",299,"R",6910,"R",513,"R",63,"R",0,"R",1,"R",0
240462,11,"R",337,"R",248,"R",7,"R",82,"R",221,"R",26,"R",0,"R",0,"R",1
240462,12,"R",832,"R",744,"R",1,"R",87,"R",346,"R",382,"R",0,"R",13,"R",3
240471, 1,"R",6135,"R",173,"R",1867,"R",4095,"R",102,"R",71,"R",0,"R",0,"R",0
240471, 2,"R",5726,"R",113,"R",1796,"R",3817,"R",71,"R",42,"R",0,"R",0,"R",0
240471, 3,"R",5570,"R",85,"R",1787,"R",3698,"R",46,"R",39,"R",0,"R",0,"R",0
240471,11,"R",156,"R",28,"R",9,"R",119,"R",25,"R",3,"R",0,"R",0,"R",0
240471,12,"R",409,"R",60,"R",71,"R",278,"R",31,"R",29,"R",0,"R",0,"R",0
240480, 1,"R",9086,"R",684,"R",2589,"R",5813,"R",637,"R",46,"R",0,"R",1,"R",0
240480, 2,"R",8771,"R",507,"R",2565,"R",5699,"R",491,"R",16,"R",0,"R",0,"R",0
240480, 3,"R",8161,"R",211,"R",2534,"R",5416,"R",203,"R",8,"R",0,"R",0,"R",0
240480,11,"R",610,"R",296,"R",31,"R",283,"R",288,"R",8,"R",0,"R",0,"R",0
240480,12,"R",315,"R",177,"R",24,"R",114,"R",146,"R",30,"R",0,"R",1,"R",0
240505, 1,"R",3650,"R",580,"R",932,"R",2138,"R",517,"R",63,"R",0,"R",0,"R",0
240505, 2,"R",3650,"R",580,"R",932,"R",2138,"R",517,"R",63,"R",0,"R",0,"R",0
240505, 3,"R",2336,"R",362,"R",860,"R",1114,"R",312,"R",50,"R",0,"R",0,"R",0
240505,11,"R",1314,"R",218,"R",72,"R",1024,"R",205,"R",13,"R",0,"R",0,"R",0
240514, 1,"R",1974,"R",321,"R",437,"R",1216,"R",293,"R",28,"R",0,"R",0,"R",0
240514, 2,"R",1974,"R",321,"R",437,"R",1216,"R",293,"R",28,"R",0,"R",0,"R",0
240514, 3,"R",968,"R",119,"R",345,"R",504,"R",108,"R",11,"R",0,"R",0,"R",0
240514,11,"R",1006,"R",202,"R",92,"R",712,"R",185,"R",17,"R",0,"R",0,"R",0
240596, 1,"R",1462,"R",145,"R",283,"R",1034,"R",138,"R",7,"Z",0,"Z",0,"R",0
240596, 2,"R",1462,"R",145,"R",283,"R",1034,"R",138,"R",7,"Z",0,"Z",0,"R",0
240596, 3,"R",566,"R",58,"R",189,"R",319,"R",52,"R",6,"Z",0,"Z",0,"R",0
240596,11,"R",896,"R",87,"R",94,"R",715,"R",86,"R",1,"Z",0,"Z",0,"R",0
240620, 1,"R",4097,"R",622,"R",992,"R",2483,"R",566,"R",55,"R",0,"R",1,"R",0
240620, 2,"R",4097,"R",622,"R",992,"R",2483,"R",566,"R",55,"R",0,"R",1,"R",0
240620, 3,"R",2741,"R",455,"R",950,"R",1336,"R",405,"R",49,"R",0,"R",1,"R",0
240620,11,"R",1356,"R",167,"R",42,"R",1147,"R",161,"R",6,"R",0,"R",0,"R",0
240657, 1,"R",1488,"R",207,"R",406,"R",875,"R",198,"R",6,"R",3,"R",0,"R",0
240657, 2,"R",1488,"R",207,"R",406,"R",875,"R",198,"R",6,"R",3,"R",0,"R",0
240657, 3,"R",1032,"R",80,"R",348,"R",604,"R",75,"R",3,"R",2,"R",0,"R",0
240657,11,"R",456,"R",127,"R",58,"R",271,"R",123,"R",3,"R",1,"R",0,"R",0
240666, 1,"R",4168,"R",286,"R",778,"R",3104,"R",265,"R",21,"R",0,"R",0,"R",0
240666, 2,"R",4168,"R",286,"R",778,"R",3104,"R",265,"R",21,"R",0,"R",0,"R",0
240666, 3,"R",2015,"R",196,"R",692,"R",1127,"R",179,"R",17,"R",0,"R",0,"R",0
240666,11,"R",2153,"R",90,"R",86,"R",1977,"R",86,"R",4,"R",0,"R",0,"R",0
240693, 1,"R",3183,"R",799,"R",803,"R",1581,"R",771,"R",28,"Z",0,"Z",0,"R",0
240693, 2,"R",3183,"R",799,"R",803,"R",1581,"R",771,"R",28,"Z",0,"Z",0,"R",0
240693, 3,"R",1740,"R",427,"R",660,"R",653,"R",405,"R",22,"Z",0,"Z",0,"R",0
240693,11,"R",1443,"R",372,"R",143,"R",928,"R",366,"R",6,"Z",0,"Z",0,"R",0
240709, 1,"R",49,"A",,"A",,"R",49,"A",,"A",,"A",,"A",,"A",
240709, 2,"R",49,"A",,"A",,"R",49,"A",,"A",,"A",,"A",,"A",
240718, 1,"R",38,"A",,"A",,"R",38,"A",,"A",,"A",,"A",,"A",
240718, 2,"R",38,"A",,"A",,"R",38,"A",,"A",,"A",,"A",,"A",
240718, 3,"R",38,"A",,"A",,"R",38,"A",,"A",,"A",,"A",,"A",
240727, 1,"R",12450,"R",1666,"R",3158,"R",7626,"R",1408,"R",258,"Z",0,"Z",0,"R",0
240727, 2,"R",9998,"R",930,"R",2726,"R",6342,"R",799,"R",131,"Z",0,"Z",0,"R",0
240727, 3,"R",9854,"R",872,"R",2719,"R",6263,"R",772,"R",100,"Z",0,"Z",0,"R",0
240727,11,"R",144,"R",58,"R",7,"R",79,"R",27,"R",31,"Z",0,"Z",0,"R",0
240727,12,"R",2452,"R",736,"R",432,"R",1284,"R",609,"R",127,"Z",0,"Z",0,"R",0
240736, 1,"R",1037,"A",,"A",,"R",1037,"A",,"A",,"A",,"A",,"A",
240736, 2,"R",1037,"A",,"A",,"R",1037,"A",,"A",,"A",,"A",,"A",
240736, 3,"R",991,"A",,"A",,"R",991,"A",,"A",,"A",,"A",,"A",
240736,11,"R",46,"A",,"A",,"R",46,"A",,"A",,"A",,"A",,"A",
240745, 1,"R",2082,"A",,"A",,"R",2082,"A",,"A",,"A",,"A",,"A",
240745, 2,"R",2082,"A",,"A",,"R",2082,"A",,"A",,"A",,"A",,"A",
240745, 3,"R",1677,"A",,"A",,"R",1677,"A",,"A",,"A",,"A",,"A",
240745,11,"R",405,"A",,"A",,"R",405,"A",,"A",,"A",,"A",,"A",
240754, 1,"R",3744,"R",54,"R",480,"R",3210,"R",43,"Z",0,"Z",0,"R",11,"R",0
240754, 2,"R",3421,"R",12,"R",477,"R",2932,"R",11,"Z",0,"Z",0,"R",1,"R",0
240754, 3,"R",3375,"R",12,"R",477,"R",2886,"R",11,"Z",0,"Z",0,"R",1,"R",0
240754,11,"R",46,"R",0,"R",0,"R",46,"A",,"A",,"A",,"A",,"A",
240754,12,"R",323,"R",42,"R",3,"R",278,"R",32,"Z",0,"Z",0,"R",10,"R",0
240790, 1,"R",1194,"R",29,"R",366,"R",799,"R",29,"Z",0,"Z",0,"Z",0,"R",0
240790, 2,"R",1194,"R",29,"R",366,"R",799,"R",29,"Z",0,"Z",0,"Z",0,"R",0
240790, 3,"R",1175,"R",28,"R",363,"R",784,"R",28,"Z",0,"Z",0,"Z",0,"R",0
240790,11,"R",19,"R",1,"R",3,"R",15,"R",1,"Z",0,"Z",0,"Z",0,"R",0
240879, 1,"R",146,"A",,"A",,"R",146,"A",,"A",,"A",,"A",,"A",
240879, 2,"R",146,"A",,"A",,"R",146,"A",,"A",,"A",,"A",,"A",
240985, 1,"R",149,"A",,"A",,"R",149,"A",,"A",,"A",,"A",,"A",
240985, 2,"R",149,"A",,"A",,"R",149,"A",,"A",,"A",,"A",,"A",
240985, 3,"R",28,"A",,"A",,"R",28,"A",,"A",,"A",,"A",,"A",
240985,11,"R",121,"A",,"A",,"R",121,"A",,"A",,"A",,"A",,"A",
241100, 1,"R",422,"A",,"A",,"R",422,"A",,"A",,"A",,"A",,"A",
241100, 2,"R",398,"A",,"A",,"R",398,"A",,"A",,"A",,"A",,"A",
241100, 3,"R",396,"A",,"A",,"R",396,"A",,"A",,"A",,"A",,"A",
241100,11,"R",2,"A",,"A",,"R",2,"A",,"A",,"A",,"A",,"A",
241100,12,"R",24,"A",,"A",,"R",24,"A",,"A",,"A",,"A",,"A",
241128, 1,"R",568,"A",,"A",,"R",568,"A",,"A",,"A",,"A",,"A",
241128, 2,"R",547,"A",,"A",,"R",547,"A",,"A",,"A",,"A",,"A",
241128, 3,"R",544,"A",,"A",,"R",544,"A",,"A",,"A",,"A",,"A",
241128,11,"R",3,"A",,"A",,"R",3,"A",,"A",,"A",,"A",,"A",
241128,12,"R",21,"A",,"A",,"R",21,"A",,"A",,"A",,"A",,"A",
241182, 1,"R",419,"A",,"A",,"R",419,"A",,"A",,"A",,"A",,"A",
241182, 2,"R",419,"A",,"A",,"R",419,"A",,"A",,"A",,"A",,"A",
241191, 1,"R",1253,"R",63,"R",375,"R",815,"R",42,"R",9,"Z",0,"R",12,"R",0
241191, 2,"R",1166,"R",32,"R",372,"R",762,"R",24,"R",8,"Z",0,"Z",0,"R",0
241191, 3,"R",1125,"R",14,"R",372,"R",739,"R",6,"R",8,"Z",0,"Z",0,"R",0
241191,11,"R",41,"R",18,"R",0,"R",23,"R",18,"R",0,"Z",0,"Z",0,"R",0
241191,12,"R",87,"R",31,"R",3,"R",53,"R",18,"R",1,"Z",0,"R",12,"R",0
241216, 1,"R",1683,"A",,"A",,"R",1683,"A",,"A",,"A",,"A",,"A",
241216, 2,"R",1581,"A",,"A",,"R",1581,"A",,"A",,"A",,"A",,"A",
241216, 3,"R",1581,"A",,"A",,"R",1581,"A",,"A",,"A",,"A",,"A",
241216,12,"R",102,"A",,"A",,"R",102,"A",,"A",,"A",,"A",,"A",
241225, 1,"R",1399,"R",690,"R",0,"R",709,"R",690,"R",0,"R",0,"R",0,"R",0
241225, 2,"R",1180,"R",570,"R",0,"R",610,"R",570,"R",0,"R",0,"R",0,"R",0
241225, 3,"R",1169,"R",562,"R",0,"R",607,"R",562,"R",0,"R",0,"R",0,"R",0
241225,11,"R",11,"R",8,"R",0,"R",3,"R",8,"R",0,"R",0,"R",0,"R",0
241225,12,"R",219,"R",120,"R",0,"R",99,"R",120,"R",0,"R",0,"R",0,"R",0
241304, 1,"R",1156,"R",70,"R",342,"R",744,"R",70,"R",0,"R",0,"R",0,"R",0
241304, 2,"R",1050,"R",70,"R",342,"R",638,"R",70,"R",0,"R",0,"R",0,"R",0
241304, 3,"R",1050,"R",70,"R",342,"R",638,"R",70,"R",0,"R",0,"R",0,"R",0
241304,12,"R",106,"R",0,"R",0,"R",106,"A",,"A",,"A",,"A",,"A",
241331, 1,"R",1759,"R",6,"R",124,"R",1629,"R",6,"Z",0,"Z",0,"Z",0,"R",0
241331, 2,"R",480,"R",6,"R",38,"R",436,"R",6,"Z",0,"Z",0,"Z",0,"R",0
241331, 3,"R",380,"R",1,"R",9,"R",370,"R",1,"Z",0,"Z",0,"Z",0,"R",0
241331,11,"R",100,"R",5,"R",29,"R",66,"R",5,"Z",0,"Z",0,"Z",0,"R",0
241331,12,"R",1279,"R",0,"R",86,"R",1193,"A",,"A",,"A",,"A",,"A",
241377, 1,"R",1197,"R",0,"R",625,"R",572,"A",,"A",,"A",,"A",,"A",
241377, 2,"R",941,"R",0,"R",525,"R",416,"A",,"A",,"A",,"A",,"A",
241377, 3,"R",936,"R",0,"R",523,"R",413,"A",,"A",,"A",,"A",,"A",
241377,11,"R",5,"R",0,"R",2,"R",3,"A",,"A",,"A",,"A",,"A",
241377,12,"R",256,"R",0,"R",100,"R",156,"A",,"A",,"A",,"A",,"A",
241386, 1,"R",323,"R",0,"R",16,"R",307,"A",,"A",,"A",,"A",,"A",
241386, 2,"R",289,"R",0,"R",9,"R",280,"A",,"A",,"A",,"A",,"A",
241386, 3,"R",288,"R",0,"R",9,"R",279,"A",,"A",,"A",,"A",,"A",
241386,11,"R",1,"R",0,"R",0,"R",1,"A",,"A",,"A",,"A",,"A",
241386,12,"R",34,"R",0,"R",7,"R",27,"A",,"A",,"A",,"A",,"A",
241395, 1,"R",940,"R",38,"R",304,"R",598,"R",38,"Z",0,"Z",0,"Z",0,"R",0
241395, 2,"R",528,"R",27,"R",295,"R",206,"R",27,"Z",0,"Z",0,"Z",0,"R",0
241395, 3,"R",510,"R",26,"R",288,"R",196,"R",26,"Z",0,"Z",0,"Z",0,"R",0
241395,11,"R",18,"R",1,"R",7,"R",10,"R",1,"Z",0,"Z",0,"Z",0,"R",0
241395,12,"R",412,"R",11,"R",9,"R",392,"R",11,"Z",0,"Z",0,"Z",0,"R",0
241410, 1,"R",7136,"R",169,"R",1460,"R",5507,"R",153,"R",16,"R",0,"R",0,"R",0
241410, 2,"R",5291,"R",166,"R",1436,"R",3689,"R",150,"R",16,"R",0,"R",0,"R",0
241410, 3,"R",5144,"R",91,"R",1428,"R",3625,"R",75,"R",16,"R",0,"R",0,"R",0
241410,11,"R",147,"R",75,"R",8,"R",64,"R",75,"R",0,"R",0,"R",0,"R",0
241410,12,"R",1845,"R",3,"R",24,"R",1818,"R",3,"R",0,"R",0,"R",0,"R",0
241517, 1,"R",408,"A",,"A",,"R",408,"A",,"A",,"A",,"A",,"A",
241517, 2,"R",408,"A",,"A",,"R",408,"A",,"A",,"A",,"A",,"A",
241517, 3,"R",408,"A",,"A",,"R",408,"A",,"A",,"A",,"A",,"A",
241614, 1,"R",376,"R",78,"R",30,"R",268,"R",53,"R",24,"R",0,"R",1,"R",0
241614, 2,"R",265,"R",69,"R",25,"R",171,"R",49,"R",19,"R",0,"R",1,"R",0
241614, 3,"R",262,"R",69,"R",25,"R",168,"R",49,"R",19,"R",0,"R",1,"R",0
241614,11,"R",3,"R",0,"R",0,"R",3,"A",,"A",,"A",,"A",,"A",
241614,12,"R",111,"R",9,"R",5,"R",97,"R",4,"R",5,"R",0,"R",0,"R",0
241720, 1,"R",1174,"A",,"A",,"R",1174,"A",,"A",,"A",,"A",,"A",
241720, 2,"R",1174,"A",,"A",,"R",1174,"A",,"A",,"A",,"A",,"A",
241720, 3,"R",1174,"A",,"A",,"R",1174,"A",,"A",,"A",,"A",,"A",
241739, 1,"R",11596,"A",,"A",,"R",11596,"A",,"A",,"A",,"A",,"A",
241739, 2,"R",9331,"A",,"A",,"R",9331,"A",,"A",,"A",,"A",,"A",
241739, 3,"R",9331,"A",,"A",,"R",9331,"A",,"A",,"A",,"A",,"A",
241739,12,"R",2265,"A",,"A",,"R",2265,"A",,"A",,"A",,"A",,"A",
241766, 1,"R",413,"A",,"A",,"R",413,"A",,"A",,"A",,"A",,"A",
241766, 2,"R",388,"A",,"A",,"R",388,"A",,"A",,"A",,"A",,"A",
241766, 3,"R",384,"A",,"A",,"R",384,"A",,"A",,"A",,"A",,"A",
241766,11,"R",4,"A",,"A",,"R",4,"A",,"A",,"A",,"A",,"A",
241766,12,"R",25,"A",,"A",,"R",25,"A",,"A",,"A",,"A",,"A",
241793, 1,"R",468,"A",,"A",,"R",468,"A",,"A",,"A",,"A",,"A",
241793,12,"R",468,"A",,"A",,"R",468,"A",,"A",,"A",,"A",,"A",
241836, 1,"R",1105,"R",245,"R",275,"R",585,"R",14,"R",231,"Z",0,"Z",0,"R",0
241836, 2,"R",1069,"R",245,"R",275,"R",549,"R",14,"R",231,"Z",0,"Z",0,"R",0
241836, 3,"R",1064,"R",241,"R",275,"R",548,"R",10,"R",231,"Z",0,"Z",0,"R",0
241836,11,"R",5,"R",4,"R",0,"R",1,"R",4,"Z",0,"Z",0,"Z",0,"R",0
241836,12,"R",36,"A",,"A",,"R",36,"A",,"A",,"A",,"A",,"A",
241906, 1,"R",398,"A",,"A",,"R",398,"A",,"A",,"A",,"A",,"A",
241906, 2,"R",398,"A",,"A",,"R",398,"A",,"A",,"A",,"A",,"A",
241951, 1,"R",441,"A",,"A",,"R",441,"A",,"A",,"A",,"A",,"A",
241951, 2,"R",441,"A",,"A",,"R",441,"A",,"A",,"A",,"A",,"A",
241951, 3,"R",441,"A",,"A",,"R",441,"A",,"A",,"A",,"A",,"A",
242042, 1,"R",588,"A",,"A",,"R",588,"A",,"A",,"A",,"A",,"A",
242042, 2,"R",588,"A",,"A",,"R",588,"A",,"A",,"A",,"A",,"A",
242042, 3,"R",588,"A",,"A",,"R",588,"A",,"A",,"A",,"A",,"A",
242112, 1,"R",796,"A",,"A",,"R",796,"A",,"A",,"A",,"A",,"A",
242112, 2,"R",796,"A",,"A",,"R",796,"A",,"A",,"A",,"A",,"A",
242112, 3,"R",796,"A",,"A",,"R",796,"A",,"A",,"A",,"A",,"A",
242121, 1,"R",467,"R",0,"R",0,"R",467,"A",,"A",,"A",,"A",,"A",
242121, 2,"R",467,"R",0,"R",0,"R",467,"A",,"A",,"A",,"A",,"A",
242121, 3,"R",467,"R",0,"R",0,"R",467,"A",,"A",,"A",,"A",,"A",
242130, 1,"R",289,"R",0,"R",0,"R",289,"A",,"A",,"A",,"A",,"A",
242130, 2,"R",289,"R",0,"R",0,"R",289,"A",,"A",,"A",,"A",,"A",
242130, 3,"R",289,"R",0,"R",0,"R",289,"A",,"A",,"A",,"A",,"A",
242149, 1,"R",429,"R",2,"R",5,"R",422,"R",2,"R",0,"Z",0,"Z",0,"R",0
242149, 2,"R",429,"R",2,"R",5,"R",422,"R",2,"R",0,"Z",0,"Z",0,"R",0
242149, 3,"R",429,"R",2,"R",5,"R",422,"R",2,"R",0,"Z",0,"Z",0,"R",0
242413, 1,"R",46,"A",,"A",,"R",46,"A",,"A",,"A",,"A",,"A",
242413, 2,"R",46,"A",,"A",,"R",46,"A",,"A",,"A",,"A",,"A",
242422, 1,"R",8295,"R",0,"R",56,"R",8239,"A",,"A",,"A",,"A",,"A",
242422, 2,"R",8295,"R",0,"R",56,"R",8239,"A",,"A",,"A",,"A",,"A",
242422, 3,"R",8295,"R",0,"R",56,"R",8239,"A",,"A",,"A",,"A",,"A",
242556, 1,"R",498,"A",,"A",,"R",498,"A",,"A",,"A",,"A",,"A",
242556, 2,"R",498,"A",,"A",,"R",498,"A",,"A",,"A",,"A",,"A",
242556, 3,"R",498,"A",,"A",,"R",498,"A",,"A",,"A",,"A",,"A",
242565, 1,"R",430,"A",,"A",,"R",430,"A",,"A",,"A",,"A",,"A",
242565, 2,"R",430,"A",,"A",,"R",430,"A",,"A",,"A",,"A",,"A",
242565, 3,"R",430,"A",,"A",,"R",430,"A",,"A",,"A",,"A",,"A",
242583, 1,"R",422,"A",,"A",,"R",422,"A",,"A",,"A",,"A",,"A",
242583, 2,"R",422,"A",,"A",,"R",422,"A",,"A",,"A",,"A",,"A",
242583, 3,"R",422,"A",,"A",,"R",422,"A",,"A",,"A",,"A",,"A",
242617, 1,"R",4450,"R",97,"R",2472,"R",1881,"R",76,"R",21,"R",0,"R",0,"R",0
242617, 2,"R",3787,"R",42,"R",2389,"R",1356,"R",38,"R",4,"R",0,"R",0,"R",0
242617, 3,"R",3747,"R",39,"R",2385,"R",1323,"R",35,"R",4,"R",0,"R",0,"R",0
242617,11,"R",40,"R",3,"R",4,"R",33,"R",3,"R",0,"R",0,"R",0,"R",0
242617,12,"R",663,"R",55,"R",83,"R",525,"R",38,"R",17,"R",0,"R",0,"R",0
242626, 1,"R",3903,"R",207,"R",2620,"R",1076,"R",170,"R",36,"R",0,"R",1,"R",0
242626, 2,"R",3667,"R",205,"R",2556,"R",906,"R",168,"R",36,"R",0,"R",1,"R",0
242626, 3,"R",3622,"R",195,"R",2549,"R",878,"R",160,"R",34,"R",0,"R",1,"R",0
242626,11,"R",45,"R",10,"R",7,"R",28,"R",8,"R",2,"R",0,"R",0,"R",0
242626,12,"R",236,"R",2,"R",64,"R",170,"R",2,"R",0,"R",0,"R",0,"R",0
242635, 1,"R",3954,"R",429,"R",2507,"R",1018,"R",235,"R",194,"R",0,"R",0,"R",0
242635, 2,"R",3594,"R",388,"R",2400,"R",806,"R",207,"R",181,"R",0,"R",0,"R",0
242635, 3,"R",3553,"R",360,"R",2398,"R",795,"R",187,"R",173,"R",0,"R",0,"R",0
242635,11,"R",41,"R",28,"R",2,"R",11,"R",20,"R",8,"R",0,"R",0,"R",0
242635,12,"R",360,"R",41,"R",107,"R",212,"R",28,"R",13,"R",0,"R",0,"R",0
242644, 1,"R",1640,"R",84,"R",621,"R",935,"R",65,"R",19,"R",0,"R",0,"R",0
242644, 2,"R",1521,"R",45,"R",604,"R",872,"R",43,"R",2,"R",0,"R",0,"R",0
242644, 3,"R",1513,"R",44,"R",603,"R",866,"R",42,"R",2,"R",0,"R",0,"R",0
242644,11,"R",8,"R",1,"R",1,"R",6,"R",1,"R",0,"R",0,"R",0,"R",0
242644,12,"R",119,"R",39,"R",17,"R",63,"R",22,"R",17,"R",0,"R",0,"R",0
242653, 1,"R",7831,"R",582,"R",3517,"R",3732,"R",511,"R",69,"R",0,"R",1,"R",1
242653, 2,"R",5546,"R",360,"R",3072,"R",2114,"R",320,"R",40,"R",0,"R",0,"R",0
242653, 3,"R",5377,"R",332,"R",3057,"R",1988,"R",295,"R",37,"R",0,"R",0,"R",0
242653,11,"R",169,"R",28,"R",15,"R",126,"R",25,"R",3,"R",0,"R",0,"R",0
242653,12,"R",2285,"R",222,"R",445,"R",1618,"R",191,"R",29,"R",0,"R",1,"R",1
242662, 1,"R",4604,"R",1056,"R",2487,"R",1061,"R",631,"R",423,"R",0,"R",2,"R",0
242662, 2,"R",4198,"R",834,"R",2448,"R",916,"R",466,"R",366,"R",0,"R",2,"R",0
242662, 3,"R",4155,"R",818,"R",2444,"R",893,"R",452,"R",364,"R",0,"R",2,"R",0
242662,11,"R",43,"R",16,"R",4,"R",23,"R",14,"R",2,"R",0,"R",0,"R",0
242662,12,"R",406,"R",222,"R",39,"R",145,"R",165,"R",57,"R",0,"R",0,"R",0
242680, 1,"R",1889,"R",68,"R",1179,"R",642,"R",58,"R",10,"R",0,"R",0,"R",0
242680, 2,"R",1759,"R",64,"R",1131,"R",564,"R",54,"R",10,"R",0,"R",0,"R",0
242680, 3,"R",1750,"R",61,"R",1129,"R",560,"R",51,"R",10,"R",0,"R",0,"R",0
242680,11,"R",9,"R",3,"R",2,"R",4,"R",3,"R",0,"R",0,"R",0,"R",0
242680,12,"R",130,"R",4,"R",48,"R",78,"R",4,"R",0,"R",0,"R",0,"R",0
242699, 1,"R",1726,"R",118,"R",1090,"R",518,"R",85,"R",33,"R",0,"R",0,"R",0
242699, 2,"R",1605,"R",67,"R",1054,"R",484,"R",45,"R",22,"R",0,"R",0,"R",0
242699, 3,"R",1585,"R",66,"R",1051,"R",468,"R",44,"R",22,"Z",0,"Z",0,"R",0
242699,11,"R",20,"R",1,"R",3,"R",16,"R",1,"R",0,"R",0,"R",0,"R",0
242699,12,"R",121,"R",51,"R",36,"R",34,"R",40,"R",11,"R",0,"R",0,"R",0
242705, 1,"R",4293,"R",92,"R",2686,"R",1515,"R",77,"R",15,"R",0,"R",0,"R",0
242705, 2,"R",4188,"R",87,"R",2659,"R",1442,"R",73,"R",14,"R",0,"R",0,"R",0
242705, 3,"R",4169,"R",84,"R",2655,"R",1430,"R",70,"R",14,"R",0,"R",0,"R",0
242705,11,"R",19,"R",3,"R",4,"R",12,"R",3,"R",0,"R",0,"R",0,"R",0
242705,12,"R",105,"R",5,"R",27,"R",73,"R",4,"R",1,"R",0,"R",0,"R",0
242723, 1,"R",763,"R",3,"R",29,"R",731,"R",2,"R",1,"R",0,"R",0,"R",0
242723,12,"R",763,"R",3,"R",29,"R",731,"R",2,"R",1,"R",0,"R",0,"R",0
242750, 1,"R",61,"A",,"A",,"R",61,"A",,"A",,"A",,"A",,"A",
242750, 2,"R",61,"A",,"A",,"R",61,"A",,"A",,"A",,"A",,"A",
242820, 1,"R",989,"A",,"A",,"R",989,"A",,"A",,"A",,"A",,"A",
242820, 2,"R",989,"A",,"A",,"R",989,"A",,"A",,"A",,"A",,"A",
242945, 1,"R",209,"A",,"A",,"R",209,"A",,"A",,"A",,"A",,"A",
242945, 2,"R",209,"A",,"A",,"R",209,"A",,"A",,"A",,"A",,"A",
242954, 1,"R",74,"A",,"A",,"R",74,"A",,"A",,"A",,"A",,"A",
242954, 2,"R",74,"A",,"A",,"R",74,"A",,"A",,"A",,"A",,"A",
242972, 1,"R",11260,"R",3364,"R",2287,"R",5609,"R",2858,"R",504,"R",2,"R",0,"R",0
242972, 2,"R",10212,"R",2808,"R",2248,"R",5156,"R",2366,"R",440,"R",2,"R",0,"R",0
242972, 3,"R",10203,"R",2802,"R",2248,"R",5153,"R",2362,"R",438,"R",2,"R",0,"R",0
242972,11,"R",9,"R",6,"R",0,"R",3,"R",4,"R",2,"Z",0,"Z",0,"R",0
242972,12,"R",1048,"R",556,"R",39,"R",453,"R",492,"R",64,"Z",0,"Z",0,"R",0
243081, 1,"R",1074,"A",,"A",,"R",1074,"A",,"A",,"A",,"A",,"A",
243081, 2,"R",23,"A",,"A",,"R",23,"A",,"A",,"A",,"A",,"A",
243081, 3,"R",23,"A",,"A",,"R",23,"A",,"A",,"A",,"A",,"A",
243081,12,"R",1051,"A",,"A",,"R",1051,"A",,"A",,"A",,"A",,"A",
243106, 1,"R",3139,"Z",0,"R",515,"R",2624,"A",,"A",,"A",,"A",,"A",
243106, 2,"R",3139,"Z",0,"R",515,"R",2624,"A",,"A",,"A",,"A",,"A",
243106, 3,"R",3046,"Z",0,"R",511,"R",2535,"A",,"A",,"A",,"A",,"A",
243106,11,"R",93,"Z",0,"R",4,"R",89,"A",,"A",,"A",,"A",,"A",
243115, 1,"R",3638,"R",0,"R",723,"R",2915,"A",,"A",,"A",,"A",,"A",
243115, 2,"R",3638,"R",0,"R",723,"R",2915,"A",,"A",,"A",,"A",,"A",
243115, 3,"R",3617,"R",0,"R",723,"R",2894,"A",,"A",,"A",,"A",,"A",
243115,11,"R",21,"R",0,"R",0,"R",21,"A",,"A",,"A",,"A",,"A",
243133, 1,"R",4190,"R",0,"R",647,"R",3543,"A",,"A",,"A",,"A",,"A",
243133, 2,"R",4190,"R",0,"R",647,"R",3543,"A",,"A",,"A",,"A",,"A",
243133, 3,"R",4190,"R",0,"R",647,"R",3543,"A",,"A",,"A",,"A",,"A",
243142, 1,"R",3392,"R",36,"R",48,"R",3308,"R",12,"R",0,"R",0,"R",0,"R",24
243142, 2,"R",3392,"R",36,"R",48,"R",3308,"R",12,"R",0,"R",0,"R",0,"R",24
243142, 3,"R",3262,"R",31,"R",40,"R",3191,"R",8,"R",0,"R",0,"R",0,"R",23
243142,11,"R",130,"R",5,"R",8,"R",117,"R",4,"R",0,"R",0,"R",0,"R",1
243151, 1,"R",3107,"A",,"A",,"R",3107,"A",,"A",,"A",,"A",,"A",
243151, 2,"R",3107,"A",,"A",,"R",3107,"A",,"A",,"A",,"A",,"A",
243151, 3,"R",3064,"A",,"A",,"R",3064,"A",,"A",,"A",,"A",,"A",
243151,11,"R",43,"A",,"A",,"R",43,"A",,"A",,"A",,"A",,"A",
243179, 1,"R",3300,"A",,"A",,"R",3300,"A",,"A",,"A",,"A",,"A",
243179, 2,"R",3300,"A",,"A",,"R",3300,"A",,"A",,"A",,"A",,"A",
243179, 3,"R",3249,"A",,"A",,"R",3249,"A",,"A",,"A",,"A",,"A",
243179,11,"R",51,"A",,"A",,"R",51,"A",,"A",,"A",,"A",,"A",
243188, 1,"R",842,"A",,"A",,"R",842,"A",,"A",,"A",,"A",,"A",
243188, 2,"R",842,"A",,"A",,"R",842,"A",,"A",,"A",,"A",,"A",
243188, 3,"R",831,"A",,"A",,"R",831,"A",,"A",,"A",,"A",,"A",
243188,11,"R",11,"A",,"A",,"R",11,"A",,"A",,"A",,"A",,"A",
243197, 1,"R",13224,"R",7,"R",772,"R",12445,"R",0,"R",0,"R",0,"R",0,"R",7
243197, 2,"R",12321,"R",6,"R",762,"R",11553,"R",0,"R",0,"R",0,"R",0,"R",6
243197, 3,"R",12060,"R",4,"R",756,"R",11300,"R",0,"R",0,"R",0,"R",0,"R",4
243197,11,"R",261,"R",2,"R",6,"R",253,"R",0,"R",0,"R",0,"R",0,"R",2
243197,12,"R",903,"R",1,"R",10,"R",892,"R",0,"R",0,"R",0,"R",0,"R",1
243203, 1,"R",2253,"Z",0,"R",666,"R",1587,"A",,"A",,"A",,"A",,"A",
243203, 2,"R",346,"Z",0,"R",72,"R",274,"A",,"A",,"A",,"A",,"A",
243203, 3,"R",346,"Z",0,"R",72,"R",274,"A",,"A",,"A",,"A",,"A",
243203,12,"R",1907,"Z",0,"R",594,"R",1313,"A",,"A",,"A",,"A",,"A",
243212, 1,"R",2828,"A",,"A",,"R",2828,"A",,"A",,"A",,"A",,"A",
243212, 2,"R",2828,"A",,"A",,"R",2828,"A",,"A",,"A",,"A",,"A",
243212, 3,"R",2828,"A",,"A",,"R",2828,"A",,"A",,"A",,"A",,"A",
243221, 1,"R",14932,"R",5,"R",0,"R",14927,"R",4,"Z",0,"R",1,"Z",0,"R",0
243221, 2,"R",11657,"A",,"A",,"R",11657,"A",,"A",,"A",,"A",,"A",
243221, 3,"R",11503,"A",,"A",,"R",11503,"A",,"A",,"A",,"A",,"A",
243221,11,"R",154,"A",,"A",,"R",154,"A",,"A",,"A",,"A",,"A",
243221,12,"R",3275,"R",5,"R",0,"R",3270,"R",4,"Z",0,"R",1,"Z",0,"R",0
243346, 1,"R",10330,"R",0,"R",586,"R",9744,"A",,"A",,"A",,"A",,"A",
243346, 2,"R",8794,"R",0,"R",560,"R",8234,"A",,"A",,"A",,"A",,"A",
243346, 3,"R",8794,"R",0,"R",560,"R",8234,"A",,"A",,"A",,"A",,"A",
243346,12,"R",1536,"R",0,"R",26,"R",1510,"A",,"A",,"A",,"A",,"A",
243443, 1,"R",4469,"R",681,"R",2202,"R",1586,"Z",0,"R",681,"Z",0,"Z",0,"R",0
243443, 2,"R",4239,"R",681,"R",2194,"R",1364,"Z",0,"R",681,"Z",0,"Z",0,"R",0
243443, 3,"R",4184,"R",681,"R",2179,"R",1324,"Z",0,"R",681,"Z",0,"Z",0,"R",0
243443,11,"R",55,"Z",0,"R",15,"R",40,"A",,"A",,"A",,"A",,"A",
243443,12,"R",230,"Z",0,"R",8,"R",222,"A",,"A",,"A",,"A",,"A",
243498, 1,"R",166,"A",,"A",,"R",166,"A",,"A",,"A",,"A",,"A",
243498,12,"R",166,"A",,"A",,"R",166,"A",,"A",,"A",,"A",,"A",
243568, 1,"R",489,"A",,"A",,"R",489,"A",,"A",,"A",,"A",,"A",
243568, 2,"R",127,"A",,"A",,"R",127,"A",,"A",,"A",,"A",,"A",
243568, 3,"R",127,"A",,"A",,"R",127,"A",,"A",,"A",,"A",,"A",
243568,12,"R",362,"A",,"A",,"R",362,"A",,"A",,"A",,"A",,"A",
243577, 1,"R",4231,"R",359,"R",942,"R",2930,"R",316,"R",41,"R",0,"R",2,"R",0
243577, 2,"R",3514,"R",96,"R",861,"R",2557,"R",92,"R",4,"R",0,"R",0,"R",0
243577, 3,"R",3471,"R",88,"R",859,"R",2524,"R",84,"R",4,"R",0,"R",0,"R",0
243577,11,"R",43,"R",8,"R",2,"R",33,"R",8,"R",0,"R",0,"R",0,"R",0
243577,12,"R",717,"R",263,"R",81,"R",373,"R",224,"R",37,"R",0,"R",2,"R",0
243586, 1,"R",1273,"R",29,"R",378,"R",866,"R",28,"R",1,"R",0,"R",0,"R",0
243586, 2,"R",1160,"R",27,"R",344,"R",789,"R",26,"R",1,"R",0,"R",0,"R",0
243586, 3,"R",1155,"R",26,"R",343,"R",786,"R",25,"R",1,"R",0,"R",0,"R",0
243586,11,"R",5,"R",1,"R",1,"R",3,"R",1,"R",0,"R",0,"R",0,"R",0
243586,12,"R",113,"R",2,"R",34,"R",77,"R",2,"R",0,"R",0,"R",0,"R",0
243601, 1,"R",15699,"R",103,"R",805,"R",14791,"R",80,"R",22,"R",0,"R",1,"R",0
243601, 2,"R",12734,"R",0,"R",676,"R",12058,"A",,"A",,"A",,"A",,"A",
243601, 3,"R",12734,"R",0,"R",676,"R",12058,"A",,"A",,"A",,"A",,"A",
243601,12,"R",2965,"R",103,"R",129,"R",2733,"R",80,"R",22,"R",0,"R",1,"R",0
243638, 1,"R",1931,"A",,"A",,"R",1931,"A",,"A",,"A",,"A",,"A",
243638, 2,"R",1931,"A",,"A",,"R",1931,"A",,"A",,"A",,"A",,"A",
243638, 3,"R",1929,"A",,"A",,"R",1929,"A",,"A",,"A",,"A",,"A",
243638,11,"R",2,"A",,"A",,"R",2,"A",,"A",,"A",,"A",,"A",
243647, 1,"R",497,"R",0,"R",53,"R",444,"A",,"A",,"A",,"A",,"A",
243647, 2,"R",497,"R",0,"R",53,"R",444,"A",,"A",,"A",,"A",,"A",
243647, 3,"R",475,"R",0,"R",53,"R",422,"A",,"A",,"A",,"A",,"A",
243647,11,"R",22,"R",0,"R",0,"R",22,"A",,"A",,"A",,"A",,"A",
243665, 1,"R",1984,"R",257,"R",740,"R",987,"R",174,"R",32,"R",0,"R",42,"R",9
243665, 2,"R",1737,"R",123,"R",708,"R",906,"R",81,"R",13,"R",0,"R",25,"R",4
243665, 3,"R",1650,"R",112,"R",704,"R",834,"R",70,"R",13,"R",0,"R",25,"R",4
243665,11,"R",87,"R",11,"R",4,"R",72,"R",11,"R",0,"R",0,"R",0,"R",0
243665,12,"R",247,"R",134,"R",32,"R",81,"R",93,"R",19,"R",0,"R",17,"R",5
243744, 1,"R",17381,"R",0,"R",877,"R",16504,"A",,"A",,"A",,"A",,"A",
243744, 2,"R",7087,"A",,"A",,"R",7087,"A",,"A",,"A",,"A",,"A",
243744, 3,"R",7083,"A",,"A",,"R",7083,"A",,"A",,"A",,"A",,"A",
243744,11,"R",4,"A",,"A",,"R",4,"A",,"A",,"A",,"A",,"A",
243744,12,"R",10294,"R",0,"R",877,"R",9417,"A",,"A",,"A",,"A",,"A",
243780, 1,"R",44474,"R",2597,"R",6641,"R",35236,"R",707,"R",1708,"R",63,"R",119,"R",0
243780, 2,"R",33735,"R",441,"R",6218,"R",27076,"R",169,"R",245,"R",18,"R",9,"R",0
243780, 3,"R",33495,"R",403,"R",6209,"R",26883,"R",160,"R",218,"R",16,"R",9,"R",0
243780,11,"R",240,"R",38,"R",9,"R",193,"R",9,"R",27,"R",2,"R",0,"R",0
243780,12,"R",10739,"R",2156,"R",423,"R",8160,"R",538,"R",1463,"R",45,"R",110,"R",0
243799, 1,"R",55,"A",,"A",,"R",55,"A",,"A",,"A",,"A",,"A",
243799, 2,"R",55,"A",,"A",,"R",55,"A",,"A",,"A",,"A",,"A",
243799, 3,"R",55,"A",,"A",,"R",55,"A",,"A",,"A",,"A",,"A",
243823, 1,"R",1435,"R",20,"R",232,"R",1183,"R",12,"R",8,"R",0,"R",0,"R",0
243823, 2,"R",458,"R",9,"R",107,"R",342,"R",7,"R",2,"R",0,"R",0,"R",0
243823, 3,"R",458,"R",9,"R",107,"R",342,"R",7,"R",2,"R",0,"R",0,"R",0
243823,12,"R",977,"R",11,"R",125,"R",841,"R",5,"R",6,"R",0,"R",0,"R",0
243832, 1,"R",2096,"R",668,"R",623,"R",805,"R",138,"R",530,"Z",0,"Z",0,"R",0
243832, 2,"R",1962,"R",653,"R",616,"R",693,"R",124,"R",529,"Z",0,"Z",0,"R",0
243832, 3,"R",1960,"R",652,"R",615,"R",693,"R",123,"R",529,"Z",0,"Z",0,"R",0
243832,11,"R",2,"R",1,"R",1,"R",0,"R",1,"Z",0,"Z",0,"Z",0,"R",0
243832,12,"R",134,"R",15,"R",7,"R",112,"R",14,"R",1,"Z",0,"Z",0,"R",0
243841, 1,"R",562,"R",1,"R",0,"R",561,"R",1,"Z",0,"Z",0,"Z",0,"R",0
243841, 2,"R",562,"R",1,"R",0,"R",561,"R",1,"Z",0,"Z",0,"Z",0,"R",0
243841, 3,"R",562,"R",1,"R",0,"R",561,"R",1,"Z",0,"Z",0,"Z",0,"R",0
244233, 1,"R",303,"R",44,"R",28,"R",231,"R",42,"R",2,"R",0,"R",0,"R",0
244233, 2,"R",303,"R",44,"R",28,"R",231,"R",42,"R",2,"R",0,"R",0,"R",0
244233, 3,"R",303,"R",44,"R",28,"R",231,"R",42,"R",2,"R",0,"R",0,"R",0
244279, 1,"R",233,"A",,"A",,"R",233,"A",,"A",,"A",,"A",,"A",
244279, 2,"R",233,"A",,"A",,"R",233,"A",,"A",,"A",,"A",,"A",
244279, 3,"R",233,"A",,"A",,"R",233,"A",,"A",,"A",,"A",,"A",
244437, 1,"R",18487,"R",3270,"R",4627,"R",10590,"R",3158,"R",110,"R",0,"R",2,"R",0
244437, 2,"R",18487,"R",3270,"R",4627,"R",10590,"R",3158,"R",110,"R",0,"R",2,"R",0
244437, 3,"R",16312,"R",2831,"R",4345,"R",9136,"R",2725,"R",104,"R",0,"R",2,"R",0
244437,11,"R",2175,"R",439,"R",282,"R",1454,"R",433,"R",6,"R",0,"R",0,"R",0
244446, 1,"R",3374,"R",765,"R",1025,"R",1584,"R",760,"R",5,"R",0,"R",0,"R",0
244446, 2,"R",3374,"R",765,"R",1025,"R",1584,"R",760,"R",5,"R",0,"R",0,"R",0
244446, 3,"R",2321,"R",616,"R",763,"R",942,"R",611,"R",5,"R",0,"R",0,"R",0
244446,11,"R",1053,"R",149,"R",262,"R",642,"R",149,"R",0,"R",0,"R",0,"R",0
244561, 1,"R",180,"A",,"A",,"R",180,"A",,"A",,"A",,"A",,"A",
244561, 2,"R",180,"A",,"A",,"R",180,"A",,"A",,"A",,"A",,"A",
244613, 1,"R",257,"A",,"A",,"R",257,"A",,"A",,"A",,"A",,"A",
244613, 2,"R",257,"A",,"A",,"R",257,"A",,"A",,"A",,"A",,"A",
245069, 1,"R",22,"A",,"A",,"R",22,"A",,"A",,"A",,"A",,"A",
245069, 2,"R",22,"A",,"A",,"R",22,"A",,"A",,"A",,"A",,"A",
245281, 1,"R",47,"A",,"A",,"R",47,"A",,"A",,"A",,"A",,"A",
245281, 2,"R",47,"A",,"A",,"R",47,"A",,"A",,"A",,"A",,"A",
245421, 1,"R",32,"A",,"A",,"R",32,"A",,"A",,"A",,"A",,"A",
245421, 2,"R",32,"A",,"A",,"R",32,"A",,"A",,"A",,"A",,"A",
245421, 3,"R",32,"A",,"A",,"R",32,"A",,"A",,"A",,"A",,"A",
245430, 1,"R",48,"A",,"A",,"R",48,"A",,"A",,"A",,"A",,"A",
245430, 2,"R",48,"A",,"A",,"R",48,"A",,"A",,"A",,"A",,"A",
245430, 3,"R",48,"A",,"A",,"R",48,"A",,"A",,"A",,"A",,"A",
245625, 1,"R",3496,"R",97,"R",290,"R",3109,"R",82,"R",15,"Z",0,"Z",0,"R",0
245625, 2,"R",3496,"R",97,"R",290,"R",3109,"R",82,"R",15,"Z",0,"Z",0,"R",0
245625, 3,"R",1024,"R",78,"R",209,"R",737,"R",68,"R",10,"Z",0,"Z",0,"R",0
245625,11,"R",2472,"R",19,"R",81,"R",2372,"R",14,"R",5,"Z",0,"Z",0,"R",0
245652, 1,"R",371,"A",,"A",,"R",371,"A",,"A",,"A",,"A",,"A",
245652, 2,"R",320,"A",,"A",,"R",320,"A",,"A",,"A",,"A",,"A",
245652, 3,"R",320,"A",,"A",,"R",320,"A",,"A",,"A",,"A",,"A",
245652,12,"R",51,"A",,"A",,"R",51,"A",,"A",,"A",,"A",,"A",
245777, 1,"R",69,"A",,"A",,"R",69,"A",,"A",,"A",,"A",,"A",
245777, 2,"R",44,"A",,"A",,"R",44,"A",,"A",,"A",,"A",,"A",
245777, 3,"R",44,"A",,"A",,"R",44,"A",,"A",,"A",,"A",,"A",
245777,12,"R",25,"A",,"A",,"R",25,"A",,"A",,"A",,"A",,"A",
245838, 1,"R",802,"Z",0,"R",15,"R",787,"A",,"A",,"A",,"A",,"A",
245838, 2,"R",156,"Z",0,"Z",0,"R",156,"A",,"A",,"A",,"A",,"A",
245838, 3,"R",130,"Z",0,"Z",0,"R",130,"A",,"A",,"A",,"A",,"A",
245838,11,"R",26,"Z",0,"Z",0,"R",26,"A",,"A",,"A",,"A",,"A",
245838,12,"R",646,"Z",0,"R",15,"R",631,"A",,"A",,"A",,"A",,"A",
245847, 1,"R",344,"R",0,"R",24,"R",320,"A",,"A",,"A",,"A",,"A",
245847, 2,"R",87,"R",0,"Z",0,"R",87,"A",,"A",,"A",,"A",,"A",
245847, 3,"R",87,"R",0,"Z",0,"R",87,"A",,"A",,"A",,"A",,"A",
245847,12,"R",257,"Z",0,"R",24,"R",233,"A",,"A",,"A",,"A",,"A",
245865, 1,"R",845,"Z",0,"R",267,"R",578,"A",,"A",,"A",,"A",,"A",
245865,12,"R",845,"Z",0,"R",267,"R",578,"A",,"A",,"A",,"A",,"A",
245883, 1,"R",605,"R",0,"Z",0,"R",605,"A",,"A",,"A",,"A",,"A",
245883, 2,"R",82,"R",0,"Z",0,"R",82,"A",,"A",,"A",,"A",,"A",
245883, 3,"R",82,"R",0,"Z",0,"R",82,"A",,"A",,"A",,"A",,"A",
245883,12,"R",523,"R",0,"Z",0,"R",523,"A",,"A",,"A",,"A",,"A",
245892, 1,"R",118,"R",18,"R",21,"R",79,"R",13,"R",5,"Z",0,"Z",0,"R",0
245892, 2,"R",39,"R",3,"R",5,"R",31,"R",3,"Z",0,"Z",0,"Z",0,"R",0
245892, 3,"R",39,"R",3,"R",5,"R",31,"R",3,"Z",0,"Z",0,"Z",0,"R",0
245892,12,"R",79,"R",15,"R",16,"R",48,"R",10,"R",5,"Z",0,"Z",0,"R",0
245953, 1,"R",1938,"R",1249,"Z",0,"R",689,"R",912,"R",325,"R",0,"R",12,"R",0
245953, 2,"R",1462,"R",883,"Z",0,"R",579,"R",645,"R",235,"R",0,"R",3,"R",0
245953, 3,"R",1426,"R",866,"Z",0,"R",560,"R",633,"R",230,"R",0,"R",3,"R",0
245953,11,"R",36,"R",17,"Z",0,"R",19,"R",12,"R",5,"R",0,"R",0,"R",0
245953,12,"R",476,"R",366,"Z",0,"R",110,"R",267,"R",90,"R",0,"R",9,"R",0
245962, 1,"R",268,"A",,"A",,"R",268,"A",,"A",,"A",,"A",,"A",
245962, 2,"R",268,"A",,"A",,"R",268,"A",,"A",,"A",,"A",,"A",
245962, 3,"R",268,"A",,"A",,"R",268,"A",,"A",,"A",,"A",,"A",
245980, 1,"R",36,"A",,"A",,"R",36,"A",,"A",,"A",,"A",,"A",
245980, 2,"R",36,"A",,"A",,"R",36,"A",,"A",,"A",,"A",,"A",
245999, 1,"R",1945,"R",0,"R",0,"R",1945,"A",,"A",,"A",,"A",,"A",
245999, 2,"R",1945,"R",0,"R",0,"R",1945,"A",,"A",,"A",,"A",,"A",
245999, 3,"R",708,"R",0,"R",0,"R",708,"A",,"A",,"A",,"A",,"A",
245999,11,"R",1237,"R",0,"R",0,"R",1237,"A",,"A",,"A",,"A",,"A",
246017, 1,"R",371,"A",,"A",,"R",371,"A",,"A",,"A",,"A",,"A",
246017, 2,"R",371,"A",,"A",,"R",371,"A",,"A",,"A",,"A",,"A",
246017, 3,"R",371,"A",,"A",,"R",371,"A",,"A",,"A",,"A",,"A",
246035, 1,"R",234,"R",0,"R",130,"R",104,"A",,"A",,"A",,"A",,"A",
246035, 2,"R",234,"R",0,"R",130,"R",104,"A",,"A",,"A",,"A",,"A",
246071, 1,"R",59,"A",,"A",,"R",59,"A",,"A",,"A",,"A",,"A",
246071, 2,"R",59,"A",,"A",,"R",59,"A",,"A",,"A",,"A",,"A",
246071, 3,"R",59,"A",,"A",,"R",59,"A",,"A",,"A",,"A",,"A",
246345, 1,"R",132,"A",,"A",,"R",132,"A",,"A",,"A",,"A",,"A",
246345,12,"R",132,"A",,"A",,"R",132,"A",,"A",,"A",,"A",,"A",
246354, 1,"R",9852,"R",2748,"R",1820,"R",5284,"R",2677,"R",57,"R",0,"R",14,"R",0
246354, 2,"R",9852,"R",2748,"R",1820,"R",5284,"R",2677,"R",57,"R",0,"R",14,"R",0
246354, 3,"R",6775,"R",2267,"R",1193,"R",3315,"R",2242,"R",20,"R",0,"R",5,"R",0
246354,11,"R",3077,"R",481,"R",627,"R",1969,"R",435,"R",37,"R",0,"R",9,"R",0
246406, 1,"R",31,"A",,"A",,"R",31,"A",,"A",,"A",,"A",,"A",
246406, 2,"R",31,"A",,"A",,"R",31,"A",,"A",,"A",,"A",,"A",
246415, 1,"R",60,"A",,"A",,"R",60,"A",,"A",,"A",,"A",,"A",
246415, 2,"R",60,"A",,"A",,"R",60,"A",,"A",,"A",,"A",,"A",
246460, 1,"R",156,"A",,"A",,"R",156,"A",,"A",,"A",,"A",,"A",
246460, 2,"R",156,"A",,"A",,"R",156,"A",,"A",,"A",,"A",,"A",
246789, 1,"R",104,"R",16,"R",20,"R",68,"R",2,"R",3,"R",0,"R",11,"R",0
246789,12,"R",104,"R",16,"R",20,"R",68,"R",2,"R",3,"R",0,"R",11,"R",0
246813, 1,"R",4567,"R",400,"R",940,"R",3227,"R",398,"R",2,"R",0,"R",0,"R",0
246813, 2,"R",4567,"R",400,"R",940,"R",3227,"R",398,"R",2,"R",0,"R",0,"R",0
246813, 3,"R",3732,"R",288,"R",785,"R",2659,"R",286,"R",2,"R",0,"R",0,"R",0
246813,11,"R",835,"R",112,"R",155,"R",568,"R",112,"R",0,"R",0,"R",0,"R",0
246895, 1,"R",631,"A",,"A",,"R",631,"A",,"A",,"A",,"A",,"A",
246895, 2,"R",631,"A",,"A",,"R",631,"A",,"A",,"A",,"A",,"A",
246895, 3,"R",631,"A",,"A",,"R",631,"A",,"A",,"A",,"A",,"A",
246974, 1,"R",251,"Z",0,"R",61,"R",190,"A",,"A",,"A",,"A",,"A",
246974, 2,"R",251,"Z",0,"R",61,"R",190,"A",,"A",,"A",,"A",,"A",
246974, 3,"R",251,"Z",0,"R",61,"R",190,"A",,"A",,"A",,"A",,"A",
247010, 1,"R",37,"A",,"A",,"R",37,"A",,"A",,"A",,"A",,"A",
247010, 2,"R",37,"A",,"A",,"R",37,"A",,"A",,"A",,"A",,"A",
247047, 1,"R",69,"A",,"A",,"R",69,"A",,"A",,"A",,"A",,"A",
247047, 2,"R",69,"A",,"A",,"R",69,"A",,"A",,"A",,"A",,"A",
247065, 1,"R",687,"R",120,"R",567,"R",0,"R",51,"R",69,"R",0,"R",0,"R",0
247065, 2,"R",687,"R",120,"R",567,"R",0,"R",51,"R",69,"R",0,"R",0,"R",0
247065, 3,"R",687,"R",120,"R",567,"R",0,"R",51,"R",69,"R",0,"R",0,"R",0
247153, 1,"R",290,"A",,"A",,"R",290,"A",,"A",,"A",,"A",,"A",
247153, 2,"R",290,"A",,"A",,"R",290,"A",,"A",,"A",,"A",,"A",
247162, 1,"R",14,"R",0,"R",0,"R",14,"A",,"A",,"A",,"A",,"A",
247162, 2,"R",10,"A",,"A",,"R",10,"A",,"A",,"A",,"A",,"A",
247162, 3,"R",5,"A",,"A",,"R",5,"A",,"A",,"A",,"A",,"A",
247162,11,"R",5,"A",,"A",,"R",5,"A",,"A",,"A",,"A",,"A",
247162,12,"R",4,"R",0,"Z",0,"R",4,"A",,"A",,"A",,"A",,"A",
247409, 1,"R",92,"A",,"A",,"R",92,"A",,"A",,"A",,"A",,"A",
247409, 2,"R",92,"A",,"A",,"R",92,"A",,"A",,"A",,"A",,"A",
247603, 1,"R",2300,"R",376,"R",889,"R",1035,"R",343,"R",33,"R",0,"R",0,"R",0
247603, 2,"R",2300,"R",376,"R",889,"R",1035,"R",343,"R",33,"R",0,"R",0,"R",0
247603, 3,"R",1925,"R",331,"R",885,"R",709,"R",302,"R",29,"R",0,"R",0,"R",0
247603,11,"R",375,"R",45,"R",4,"R",326,"R",41,"R",4,"R",0,"R",0,"R",0
247649, 1,"R",519,"R",126,"R",0,"R",393,"R",3,"R",48,"R",75,"R",0,"R",0
247649, 2,"R",489,"R",96,"R",0,"R",393,"R",0,"R",21,"R",75,"R",0,"R",0
247649, 3,"R",393,"R",0,"R",0,"R",393,"A",,"A",,"A",,"A",,"A",
247649,11,"R",96,"R",96,"R",0,"R",0,"R",0,"R",21,"R",75,"R",0,"R",0
247649,12,"R",30,"R",30,"R",0,"R",0,"R",3,"R",27,"R",0,"R",0,"R",0
247700, 1,"R",83,"R",50,"R",8,"R",25,"R",35,"R",15,"Z",0,"Z",0,"R",0
247700, 2,"R",83,"R",50,"R",8,"R",25,"R",35,"R",15,"Z",0,"Z",0,"R",0
247700, 3,"R",83,"R",50,"R",8,"R",25,"R",35,"R",15,"Z",0,"Z",0,"R",0
247773, 1,"R",65,"A",,"A",,"R",65,"A",,"A",,"A",,"A",,"A",
247773, 2,"R",58,"A",,"A",,"R",58,"A",,"A",,"A",,"A",,"A",
247773, 3,"R",58,"A",,"A",,"R",58,"A",,"A",,"A",,"A",,"A",
247773,12,"R",7,"A",,"A",,"R",7,"A",,"A",,"A",,"A",,"A",
247825, 1,"R",37,"R",7,"R",4,"R",26,"R",6,"R",1,"Z",0,"Z",0,"R",0
247825, 2,"R",26,"R",7,"R",4,"R",15,"R",6,"R",1,"Z",0,"Z",0,"R",0
247825, 3,"R",26,"R",7,"R",4,"R",15,"R",6,"R",1,"Z",0,"Z",0,"R",0
247825,12,"R",11,"A",,"A",,"R",11,"A",,"A",,"A",,"A",,"A",
247834, 1,"R",33668,"R",3182,"R",5169,"R",25317,"R",3162,"R",20,"R",0,"R",0,"R",0
247834, 2,"R",33668,"R",3182,"R",5169,"R",25317,"R",3162,"R",20,"R",0,"R",0,"R",0
247834, 3,"R",26011,"R",3015,"R",4837,"R",18159,"R",2995,"R",20,"R",0,"R",0,"R",0
247834,11,"R",7657,"R",167,"R",332,"R",7158,"R",167,"R",0,"R",0,"R",0,"R",0
247940, 1,"R",3940,"R",737,"R",1136,"R",2067,"R",681,"R",56,"R",0,"R",0,"R",0
247940, 2,"R",3940,"R",737,"R",1136,"R",2067,"R",681,"R",56,"R",0,"R",0,"R",0
247940, 3,"R",2448,"R",585,"R",913,"R",950,"R",537,"R",48,"R",0,"R",0,"R",0
247940,11,"R",1492,"R",152,"R",223,"R",1117,"R",144,"R",8,"R",0,"R",0,"R",0
248192, 1,"R",40,"A",,"A",,"R",40,"A",,"A",,"A",,"A",,"A",
248192, 2,"R",40,"A",,"A",,"R",40,"A",,"A",,"A",,"A",,"A",
248305, 1,"R",76,"A",,"A",,"R",76,"A",,"A",,"A",,"A",,"A",
248305, 2,"R",76,"A",,"A",,"R",76,"A",,"A",,"A",,"A",,"A",
248527, 1,"R",44,"A",,"A",,"R",44,"A",,"A",,"A",,"A",,"A",
248527, 2,"R",44,"A",,"A",,"R",44,"A",,"A",,"A",,"A",,"A",
248606, 1,"R",1686,"A",,"A",,"R",1686,"A",,"A",,"A",,"A",,"A",
248606, 2,"R",1686,"A",,"A",,"R",1686,"A",,"A",,"A",,"A",,"A",
248606, 3,"R",551,"A",,"A",,"R",551,"A",,"A",,"A",,"A",,"A",
248606,11,"R",1135,"A",,"A",,"R",1135,"A",,"A",,"A",,"A",,"A",
248624, 1,"R",88,"A",,"A",,"R",88,"A",,"A",,"A",,"A",,"A",
248624, 2,"R",88,"A",,"A",,"R",88,"A",,"A",,"A",,"A",,"A",
248624, 3,"R",88,"A",,"A",,"R",88,"A",,"A",,"A",,"A",,"A",
248633, 1,"R",74,"A",,"A",,"R",74,"A",,"A",,"A",,"A",,"A",
248633, 2,"R",74,"A",,"A",,"R",74,"A",,"A",,"A",,"A",,"A",
248633, 3,"R",74,"A",,"A",,"R",74,"A",,"A",,"A",,"A",,"A",
248660, 1,"R",177,"A",,"A",,"R",177,"A",,"A",,"A",,"A",,"A",
248660, 2,"R",177,"A",,"A",,"R",177,"A",,"A",,"A",,"A",,"A",
248703, 1,"R",162,"A",,"A",,"R",162,"A",,"A",,"A",,"A",,"A",
248703, 2,"R",162,"A",,"A",,"R",162,"A",,"A",,"A",,"A",,"A",
248846, 1,"R",66,"R",0,"R",4,"R",62,"A",,"A",,"A",,"A",,"A",
248846, 2,"R",66,"R",0,"R",4,"R",62,"A",,"A",,"A",,"A",,"A",
248846, 3,"R",66,"R",0,"R",4,"R",62,"A",,"A",,"A",,"A",,"A",
248925, 1,"R",888,"A",,"A",,"R",888,"A",,"A",,"A",,"A",,"A",
248925, 2,"R",888,"A",,"A",,"R",888,"A",,"A",,"A",,"A",,"A",
248925, 3,"R",888,"A",,"A",,"R",888,"A",,"A",,"A",,"A",,"A",
248934, 1,"R",12947,"R",2966,"R",4181,"R",5800,"R",950,"R",2001,"R",13,"R",2,"R",0
248934, 2,"R",12704,"R",2807,"R",4161,"R",5736,"R",895,"R",1898,"R",12,"R",2,"R",0
248934, 3,"R",12567,"R",2806,"R",4146,"R",5615,"R",895,"R",1897,"R",12,"R",2,"R",0
248934,11,"R",137,"R",1,"R",15,"R",121,"R",0,"R",1,"R",0,"R",0,"R",0
248934,12,"R",243,"R",159,"R",20,"R",64,"R",55,"R",103,"R",1,"R",0,"R",0
249140, 1,"R",195,"A",,"A",,"R",195,"A",,"A",,"A",,"A",,"A",
249140, 2,"R",195,"A",,"A",,"R",195,"A",,"A",,"A",,"A",,"A",
249238, 1,"R",471,"A",,"A",,"R",471,"A",,"A",,"A",,"A",,"A",
249238, 2,"R",471,"A",,"A",,"R",471,"A",,"A",,"A",,"A",,"A",
249566, 1,"R",318,"A",,"A",,"R",318,"A",,"A",,"A",,"A",,"A",
249566, 2,"R",318,"A",,"A",,"R",318,"A",,"A",,"A",,"A",,"A",
249609, 1,"R",164,"A",,"A",,"R",164,"A",,"A",,"A",,"A",,"A",
249609, 2,"R",164,"A",,"A",,"R",164,"A",,"A",,"A",,"A",,"A",
249609, 3,"R",164,"A",,"A",,"R",164,"A",,"A",,"A",,"A",,"A",
250027, 1,"R",232,"R",0,"R",110,"R",122,"A",,"A",,"A",,"A",,"A",
250027, 2,"R",232,"R",0,"R",110,"R",122,"A",,"A",,"A",,"A",,"A",
250027, 3,"R",230,"R",0,"R",110,"R",120,"A",,"A",,"A",,"A",,"A",
250027,11,"R",2,"R",0,"R",0,"R",2,"A",,"A",,"A",,"A",,"A",
250285, 1,"R",300,"A",,"A",,"R",300,"A",,"A",,"A",,"A",,"A",
250285, 2,"R",300,"A",,"A",,"R",300,"A",,"A",,"A",,"A",,"A",
250601, 1,"R",312,"Z",0,"R",136,"R",176,"A",,"A",,"A",,"A",,"A",
250601, 2,"R",312,"Z",0,"R",136,"R",176,"A",,"A",,"A",,"A",,"A",
250601, 3,"R",312,"Z",0,"R",136,"R",176,"A",,"A",,"A",,"A",,"A",
250744, 1,"R",440,"A",,"A",,"R",440,"A",,"A",,"A",,"A",,"A",
250744, 2,"R",440,"A",,"A",,"R",440,"A",,"A",,"A",,"A",,"A",
250902, 1,"R",75,"A",,"A",,"R",75,"A",,"A",,"A",,"A",,"A",
250902, 2,"R",75,"A",,"A",,"R",75,"A",,"A",,"A",,"A",,"A",
250993, 1,"R",512,"A",,"A",,"R",512,"A",,"A",,"A",,"A",,"A",
250993, 2,"R",512,"A",,"A",,"R",512,"A",,"A",,"A",,"A",,"A",
250993, 3,"R",512,"A",,"A",,"R",512,"A",,"A",,"A",,"A",,"A",
251260, 1,"R",4531,"R",287,"R",1033,"R",3211,"R",266,"R",21,"R",0,"R",0,"R",0
251260, 2,"R",4531,"R",287,"R",1033,"R",3211,"R",266,"R",21,"R",0,"R",0,"R",0
251260, 3,"R",4063,"R",217,"R",1012,"R",2834,"R",206,"R",11,"R",0,"R",0,"R",0
251260,11,"R",468,"R",70,"R",21,"R",377,"R",60,"R",10,"R",0,"R",0,"R",0
251312, 1,"R",983,"R",0,"R",469,"R",514,"A",,"A",,"A",,"A",,"A",
251312, 2,"R",675,"R",0,"R",391,"R",284,"A",,"A",,"A",,"A",,"A",
251312, 3,"R",675,"R",0,"R",391,"R",284,"A",,"A",,"A",,"A",,"A",
251312,12,"R",308,"R",0,"R",78,"R",230,"A",,"A",,"A",,"A",,"A",
260336, 1,"R",20,"A",,"A",,"R",20,"A",,"A",,"A",,"A",,"A",
260336, 2,"R",20,"A",,"A",,"R",20,"A",,"A",,"A",,"A",,"A",
260336, 3,"R",20,"A",,"A",,"R",20,"A",,"A",,"A",,"A",,"A",
260363, 1,"R",19,"A",,"A",,"R",19,"A",,"A",,"A",,"A",,"A",
260363, 2,"R",19,"A",,"A",,"R",19,"A",,"A",,"A",,"A",,"A",
260363, 3,"R",19,"A",,"A",,"R",19,"A",,"A",,"A",,"A",,"A",
260372, 1,"R",231,"R",16,"R",147,"R",68,"R",16,"R",0,"R",0,"R",0,"R",0
260372, 2,"R",231,"R",16,"R",147,"R",68,"R",16,"R",0,"R",0,"R",0,"R",0
260372, 3,"R",186,"R",14,"R",147,"R",25,"R",14,"R",0,"R",0,"R",0,"R",0
260372,11,"R",45,"R",2,"R",0,"R",43,"R",2,"R",0,"R",0,"R",0,"R",0
260664, 1,"R",212,"A",,"A",,"R",212,"A",,"A",,"A",,"A",,"A",
260664, 2,"R",212,"A",,"A",,"R",212,"A",,"A",,"A",,"A",,"A",
260691, 1,"R",708,"R",0,"R",0,"R",708,"A",,"A",,"A",,"A",,"A",
260691, 2,"R",708,"R",0,"R",0,"R",708,"A",,"A",,"A",,"A",,"A",
260691, 3,"R",708,"R",0,"R",0,"R",708,"A",,"A",,"A",,"A",,"A",
260789, 1,"R",570,"R",185,"R",0,"R",385,"R",180,"R",5,"Z",0,"Z",0,"R",0
260789, 2,"R",570,"R",185,"R",0,"R",385,"R",180,"R",5,"Z",0,"Z",0,"R",0
260789, 3,"R",570,"R",185,"R",0,"R",385,"R",180,"R",5,"Z",0,"Z",0,"R",0
260813, 1,"R",239,"A",,"A",,"R",239,"A",,"A",,"A",,"A",,"A",
260813, 2,"R",239,"A",,"A",,"R",239,"A",,"A",,"A",,"A",,"A",
260813, 3,"R",239,"A",,"A",,"R",239,"A",,"A",,"A",,"A",,"A",
260901, 1,"R",30512,"R",30512,"Z",0,"R",0,"R",278,"R",30030,"Z",0,"R",204,"R",0
260901, 2,"R",23186,"R",23186,"Z",0,"R",0,"R",207,"R",22842,"Z",0,"R",137,"R",0
260901, 3,"R",23042,"R",23042,"Z",0,"R",0,"R",207,"R",22699,"Z",0,"R",136,"R",0
260901,11,"R",144,"R",144,"Z",0,"R",0,"Z",0,"R",143,"Z",0,"R",1,"R",0
260901,12,"R",7326,"R",7326,"Z",0,"R",0,"R",71,"R",7188,"Z",0,"R",67,"R",0
260910, 1,"R",149,"R",130,"R",3,"R",16,"R",121,"R",9,"Z",0,"Z",0,"R",0
260910, 2,"R",120,"R",101,"R",3,"R",16,"R",94,"R",7,"Z",0,"Z",0,"R",0
260910, 3,"R",119,"R",100,"R",3,"R",16,"R",94,"R",6,"Z",0,"Z",0,"R",0
260910,11,"R",1,"R",1,"Z",0,"R",0,"Z",0,"R",1,"Z",0,"Z",0,"R",0
260910,12,"R",29,"R",29,"Z",0,"R",0,"R",27,"R",2,"Z",0,"Z",0,"R",0
260929, 1,"R",265,"A",,"A",,"R",265,"A",,"A",,"A",,"A",,"A",
260929, 2,"R",265,"A",,"A",,"R",265,"A",,"A",,"A",,"A",,"A",
260965, 1,"R",67,"A",,"A",,"R",67,"A",,"A",,"A",,"A",,"A",
260965, 2,"R",67,"A",,"A",,"R",67,"A",,"A",,"A",,"A",,"A",
260992, 1,"R",597,"R",106,"R",199,"R",292,"R",101,"R",5,"R",0,"R",0,"R",0
260992, 2,"R",597,"R",106,"R",199,"R",292,"R",101,"R",5,"R",0,"R",0,"R",0
260992, 3,"R",597,"R",106,"R",199,"R",292,"R",101,"R",5,"R",0,"R",0,"R",0
261436, 1,"R",793,"A",,"A",,"R",793,"A",,"A",,"A",,"A",,"A",
261436, 2,"R",793,"A",,"A",,"R",793,"A",,"A",,"A",,"A",,"A",
261676, 1,"R",60,"A",,"A",,"R",60,"A",,"A",,"A",,"A",,"A",
261676, 2,"R",60,"A",,"A",,"R",60,"A",,"A",,"A",,"A",,"A",
261685, 1,"R",73,"A",,"A",,"R",73,"A",,"A",,"A",,"A",,"A",
261685, 2,"R",73,"A",,"A",,"R",73,"A",,"A",,"A",,"A",,"A",
261719, 1,"R",166,"A",,"A",,"R",166,"A",,"A",,"A",,"A",,"A",
261719, 2,"R",166,"A",,"A",,"R",166,"A",,"A",,"A",,"A",,"A",
261773, 1,"R",33,"A",,"A",,"R",33,"A",,"A",,"A",,"A",,"A",
261773, 2,"R",33,"A",,"A",,"R",33,"A",,"A",,"A",,"A",,"A",
261773, 3,"R",33,"A",,"A",,"R",33,"A",,"A",,"A",,"A",,"A",
261861, 1,"R",88,"R",0,"R",5,"R",83,"A",,"A",,"A",,"A",,"A",
261861, 2,"R",88,"R",0,"R",5,"R",83,"A",,"A",,"A",,"A",,"A",
261861, 3,"R",88,"R",0,"R",5,"R",83,"A",,"A",,"A",,"A",,"A",
262022, 1,"R",161,"R",18,"R",22,"R",121,"R",15,"R",3,"R",0,"R",0,"R",0
262022,12,"R",161,"R",18,"R",22,"R",121,"R",15,"R",3,"R",0,"R",0,"R",0
262031, 1,"R",6269,"R",756,"R",1333,"R",4180,"R",753,"R",3,"R",0,"R",0,"R",0
262031, 2,"R",6269,"R",756,"R",1333,"R",4180,"R",753,"R",3,"R",0,"R",0,"R",0
262031, 3,"R",5745,"R",621,"R",1278,"R",3846,"R",618,"R",3,"R",0,"R",0,"R",0
262031,11,"R",524,"R",135,"R",55,"R",334,"R",135,"R",0,"R",0,"R",0,"R",0
262086, 1,"R",8736,"R",6199,"R",1832,"R",705,"R",4499,"R",1662,"R",30,"R",8,"R",0
262086, 2,"R",4246,"R",3308,"R",773,"R",165,"R",2059,"R",1230,"R",16,"R",3,"R",0
262086, 3,"R",4062,"R",3197,"R",745,"R",120,"R",1990,"R",1188,"R",16,"R",3,"R",0
262086,11,"R",184,"R",111,"R",28,"R",45,"R",69,"R",42,"Z",0,"Z",0,"R",0
262086,12,"R",4490,"R",2891,"R",1059,"R",540,"R",2440,"R",432,"R",14,"R",5,"R",0
262129, 1,"R",837,"A",,"A",,"R",837,"A",,"A",,"A",,"A",,"A",
262129, 2,"R",808,"A",,"A",,"R",808,"A",,"A",,"A",,"A",,"A",
262129, 3,"R",808,"A",,"A",,"R",808,"A",,"A",,"A",,"A",,"A",
262129,12,"R",29,"A",,"A",,"R",29,"A",,"A",,"A",,"A",,"A",
262341, 1,"R",568,"A",,"A",,"R",568,"A",,"A",,"A",,"A",,"A",
262341, 2,"R",568,"A",,"A",,"R",568,"A",,"A",,"A",,"A",,"A",
262369, 1,"R",101,"A",,"A",,"R",101,"A",,"A",,"A",,"A",,"A",
262369, 2,"R",101,"A",,"A",,"R",101,"A",,"A",,"A",,"A",,"A",
262402, 1,"R",79,"A",,"A",,"R",79,"A",,"A",,"A",,"A",,"A",
262402, 2,"R",79,"A",,"A",,"R",79,"A",,"A",,"A",,"A",,"A",
262466, 1,"R",71,"A",,"A",,"R",71,"A",,"A",,"A",,"A",,"A",
262466, 2,"R",71,"A",,"A",,"R",71,"A",,"A",,"A",,"A",,"A",
362700, 1,"R",359,"A",,"A",,"R",359,"A",,"A",,"A",,"A",,"A",
362700, 2,"R",359,"A",,"A",,"R",359,"A",,"A",,"A",,"A",,"A",
362782, 1,"R",221,"A",,"A",,"R",221,"A",,"A",,"A",,"A",,"A",
362782, 2,"R",221,"A",,"A",,"R",221,"A",,"A",,"A",,"A",,"A",
363013, 1,"R",65,"A",,"A",,"R",65,"A",,"A",,"A",,"A",,"A",
363013, 2,"R",65,"A",,"A",,"R",65,"A",,"A",,"A",,"A",,"A",
363077, 1,"R",155,"A",,"A",,"R",155,"A",,"A",,"A",,"A",,"A",
363077, 2,"R",155,"A",,"A",,"R",155,"A",,"A",,"A",,"A",,"A",
363147, 1,"R",149,"A",,"A",,"R",149,"A",,"A",,"A",,"A",,"A",
363147, 2,"R",149,"A",,"A",,"R",149,"A",,"A",,"A",,"A",,"A",
363165, 1,"R",1225,"A",,"A",,"R",1225,"A",,"A",,"A",,"A",,"A",
363165, 2,"R",1225,"A",,"A",,"R",1225,"A",,"A",,"A",,"A",,"A",
363165, 3,"R",1225,"A",,"A",,"R",1225,"A",,"A",,"A",,"A",,"A",
363439, 1,"R",211,"R",93,"R",44,"R",74,"R",93,"Z",0,"Z",0,"Z",0,"R",0
363439, 2,"R",211,"R",93,"R",44,"R",74,"R",93,"Z",0,"Z",0,"Z",0,"R",0
363439, 3,"R",210,"R",93,"R",44,"R",73,"R",93,"Z",0,"Z",0,"Z",0,"R",0
363439,11,"R",1,"R",0,"R",0,"R",1,"A",,"A",,"A",,"A",,"A",
363633, 1,"R",1093,"R",62,"R",98,"R",933,"R",60,"R",2,"R",0,"R",0,"R",0
363633, 2,"R",1093,"R",62,"R",98,"R",933,"R",60,"R",2,"R",0,"R",0,"R",0
363633, 3,"R",588,"R",43,"R",81,"R",464,"R",41,"R",2,"R",0,"R",0,"R",0
363633,11,"R",505,"R",19,"R",17,"R",469,"R",19,"R",0,"R",0,"R",0,"R",0
363679, 1,"R",219,"A",,"A",,"R",219,"A",,"A",,"A",,"A",,"A",
363679, 2,"R",219,"A",,"A",,"R",219,"A",,"A",,"A",,"A",,"A",
363712, 1,"R",34,"A",,"A",,"R",34,"A",,"A",,"A",,"A",,"A",
363712, 2,"R",34,"A",,"A",,"R",34,"A",,"A",,"A",,"A",,"A",
363712, 3,"R",34,"A",,"A",,"R",34,"A",,"A",,"A",,"A",,"A",
363721, 1,"R",256,"A",,"A",,"R",256,"A",,"A",,"A",,"A",,"A",
363721,12,"R",256,"A",,"A",,"R",256,"A",,"A",,"A",,"A",,"A",
363882, 1,"R",121,"A",,"A",,"R",121,"A",,"A",,"A",,"A",,"A",
363882, 2,"R",121,"A",,"A",,"R",121,"A",,"A",,"A",,"A",,"A",
363907, 1,"R",755,"R",0,"R",177,"R",578,"A",,"A",,"A",,"A",,"A",
363907, 2,"R",530,"R",0,"R",148,"R",382,"A",,"A",,"A",,"A",,"A",
363907, 3,"R",529,"R",0,"R",148,"R",381,"A",,"A",,"A",,"A",,"A",
363907,11,"R",1,"R",0,"R",0,"R",1,"A",,"A",,"A",,"A",,"A",
363907,12,"R",225,"R",0,"R",29,"R",196,"A",,"A",,"A",,"A",,"A",
363916, 1,"R",211,"R",0,"R",4,"R",207,"A",,"A",,"A",,"A",,"A",
363916, 2,"R",200,"R",0,"R",4,"R",196,"A",,"A",,"A",,"A",,"A",
363916, 3,"R",200,"R",0,"R",4,"R",196,"A",,"A",,"A",,"A",,"A",
363916,12,"R",11,"R",0,"R",0,"R",11,"A",,"A",,"A",,"A",,"A",
363934, 1,"R",758,"R",262,"R",3,"R",493,"R",84,"R",177,"R",1,"R",0,"R",0
363934, 2,"R",730,"R",259,"R",3,"R",468,"R",82,"R",176,"R",1,"R",0,"R",0
363934, 3,"R",730,"R",259,"R",3,"R",468,"R",82,"R",176,"R",1,"R",0,"R",0
363934,12,"R",28,"R",3,"R",0,"R",25,"R",2,"R",1,"R",0,"R",0,"R",0
364016, 1,"R",8115,"R",788,"R",1445,"R",5882,"R",756,"R",29,"R",3,"R",0,"R",0
364016, 2,"R",8115,"R",788,"R",1445,"R",5882,"R",756,"R",29,"R",3,"R",0,"R",0
364016, 3,"R",5843,"R",640,"R",1293,"R",3910,"R",611,"R",27,"R",2,"R",0,"R",0
364016,11,"R",2272,"R",148,"R",152,"R",1972,"R",145,"R",2,"R",1,"R",0,"R",0
364025, 1,"R",14728,"R",904,"R",2318,"R",11506,"R",885,"R",19,"R",0,"R",0,"R",0
364025, 2,"R",14728,"R",904,"R",2318,"R",11506,"R",885,"R",19,"R",0,"R",0,"R",0
364025, 3,"R",8493,"R",721,"R",2074,"R",5698,"R",707,"R",14,"R",0,"R",0,"R",0
364025,11,"R",6235,"R",183,"R",244,"R",5808,"R",178,"R",5,"R",0,"R",0,"R",0
364122, 1,"R",6,"R",0,"R",0,"R",6,"A",,"A",,"A",,"A",,"A",
364122, 2,"R",6,"R",0,"R",0,"R",6,"A",,"A",,"A",,"A",,"A",
364168, 1,"R",11,"R",1,"R",10,"R",0,"R",0,"R",1,"R",0,"R",0,"R",0
364168, 2,"R",11,"R",1,"R",10,"R",0,"R",0,"R",1,"R",0,"R",0,"R",0
364168, 3,"R",11,"R",1,"R",10,"R",0,"R",0,"R",1,"R",0,"R",0,"R",0
364548, 1,"R",172,"A",,"A",,"R",172,"A",,"A",,"A",,"A",,"A",
364548, 2,"R",172,"A",,"A",,"R",172,"A",,"A",,"A",,"A",,"A",
364548, 3,"R",172,"A",,"A",,"R",172,"A",,"A",,"A",,"A",,"A",
364575, 1,"R",37,"A",,"A",,"R",37,"A",,"A",,"A",,"A",,"A",
364575, 2,"R",37,"A",,"A",,"R",37,"A",,"A",,"A",,"A",,"A",
364575, 3,"R",37,"A",,"A",,"R",37,"A",,"A",,"A",,"A",,"A",
364627, 1,"R",463,"A",,"A",,"R",463,"A",,"A",,"A",,"A",,"A",
364627, 2,"R",463,"A",,"A",,"R",463,"A",,"A",,"A",,"A",,"A",
364627, 3,"R",147,"A",,"A",,"R",147,"A",,"A",,"A",,"A",,"A",
364627,11,"R",316,"A",,"A",,"R",316,"A",,"A",,"A",,"A",,"A",
364636, 1,"R",69,"A",,"A",,"R",69,"A",,"A",,"A",,"A",,"A",
364636, 2,"R",69,"A",,"A",,"R",69,"A",,"A",,"A",,"A",,"A",
364636, 3,"R",69,"A",,"A",,"R",69,"A",,"A",,"A",,"A",,"A",
364751, 1,"R",58,"A",,"A",,"R",58,"A",,"A",,"A",,"A",,"A",
364751, 2,"R",58,"A",,"A",,"R",58,"A",,"A",,"A",,"A",,"A",
364760, 1,"R",90,"A",,"A",,"R",90,"A",,"A",,"A",,"A",,"A",
364760, 2,"R",90,"A",,"A",,"R",90,"A",,"A",,"A",,"A",,"A",
364946, 1,"R",382,"R",82,"R",2,"R",298,"R",82,"R",0,"R",0,"R",0,"R",0
364946, 2,"R",382,"R",82,"R",2,"R",298,"R",82,"R",0,"R",0,"R",0,"R",0
364946, 3,"R",382,"R",82,"R",2,"R",298,"R",82,"R",0,"R",0,"R",0,"R",0
364964, 1,"R",64,"A",,"A",,"R",64,"A",,"A",,"A",,"A",,"A",
364964, 2,"R",64,"A",,"A",,"R",64,"A",,"A",,"A",,"A",,"A",
364964, 3,"R",64,"A",,"A",,"R",64,"A",,"A",,"A",,"A",,"A",
365091, 1,"R",196,"A",,"A",,"R",196,"A",,"A",,"A",,"A",,"A",
365091, 2,"R",196,"A",,"A",,"R",196,"A",,"A",,"A",,"A",,"A",
365125, 1,"R",149,"A",,"A",,"R",149,"A",,"A",,"A",,"A",,"A",
365125, 2,"R",149,"A",,"A",,"R",149,"A",,"A",,"A",,"A",,"A",
365198, 1,"R",678,"A",,"A",,"R",678,"A",,"A",,"A",,"A",,"A",
365198, 2,"R",678,"A",,"A",,"R",678,"A",,"A",,"A",,"A",,"A",
365198, 3,"R",145,"A",,"A",,"R",145,"A",,"A",,"A",,"A",,"A",
365198,11,"R",533,"A",,"A",,"R",533,"A",,"A",,"A",,"A",,"A",
365204, 1,"R",3500,"R",4,"R",0,"R",3496,"R",4,"R",0,"R",0,"R",0,"R",0
365204, 2,"R",3500,"R",4,"R",0,"R",3496,"R",4,"R",0,"R",0,"R",0,"R",0
365204, 3,"R",606,"R",4,"R",0,"R",602,"R",4,"R",0,"R",0,"R",0,"R",0
365204,11,"R",2894,"R",0,"R",0,"R",2894,"A",,"A",,"A",,"A",,"A",
365213, 1,"R",709,"A",,"A",,"R",709,"A",,"A",,"A",,"A",,"A",
365213, 2,"R",709,"A",,"A",,"R",709,"A",,"A",,"A",,"A",,"A",
365213, 3,"R",380,"A",,"A",,"R",380,"A",,"A",,"A",,"A",,"A",
365213,11,"R",329,"A",,"A",,"R",329,"A",,"A",,"A",,"A",,"A",
365240, 1,"R",28,"A",,"A",,"R",28,"A",,"A",,"A",,"A",,"A",
365240, 2,"R",28,"A",,"A",,"R",28,"A",,"A",,"A",,"A",,"A",
365240, 3,"R",28,"A",,"A",,"R",28,"A",,"A",,"A",,"A",,"A",
365374, 1,"R",1496,"A",,"A",,"R",1496,"A",,"A",,"A",,"A",,"A",
365374, 2,"R",1496,"A",,"A",,"R",1496,"A",,"A",,"A",,"A",,"A",
365374, 3,"R",333,"A",,"A",,"R",333,"A",,"A",,"A",,"A",,"A",
365374,11,"R",1163,"A",,"A",,"R",1163,"A",,"A",,"A",,"A",,"A",
365383, 1,"R",165,"A",,"A",,"R",165,"A",,"A",,"A",,"A",,"A",
365383, 2,"R",165,"A",,"A",,"R",165,"A",,"A",,"A",,"A",,"A",
365383, 3,"R",165,"A",,"A",,"R",165,"A",,"A",,"A",,"A",,"A",
365480, 1,"R",867,"A",,"A",,"R",867,"A",,"A",,"A",,"A",,"A",
365480, 2,"R",867,"A",,"A",,"R",867,"A",,"A",,"A",,"A",,"A",
365480, 3,"R",867,"A",,"A",,"R",867,"A",,"A",,"A",,"A",,"A",
365505, 1,"R",30,"A",,"A",,"R",30,"A",,"A",,"A",,"A",,"A",
365505, 2,"R",30,"A",,"A",,"R",30,"A",,"A",,"A",,"A",,"A",
365505, 3,"R",30,"A",,"A",,"R",30,"A",,"A",,"A",,"A",,"A",
365693, 1,"R",107,"A",,"A",,"R",107,"A",,"A",,"A",,"A",,"A",
365693, 2,"R",107,"A",,"A",,"R",107,"A",,"A",,"A",,"A",,"A",
365763, 1,"R",37,"A",,"A",,"R",37,"A",,"A",,"A",,"A",,"A",
365763, 2,"R",37,"A",,"A",,"R",37,"A",,"A",,"A",,"A",,"A",
365763, 3,"R",37,"A",,"A",,"R",37,"A",,"A",,"A",,"A",,"A",
365824, 1,"R",155,"A",,"A",,"R",155,"A",,"A",,"A",,"A",,"A",
365824, 2,"R",155,"A",,"A",,"R",155,"A",,"A",,"A",,"A",,"A",
365833, 1,"R",169,"A",,"A",,"R",169,"A",,"A",,"A",,"A",,"A",
365833, 2,"R",169,"A",,"A",,"R",169,"A",,"A",,"A",,"A",,"A",
366003, 1,"R",297,"R",23,"R",95,"R",179,"R",17,"R",4,"R",0,"R",2,"R",0
366003, 2,"R",200,"R",18,"R",57,"R",125,"R",12,"R",4,"R",0,"R",2,"R",0
366003, 3,"R",171,"R",18,"R",48,"R",105,"R",12,"R",4,"R",0,"R",2,"R",0
366003,11,"R",29,"R",0,"R",9,"R",20,"A",,"A",,"A",,"A",,"A",
366003,12,"R",97,"R",5,"R",38,"R",54,"R",5,"R",0,"R",0,"R",0,"R",0
366155, 1,"R",26,"A",,"A",,"R",26,"A",,"A",,"A",,"A",,"A",
366155, 2,"R",26,"A",,"A",,"R",26,"A",,"A",,"A",,"A",,"A",
366191, 1,"R",954,"A",,"A",,"R",954,"A",,"A",,"A",,"A",,"A",
366191, 2,"R",954,"A",,"A",,"R",954,"A",,"A",,"A",,"A",,"A",
366252, 1,"R",5322,"R",390,"R",1362,"R",3570,"R",333,"R",57,"R",0,"R",0,"R",0
366252, 2,"R",5322,"R",390,"R",1362,"R",3570,"R",333,"R",57,"R",0,"R",0,"R",0
366252, 3,"R",5289,"R",388,"R",1356,"R",3545,"R",331,"R",57,"R",0,"R",0,"R",0
366252,11,"R",33,"R",2,"R",6,"R",25,"R",2,"R",0,"R",0,"R",0,"R",0
366261, 1,"R",205,"R",160,"Z",0,"R",45,"R",88,"R",72,"Z",0,"Z",0,"R",0
366261, 2,"R",205,"R",160,"Z",0,"R",45,"R",88,"R",72,"Z",0,"Z",0,"R",0
366261, 3,"R",205,"R",160,"Z",0,"R",45,"R",88,"R",72,"Z",0,"Z",0,"R",0
366270, 1,"R",252,"A",,"A",,"R",252,"A",,"A",,"A",,"A",,"A",
366270, 2,"R",252,"A",,"A",,"R",252,"A",,"A",,"A",,"A",,"A",
366270, 3,"R",252,"A",,"A",,"R",252,"A",,"A",,"A",,"A",,"A",
366289, 1,"R",320,"R",198,"R",0,"R",122,"R",198,"Z",0,"Z",0,"Z",0,"R",0
366289, 2,"R",320,"R",198,"R",0,"R",122,"R",198,"Z",0,"Z",0,"Z",0,"R",0
366289, 3,"R",320,"R",198,"R",0,"R",122,"R",198,"Z",0,"Z",0,"Z",0,"R",0
366340, 1,"R",444,"A",,"A",,"R",444,"A",,"A",,"A",,"A",,"A",
366340, 2,"R",444,"A",,"A",,"R",444,"A",,"A",,"A",,"A",,"A",
366340, 3,"R",190,"A",,"A",,"R",190,"A",,"A",,"A",,"A",,"A",
366340,11,"R",254,"A",,"A",,"R",254,"A",,"A",,"A",,"A",,"A",
366368, 1,"R",125,"A",,"A",,"R",125,"A",,"A",,"A",,"A",,"A",
366368,12,"R",125,"A",,"A",,"R",125,"A",,"A",,"A",,"A",,"A",
366395, 1,"R",26078,"R",808,"R",5406,"R",19864,"R",797,"R",5,"R",1,"R",5,"R",0
366395, 2,"R",26078,"R",808,"R",5406,"R",19864,"R",797,"R",5,"R",1,"R",5,"R",0
366395, 3,"R",19942,"R",591,"R",5195,"R",14156,"R",582,"R",4,"R",1,"R",4,"R",0
366395,11,"R",6136,"R",217,"R",211,"R",5708,"R",215,"R",1,"R",0,"R",1,"R",0
366401, 1,"R",8978,"R",867,"R",1908,"R",6203,"R",858,"R",0,"R",2,"R",7,"R",0
366401, 2,"R",8978,"R",867,"R",1908,"R",6203,"R",858,"R",0,"R",2,"R",7,"R",0
366401, 3,"R",8048,"R",778,"R",1857,"R",5413,"R",770,"R",0,"R",2,"R",6,"R",0
366401,11,"R",930,"R",89,"R",51,"R",790,"R",88,"R",0,"R",0,"R",1,"R",0
366438, 1,"R",75,"A",,"A",,"R",75,"A",,"A",,"A",,"A",,"A",
366438, 2,"R",75,"A",,"A",,"R",75,"A",,"A",,"A",,"A",,"A",
366465, 1,"R",2014,"R",387,"R",631,"R",996,"R",382,"R",5,"R",0,"R",0,"R",0
366465, 2,"R",2014,"R",387,"R",631,"R",996,"R",382,"R",5,"R",0,"R",0,"R",0
366465, 3,"R",1682,"R",342,"R",578,"R",762,"R",338,"R",4,"R",0,"R",0,"R",0
366465,11,"R",332,"R",45,"R",53,"R",234,"R",44,"R",1,"R",0,"R",0,"R",0
366535, 1,"R",313,"Z",0,"R",306,"R",7,"A",,"A",,"A",,"A",,"A",
366535, 2,"R",313,"Z",0,"R",306,"R",7,"A",,"A",,"A",,"A",,"A",
366535, 3,"R",313,"Z",0,"R",306,"R",7,"A",,"A",,"A",,"A",,"A",
366553, 1,"R",858,"R",35,"R",202,"R",621,"R",35,"R",0,"R",0,"R",0,"R",0
366553, 2,"R",858,"R",35,"R",202,"R",621,"R",35,"R",0,"R",0,"R",0,"R",0
366553, 3,"R",858,"R",35,"R",202,"R",621,"R",35,"R",0,"R",0,"R",0,"R",0
366571, 1,"R",22,"A",,"A",,"R",22,"A",,"A",,"A",,"A",,"A",
366571, 2,"R",22,"A",,"A",,"R",22,"A",,"A",,"A",,"A",,"A",
366605, 1,"R",37,"R",0,"R",10,"R",27,"A",,"A",,"A",,"A",,"A",
366605,12,"R",37,"R",0,"R",10,"R",27,"A",,"A",,"A",,"A",,"A",
366623, 1,"R",139,"A",,"A",,"R",139,"A",,"A",,"A",,"A",,"A",
366623, 2,"R",139,"A",,"A",,"R",139,"A",,"A",,"A",,"A",,"A",
366623, 3,"R",139,"A",,"A",,"R",139,"A",,"A",,"A",,"A",,"A",
366632, 1,"R",16,"A",,"A",,"R",16,"A",,"A",,"A",,"A",,"A",
366632, 2,"R",16,"A",,"A",,"R",16,"A",,"A",,"A",,"A",,"A",
366632, 3,"R",16,"A",,"A",,"R",16,"A",,"A",,"A",,"A",,"A",
366711, 1,"R",15972,"R",490,"R",4076,"R",11406,"R",480,"R",8,"Z",0,"R",2,"R",0
366711, 2,"R",14923,"R",426,"R",3999,"R",10498,"R",418,"R",8,"Z",0,"R",0,"R",0
366711, 3,"R",14871,"R",421,"R",3997,"R",10453,"R",414,"R",7,"Z",0,"R",0,"R",0
366711,11,"R",52,"R",5,"R",2,"R",45,"R",4,"R",1,"Z",0,"R",0,"R",0
366711,12,"R",1049,"R",64,"R",77,"R",908,"R",62,"R",0,"Z",0,"R",2,"R",0
366793, 1,"R",63,"A",,"A",,"R",63,"A",,"A",,"A",,"A",,"A",
366793,12,"R",63,"A",,"A",,"R",63,"A",,"A",,"A",,"A",,"A",
367024, 1,"R",760,"R",618,"R",49,"R",93,"R",587,"R",31,"Z",0,"Z",0,"R",0
367024, 2,"R",638,"R",496,"R",49,"R",93,"R",470,"R",26,"Z",0,"Z",0,"R",0
367024, 3,"R",636,"R",494,"R",49,"R",93,"R",468,"R",26,"Z",0,"Z",0,"R",0
367024,11,"R",2,"R",2,"Z",0,"R",0,"R",2,"Z",0,"Z",0,"Z",0,"R",0
367024,12,"R",122,"R",122,"Z",0,"R",0,"R",117,"R",5,"Z",0,"Z",0,"R",0
367051, 1,"R",101,"A",,"A",,"R",101,"A",,"A",,"A",,"A",,"A",
367051, 2,"R",101,"A",,"A",,"R",101,"A",,"A",,"A",,"A",,"A",
367088, 1,"R",91,"A",,"A",,"R",91,"A",,"A",,"A",,"A",,"A",
367088, 2,"R",91,"A",,"A",,"R",91,"A",,"A",,"A",,"A",,"A",
367103, 1,"R",65,"R",0,"R",24,"R",41,"A",,"A",,"A",,"A",,"A",
367103, 2,"R",65,"R",0,"R",24,"R",41,"A",,"A",,"A",,"A",,"A",
367103, 3,"R",65,"R",0,"R",24,"R",41,"A",,"A",,"A",,"A",,"A",
367112, 1,"R",498,"R",124,"R",333,"R",41,"R",73,"R",51,"Z",0,"Z",0,"R",0
367112, 2,"R",498,"R",124,"R",333,"R",41,"R",73,"R",51,"Z",0,"Z",0,"R",0
367112, 3,"R",498,"R",124,"R",333,"R",41,"R",73,"R",51,"Z",0,"Z",0,"R",0
367158, 1,"R",77,"A",,"A",,"R",77,"A",,"A",,"A",,"A",,"A",
367158, 2,"R",77,"A",,"A",,"R",77,"A",,"A",,"A",,"A",,"A",
367334, 1,"R",102,"A",,"A",,"R",102,"A",,"A",,"A",,"A",,"A",
367334, 2,"R",102,"A",,"A",,"R",102,"A",,"A",,"A",,"A",,"A",
367361, 1,"R",40,"R",0,"R",12,"R",28,"A",,"A",,"A",,"A",,"A",
367361, 2,"R",40,"R",0,"R",12,"R",28,"A",,"A",,"A",,"A",,"A",
367361, 3,"R",40,"R",0,"R",12,"R",28,"A",,"A",,"A",,"A",,"A",
367431, 1,"R",21,"A",,"A",,"R",21,"A",,"A",,"A",,"A",,"A",
367431, 2,"R",21,"A",,"A",,"R",21,"A",,"A",,"A",,"A",,"A",
367459, 1,"R",7979,"R",1334,"R",2218,"R",4427,"R",1273,"R",61,"R",0,"R",0,"R",0
367459, 2,"R",7979,"R",1334,"R",2218,"R",4427,"R",1273,"R",61,"R",0,"R",0,"R",0
367459, 3,"R",6034,"R",957,"R",2067,"R",3010,"R",917,"R",40,"R",0,"R",0,"R",0
367459,11,"R",1945,"R",377,"R",151,"R",1417,"R",356,"R",21,"R",0,"R",0,"R",0
367875, 1,"R",205,"A",,"A",,"R",205,"A",,"A",,"A",,"A",,"A",
367875, 2,"R",205,"A",,"A",,"R",205,"A",,"A",,"A",,"A",,"A",
367875, 3,"R",205,"A",,"A",,"R",205,"A",,"A",,"A",,"A",,"A",
367884, 1,"R",1051,"R",435,"R",534,"R",82,"R",381,"R",53,"R",0,"R",1,"R",0
367884, 2,"R",853,"R",304,"R",469,"R",80,"R",265,"R",38,"R",0,"R",1,"R",0
367884, 3,"R",853,"R",304,"R",469,"R",80,"R",265,"R",38,"R",0,"R",1,"R",0
367884,12,"R",198,"R",131,"R",65,"R",2,"R",116,"R",15,"R",0,"R",0,"R",0
367954, 1,"R",3775,"Z",0,"R",3775,"R",0,"A",,"A",,"A",,"A",,"A",
367954,12,"R",3775,"Z",0,"R",3775,"R",0,"A",,"A",,"A",,"A",,"A",
367972, 1,"R",123,"A",,"A",,"R",123,"A",,"A",,"A",,"A",,"A",
367972, 2,"R",123,"A",,"A",,"R",123,"A",,"A",,"A",,"A",,"A",
367972, 3,"R",123,"A",,"A",,"R",123,"A",,"A",,"A",,"A",,"A",
367981, 1,"R",65,"A",,"A",,"R",65,"A",,"A",,"A",,"A",,"A",
367981, 2,"R",65,"A",,"A",,"R",65,"A",,"A",,"A",,"A",,"A",
368036, 1,"R",23,"A",,"A",,"R",23,"A",,"A",,"A",,"A",,"A",
368036, 2,"R",23,"A",,"A",,"R",23,"A",,"A",,"A",,"A",,"A",
368230, 1,"R",112,"A",,"A",,"R",112,"A",,"A",,"A",,"A",,"A",
368230, 2,"R",112,"A",,"A",,"R",112,"A",,"A",,"A",,"A",,"A",
368364, 1,"R",275,"A",,"A",,"R",275,"A",,"A",,"A",,"A",,"A",
368364, 2,"R",275,"A",,"A",,"R",275,"A",,"A",,"A",,"A",,"A",
368364, 3,"R",275,"A",,"A",,"R",275,"A",,"A",,"A",,"A",,"A",
368407, 1,"R",104,"A",,"A",,"R",104,"A",,"A",,"A",,"A",,"A",
368407, 2,"R",104,"A",,"A",,"R",104,"A",,"A",,"A",,"A",,"A",
368407, 3,"R",104,"A",,"A",,"R",104,"A",,"A",,"A",,"A",,"A",
368443, 1,"R",719,"R",351,"R",44,"R",324,"R",351,"R",0,"R",0,"R",0,"R",0
368443, 2,"R",719,"R",351,"R",44,"R",324,"R",351,"R",0,"R",0,"R",0,"R",0
368443, 3,"R",719,"R",351,"R",44,"R",324,"R",351,"R",0,"R",0,"R",0,"R",0
368452, 1,"R",303,"R",0,"R",60,"R",243,"A",,"A",,"A",,"A",,"A",
368452, 2,"R",303,"R",0,"R",60,"R",243,"A",,"A",,"A",,"A",,"A",
368452, 3,"R",303,"R",0,"R",60,"R",243,"A",,"A",,"A",,"A",,"A",
368540, 1,"R",22,"A",,"A",,"R",22,"A",,"A",,"A",,"A",,"A",
368540, 2,"R",22,"A",,"A",,"R",22,"A",,"A",,"A",,"A",,"A",
368629, 1,"R",468,"R",0,"R",17,"R",451,"A",,"A",,"A",,"A",,"A",
368629, 2,"R",468,"R",0,"R",17,"R",451,"A",,"A",,"A",,"A",,"A",
368629, 3,"R",468,"R",0,"R",17,"R",451,"A",,"A",,"A",,"A",,"A",
368647, 1,"R",19,"A",,"A",,"R",19,"A",,"A",,"A",,"A",,"A",
368647, 2,"R",19,"A",,"A",,"R",19,"A",,"A",,"A",,"A",,"A",
368647, 3,"R",19,"A",,"A",,"R",19,"A",,"A",,"A",,"A",,"A",
368771, 1,"R",132,"A",,"A",,"R",132,"A",,"A",,"A",,"A",,"A",
368771, 2,"R",132,"A",,"A",,"R",132,"A",,"A",,"A",,"A",,"A",
368780, 1,"R",119,"A",,"A",,"R",119,"A",,"A",,"A",,"A",,"A",
368780, 2,"R",119,"A",,"A",,"R",119,"A",,"A",,"A",,"A",,"A",
368780, 3,"R",119,"A",,"A",,"R",119,"A",,"A",,"A",,"A",,"A",
368832, 1,"R",44,"A",,"A",,"R",44,"A",,"A",,"A",,"A",,"A",
368832, 2,"R",44,"A",,"A",,"R",44,"A",,"A",,"A",,"A",,"A",
368911, 1,"R",1817,"R",311,"R",392,"R",1114,"R",311,"R",0,"R",0,"R",0,"R",0
368911, 2,"R",1817,"R",311,"R",392,"R",1114,"R",311,"R",0,"R",0,"R",0,"R",0
368911, 3,"R",1217,"R",171,"R",292,"R",754,"R",171,"R",0,"R",0,"R",0,"R",0
368911,11,"R",600,"R",140,"R",100,"R",360,"R",140,"R",0,"R",0,"R",0,"R",0
369002, 1,"R",306,"R",0,"R",86,"R",220,"A",,"A",,"A",,"A",,"A",
369002,12,"R",306,"R",0,"R",86,"R",220,"A",,"A",,"A",,"A",,"A",
369109, 1,"R",87,"A",,"A",,"R",87,"A",,"A",,"A",,"A",,"A",
369109, 2,"R",87,"A",,"A",,"R",87,"A",,"A",,"A",,"A",,"A",
369109, 3,"R",87,"A",,"A",,"R",87,"A",,"A",,"A",,"A",,"A",
369400, 1,"R",2081,"A",,"A",,"R",2081,"A",,"A",,"A",,"A",,"A",
369400, 2,"R",2081,"A",,"A",,"R",2081,"A",,"A",,"A",,"A",,"A",
369419, 1,"R",904,"A",,"A",,"R",904,"A",,"A",,"A",,"A",,"A",
369419, 2,"R",904,"A",,"A",,"R",904,"A",,"A",,"A",,"A",,"A",
369419, 3,"R",904,"A",,"A",,"R",904,"A",,"A",,"A",,"A",,"A",
369446, 1,"R",47,"A",,"A",,"R",47,"A",,"A",,"A",,"A",,"A",
369446, 2,"R",47,"A",,"A",,"R",47,"A",,"A",,"A",,"A",,"A",
369455, 1,"R",95,"A",,"A",,"R",95,"A",,"A",,"A",,"A",,"A",
369455, 2,"R",95,"A",,"A",,"R",95,"A",,"A",,"A",,"A",,"A",
369455, 3,"R",95,"A",,"A",,"R",95,"A",,"A",,"A",,"A",,"A",
369516, 1,"R",194,"R",162,"R",32,"R",0,"R",38,"R",123,"R",0,"R",1,"R",0
369516, 2,"R",189,"R",157,"R",32,"R",0,"R",38,"R",118,"R",0,"R",1,"R",0
369516, 3,"R",189,"R",157,"R",32,"R",0,"R",38,"R",118,"R",0,"R",1,"R",0
369516,12,"R",5,"R",5,"R",0,"R",0,"R",0,"R",5,"R",0,"R",0,"R",0
369659, 1,"R",245,"A",,"A",,"R",245,"A",,"A",,"A",,"A",,"A",
369659,12,"R",245,"A",,"A",,"R",245,"A",,"A",,"A",,"A",,"A",
369668, 1,"R",218,"A",,"A",,"R",218,"A",,"A",,"A",,"A",,"A",
369668, 2,"R",218,"A",,"A",,"R",218,"A",,"A",,"A",,"A",,"A",
369668, 3,"R",218,"A",,"A",,"R",218,"A",,"A",,"A",,"A",,"A",
369686, 1,"R",234,"A",,"A",,"R",234,"A",,"A",,"A",,"A",,"A",
369686, 2,"R",234,"A",,"A",,"R",234,"A",,"A",,"A",,"A",,"A",
369695, 1,"R",115,"A",,"A",,"R",115,"A",,"A",,"A",,"A",,"A",
369695, 2,"R",115,"A",,"A",,"R",115,"A",,"A",,"A",,"A",,"A",
369783, 1,"R",445,"A",,"A",,"R",445,"A",,"A",,"A",,"A",,"A",
369783, 2,"R",445,"A",,"A",,"R",445,"A",,"A",,"A",,"A",,"A",
369905, 1,"R",182,"R",4,"R",64,"R",114,"R",4,"R",0,"R",0,"R",0,"R",0
369905, 2,"R",182,"R",4,"R",64,"R",114,"R",4,"R",0,"R",0,"R",0,"R",0
369905, 3,"R",182,"R",4,"R",64,"R",114,"R",4,"R",0,"R",0,"R",0,"R",0
369950, 1,"R",127,"A",,"A",,"R",127,"A",,"A",,"A",,"A",,"A",
369950, 2,"R",127,"A",,"A",,"R",127,"A",,"A",,"A",,"A",,"A",
371034, 1,"R",15,"A",,"A",,"R",15,"A",,"A",,"A",,"A",,"A",
371034, 2,"R",15,"A",,"A",,"R",15,"A",,"A",,"A",,"A",,"A",
371052, 1,"R",322,"A",,"A",,"R",322,"A",,"A",,"A",,"A",,"A",
371052, 2,"R",322,"A",,"A",,"R",322,"A",,"A",,"A",,"A",,"A",
371690, 1,"R",652,"R",26,"R",0,"R",626,"R",25,"R",1,"Z",0,"Z",0,"R",0
371690, 2,"R",652,"R",26,"R",0,"R",626,"R",25,"R",1,"Z",0,"Z",0,"R",0
371690, 3,"R",652,"R",26,"R",0,"R",626,"R",25,"R",1,"Z",0,"Z",0,"R",0
371830, 1,"R",62,"A",,"A",,"R",62,"A",,"A",,"A",,"A",,"A",
371830, 2,"R",62,"A",,"A",,"R",62,"A",,"A",,"A",,"A",,"A",
371928, 1,"R",129,"A",,"A",,"R",129,"A",,"A",,"A",,"A",,"A",
371928, 2,"R",129,"A",,"A",,"R",129,"A",,"A",,"A",,"A",,"A",
371964, 1,"R",398,"R",0,"R",20,"R",378,"A",,"A",,"A",,"A",,"A",
371964, 2,"R",398,"R",0,"R",20,"R",378,"A",,"A",,"A",,"A",,"A",
371964, 3,"R",398,"R",0,"R",20,"R",378,"A",,"A",,"A",,"A",,"A",
372028, 1,"R",141,"A",,"A",,"R",141,"A",,"A",,"A",,"A",,"A",
372028, 2,"R",141,"A",,"A",,"R",141,"A",,"A",,"A",,"A",,"A",
372073, 1,"R",215,"R",98,"R",81,"R",36,"R",83,"R",14,"R",0,"R",1,"R",0
372073, 2,"R",215,"R",98,"R",81,"R",36,"R",83,"R",14,"R",0,"R",1,"R",0
372073, 3,"R",215,"R",98,"R",81,"R",36,"R",83,"R",14,"R",0,"R",1,"R",0
372082, 1,"R",156,"A",,"A",,"R",156,"A",,"A",,"A",,"A",,"A",
372082, 2,"R",156,"A",,"A",,"R",156,"A",,"A",,"A",,"A",,"A",
372082, 3,"R",156,"A",,"A",,"R",156,"A",,"A",,"A",,"A",,"A",
372240, 1,"R",26,"A",,"A",,"R",26,"A",,"A",,"A",,"A",,"A",
372240, 2,"R",26,"A",,"A",,"R",26,"A",,"A",,"A",,"A",,"A",
372329, 1,"R",405,"A",,"A",,"R",405,"A",,"A",,"A",,"A",,"A",
372329, 2,"R",405,"A",,"A",,"R",405,"A",,"A",,"A",,"A",,"A",
372329, 3,"R",405,"A",,"A",,"R",405,"A",,"A",,"A",,"A",,"A",
372356, 1,"R",38,"A",,"A",,"R",38,"A",,"A",,"A",,"A",,"A",
372356, 2,"R",38,"A",,"A",,"R",38,"A",,"A",,"A",,"A",,"A",
372462, 1,"R",119,"A",,"A",,"R",119,"A",,"A",,"A",,"A",,"A",
372462, 2,"R",119,"A",,"A",,"R",119,"A",,"A",,"A",,"A",,"A",
372718, 1,"R",312,"A",,"A",,"R",312,"A",,"A",,"A",,"A",,"A",
372718, 2,"R",312,"A",,"A",,"R",312,"A",,"A",,"A",,"A",,"A",
372921, 1,"R",613,"A",,"A",,"R",613,"A",,"A",,"A",,"A",,"A",
372921, 2,"R",613,"A",,"A",,"R",613,"A",,"A",,"A",,"A",,"A",
372921, 3,"R",613,"A",,"A",,"R",613,"A",,"A",,"A",,"A",,"A",
372958, 1,"R",131,"A",,"A",,"R",131,"A",,"A",,"A",,"A",,"A",
372958, 2,"R",131,"A",,"A",,"R",131,"A",,"A",,"A",,"A",,"A",
372958, 3,"R",131,"A",,"A",,"R",131,"A",,"A",,"A",,"A",,"A",
373085, 1,"R",67,"A",,"A",,"R",67,"A",,"A",,"A",,"A",,"A",
373085, 2,"R",67,"A",,"A",,"R",67,"A",,"A",,"A",,"A",,"A",
373085, 3,"R",67,"A",,"A",,"R",67,"A",,"A",,"A",,"A",,"A",
373216, 1,"R",81,"A",,"A",,"R",81,"A",,"A",,"A",,"A",,"A",
373216, 2,"R",81,"A",,"A",,"R",81,"A",,"A",,"A",,"A",,"A",
373456, 1,"R",16,"A",,"A",,"R",16,"A",,"A",,"A",,"A",,"A",
373456, 2,"R",16,"A",,"A",,"R",16,"A",,"A",,"A",,"A",,"A",
373526, 1,"R",266,"A",,"A",,"R",266,"A",,"A",,"A",,"A",,"A",
373526, 2,"R",266,"A",,"A",,"R",266,"A",,"A",,"A",,"A",,"A",
373678, 1,"R",149,"A",,"A",,"R",149,"A",,"A",,"A",,"A",,"A",
373678, 2,"R",149,"A",,"A",,"R",149,"A",,"A",,"A",,"A",,"A",
373696, 1,"R",124,"A",,"A",,"R",124,"A",,"A",,"A",,"A",,"A",
373696, 2,"R",124,"A",,"A",,"R",124,"A",,"A",,"A",,"A",,"A",
373711, 1,"R",79,"A",,"A",,"R",79,"A",,"A",,"A",,"A",,"A",
373711, 2,"R",79,"A",,"A",,"R",79,"A",,"A",,"A",,"A",,"A",
373711, 3,"R",79,"A",,"A",,"R",79,"A",,"A",,"A",,"A",,"A",
373784, 1,"R",539,"A",,"A",,"R",539,"A",,"A",,"A",,"A",,"A",
373784, 2,"R",539,"A",,"A",,"R",539,"A",,"A",,"A",,"A",,"A",
374024, 1,"R",297,"R",70,"R",123,"R",104,"R",48,"R",20,"R",0,"R",2,"R",0
374024,12,"R",297,"R",70,"R",123,"R",104,"R",48,"R",20,"R",0,"R",2,"R",0
374316, 1,"R",53,"A",,"A",,"R",53,"A",,"A",,"A",,"A",,"A",
374316, 2,"R",53,"A",,"A",,"R",53,"A",,"A",,"A",,"A",,"A",
374343, 1,"R",39,"A",,"A",,"R",39,"A",,"A",,"A",,"A",,"A",
374343, 2,"R",39,"A",,"A",,"R",39,"A",,"A",,"A",,"A",,"A",
374574, 1,"R",579,"A",,"A",,"R",579,"A",,"A",,"A",,"A",,"A",
374574, 2,"R",579,"A",,"A",,"R",579,"A",,"A",,"A",,"A",,"A",
374592, 1,"R",54,"A",,"A",,"R",54,"A",,"A",,"A",,"A",,"A",
374592, 2,"R",54,"A",,"A",,"R",54,"A",,"A",,"A",,"A",,"A",
374592, 3,"R",54,"A",,"A",,"R",54,"A",,"A",,"A",,"A",,"A",
374927, 1,"R",17,"A",,"A",,"R",17,"A",,"A",,"A",,"A",,"A",
374927, 2,"R",17,"A",,"A",,"R",17,"A",,"A",,"A",,"A",,"A",
374972, 1,"R",195,"R",2,"R",66,"R",127,"R",2,"R",0,"R",0,"R",0,"R",0
374972, 2,"R",195,"R",2,"R",66,"R",127,"R",2,"R",0,"R",0,"R",0,"R",0
374972, 3,"R",185,"R",2,"R",66,"R",117,"R",2,"R",0,"R",0,"R",0,"R",0
374972,11,"R",10,"R",0,"R",0,"R",10,"A",,"A",,"A",,"A",,"A",
374990, 1,"R",39,"A",,"A",,"R",39,"A",,"A",,"A",,"A",,"A",
374990, 2,"R",39,"A",,"A",,"R",39,"A",,"A",,"A",,"A",,"A",
375106, 1,"R",100,"A",,"A",,"R",100,"A",,"A",,"A",,"A",,"A",
375106, 2,"R",100,"A",,"A",,"R",100,"A",,"A",,"A",,"A",,"A",
375230, 1,"R",146,"A",,"A",,"R",146,"A",,"A",,"A",,"A",,"A",
375230, 2,"R",146,"A",,"A",,"R",146,"A",,"A",,"A",,"A",,"A",
375230, 3,"R",146,"A",,"A",,"R",146,"A",,"A",,"A",,"A",,"A",
375373, 1,"R",244,"A",,"A",,"R",244,"A",,"A",,"A",,"A",,"A",
375373, 2,"R",244,"A",,"A",,"R",244,"A",,"A",,"A",,"A",,"A",
375373, 3,"R",244,"A",,"A",,"R",244,"A",,"A",,"A",,"A",,"A",
375407, 1,"R",141,"A",,"A",,"R",141,"A",,"A",,"A",,"A",,"A",
375407, 2,"R",141,"A",,"A",,"R",141,"A",,"A",,"A",,"A",,"A",
375407, 3,"R",141,"A",,"A",,"R",141,"A",,"A",,"A",,"A",,"A",
375416, 1,"R",568,"Z",0,"R",568,"R",0,"A",,"A",,"A",,"A",,"A",
375416, 2,"R",568,"Z",0,"R",568,"R",0,"A",,"A",,"A",,"A",,"A",
375416, 3,"R",568,"Z",0,"R",568,"R",0,"A",,"A",,"A",,"A",,"A",
375540, 1,"R",58,"A",,"A",,"R",58,"A",,"A",,"A",,"A",,"A",
375540, 2,"R",58,"A",,"A",,"R",58,"A",,"A",,"A",,"A",,"A",
375568, 1,"R",22,"A",,"A",,"R",22,"A",,"A",,"A",,"A",,"A",
375568, 2,"R",22,"A",,"A",,"R",22,"A",,"A",,"A",,"A",,"A",
375568, 3,"R",22,"A",,"A",,"R",22,"A",,"A",,"A",,"A",,"A",
375656, 1,"R",184,"A",,"A",,"R",184,"A",,"A",,"A",,"A",,"A",
375656, 2,"R",184,"A",,"A",,"R",184,"A",,"A",,"A",,"A",,"A",
375656, 3,"R",34,"A",,"A",,"R",34,"A",,"A",,"A",,"A",,"A",
375656,11,"R",150,"A",,"A",,"R",150,"A",,"A",,"A",,"A",,"A",
375683, 1,"R",788,"A",,"A",,"R",788,"A",,"A",,"A",,"A",,"A",
375683, 2,"R",788,"A",,"A",,"R",788,"A",,"A",,"A",,"A",,"A",
375683, 3,"R",738,"A",,"A",,"R",738,"A",,"A",,"A",,"A",,"A",
375683,11,"R",50,"A",,"A",,"R",50,"A",,"A",,"A",,"A",,"A",
375726, 1,"R",485,"R",4,"R",0,"R",481,"R",4,"R",0,"Z",0,"Z",0,"R",0
375726, 2,"R",485,"R",4,"R",0,"R",481,"R",4,"R",0,"Z",0,"Z",0,"R",0
375726, 3,"R",485,"R",4,"R",0,"R",481,"R",4,"R",0,"Z",0,"Z",0,"R",0
375939, 1,"R",39,"A",,"A",,"R",39,"A",,"A",,"A",,"A",,"A",
375939, 2,"R",39,"A",,"A",,"R",39,"A",,"A",,"A",,"A",,"A",
375939, 3,"R",39,"A",,"A",,"R",39,"A",,"A",,"A",,"A",,"A",
375966, 1,"R",55,"A",,"A",,"R",55,"A",,"A",,"A",,"A",,"A",
375966, 2,"R",55,"A",,"A",,"R",55,"A",,"A",,"A",,"A",,"A",
375966, 3,"R",55,"A",,"A",,"R",55,"A",,"A",,"A",,"A",,"A",
375984, 1,"R",300,"A",,"A",,"R",300,"A",,"A",,"A",,"A",,"A",
375984, 2,"R",300,"A",,"A",,"R",300,"A",,"A",,"A",,"A",,"A",
376224, 1,"R",262,"A",,"A",,"R",262,"A",,"A",,"A",,"A",,"A",
376224, 2,"R",262,"A",,"A",,"R",262,"A",,"A",,"A",,"A",,"A",
376224, 3,"R",262,"A",,"A",,"R",262,"A",,"A",,"A",,"A",,"A",
376242, 1,"R",7,"A",,"A",,"R",7,"A",,"A",,"A",,"A",,"A",
376242, 2,"R",7,"A",,"A",,"R",7,"A",,"A",,"A",,"A",,"A",
376288, 1,"R",58,"A",,"A",,"R",58,"A",,"A",,"A",,"A",,"A",
376288, 2,"R",58,"A",,"A",,"R",58,"A",,"A",,"A",,"A",,"A",
376321, 1,"R",2238,"A",,"A",,"R",2238,"A",,"A",,"A",,"A",,"A",
376321, 2,"R",2238,"A",,"A",,"R",2238,"A",,"A",,"A",,"A",,"A",
376321, 3,"R",2238,"A",,"A",,"R",2238,"A",,"A",,"A",,"A",,"A",
376330, 1,"R",280,"A",,"A",,"R",280,"A",,"A",,"A",,"A",,"A",
376330, 2,"R",280,"A",,"A",,"R",280,"A",,"A",,"A",,"A",,"A",
376385, 1,"R",295,"A",,"A",,"R",295,"A",,"A",,"A",,"A",,"A",
376385, 2,"R",295,"A",,"A",,"R",295,"A",,"A",,"A",,"A",,"A",
376385, 3,"R",295,"A",,"A",,"R",295,"A",,"A",,"A",,"A",,"A",
376446, 1,"R",77,"A",,"A",,"R",77,"A",,"A",,"A",,"A",,"A",
376446, 2,"R",77,"A",,"A",,"R",77,"A",,"A",,"A",,"A",,"A",
376631, 1,"R",29,"A",,"A",,"R",29,"A",,"A",,"A",,"A",,"A",
376631, 2,"R",29,"A",,"A",,"R",29,"A",,"A",,"A",,"A",,"A",
376677, 1,"R",122,"A",,"A",,"R",122,"A",,"A",,"A",,"A",,"A",
376677, 2,"R",122,"A",,"A",,"R",122,"A",,"A",,"A",,"A",,"A",
376695, 1,"R",1119,"R",4,"R",0,"R",1115,"R",4,"Z",0,"Z",0,"Z",0,"R",0
376695, 2,"R",1119,"R",4,"R",0,"R",1115,"R",4,"Z",0,"Z",0,"Z",0,"R",0
376695, 3,"R",1111,"R",4,"R",0,"R",1107,"R",4,"Z",0,"Z",0,"Z",0,"R",0
376695,11,"R",8,"Z",0,"Z",0,"R",8,"A",,"A",,"A",,"A",,"A",
377111, 1,"R",474,"Z",0,"R",474,"R",0,"A",,"A",,"A",,"A",,"A",
377111, 2,"R",474,"Z",0,"R",474,"R",0,"A",,"A",,"A",,"A",,"A",
377111, 3,"R",474,"Z",0,"R",474,"R",0,"A",,"A",,"A",,"A",,"A",
377193, 1,"R",26,"A",,"A",,"R",26,"A",,"A",,"A",,"A",,"A",
377193, 2,"R",26,"A",,"A",,"R",26,"A",,"A",,"A",,"A",,"A",
377218, 1,"R",182,"A",,"A",,"R",182,"A",,"A",,"A",,"A",,"A",
377218, 2,"R",182,"A",,"A",,"R",182,"A",,"A",,"A",,"A",,"A",
377218, 3,"R",182,"A",,"A",,"R",182,"A",,"A",,"A",,"A",,"A",
377272, 1,"R",17,"A",,"A",,"R",17,"A",,"A",,"A",,"A",,"A",
377272, 2,"R",17,"A",,"A",,"R",17,"A",,"A",,"A",,"A",,"A",
377281, 1,"R",46,"A",,"A",,"R",46,"A",,"A",,"A",,"A",,"A",
377281, 2,"R",46,"A",,"A",,"R",46,"A",,"A",,"A",,"A",,"A",
377315, 1,"R",72,"A",,"A",,"R",72,"A",,"A",,"A",,"A",,"A",
377315, 2,"R",72,"A",,"A",,"R",72,"A",,"A",,"A",,"A",,"A",
377342, 1,"R",768,"R",768,"A",,"A",,"R",609,"R",159,"Z",0,"Z",0,"R",0
377342, 2,"R",768,"R",768,"A",,"A",,"R",609,"R",159,"Z",0,"Z",0,"R",0
377342, 3,"R",464,"R",464,"A",,"A",,"R",358,"R",106,"Z",0,"Z",0,"R",0
377342,11,"R",304,"R",304,"A",,"A",,"R",251,"R",53,"Z",0,"Z",0,"R",0
377449, 1,"R",126,"A",,"A",,"R",126,"A",,"A",,"A",,"A",,"A",
377449, 2,"R",126,"A",,"A",,"R",126,"A",,"A",,"A",,"A",,"A",
377449, 3,"R",126,"A",,"A",,"R",126,"A",,"A",,"A",,"A",,"A",
377458, 1,"R",166,"A",,"A",,"R",166,"A",,"A",,"A",,"A",,"A",
377458, 2,"R",166,"A",,"A",,"R",166,"A",,"A",,"A",,"A",,"A",
377458, 3,"R",166,"A",,"A",,"R",166,"A",,"A",,"A",,"A",,"A",
377485, 1,"R",60,"A",,"A",,"R",60,"A",,"A",,"A",,"A",,"A",
377485, 2,"R",60,"A",,"A",,"R",60,"A",,"A",,"A",,"A",,"A",
377485, 3,"R",33,"A",,"A",,"R",33,"A",,"A",,"A",,"A",,"A",
377485,11,"R",27,"A",,"A",,"R",27,"A",,"A",,"A",,"A",,"A",
377546, 1,"R",85,"A",,"A",,"R",85,"A",,"A",,"A",,"A",,"A",
377546, 2,"R",85,"A",,"A",,"R",85,"A",,"A",,"A",,"A",,"A",
377546, 3,"R",85,"A",,"A",,"R",85,"A",,"A",,"A",,"A",,"A",
377555, 1,"R",5970,"R",41,"R",221,"R",5708,"R",36,"R",3,"R",0,"R",2,"R",0
377555, 2,"R",5401,"R",9,"R",216,"R",5176,"R",9,"R",0,"R",0,"R",0,"R",0
377555, 3,"R",5363,"R",9,"R",216,"R",5138,"R",9,"R",0,"R",0,"R",0,"R",0
377555,11,"R",38,"R",0,"R",0,"R",38,"A",,"A",,"A",,"A",,"A",
377555,12,"R",569,"R",32,"R",5,"R",532,"R",27,"R",3,"R",0,"R",2,"R",0
377564, 1,"R",5354,"R",79,"R",684,"R",4591,"R",78,"R",1,"R",0,"R",0,"R",0
377564, 2,"R",4554,"R",79,"R",683,"R",3792,"R",78,"R",1,"R",0,"R",0,"R",0
377564, 3,"R",4530,"R",79,"R",683,"R",3768,"R",78,"R",1,"R",0,"R",0,"R",0
377564,11,"R",24,"R",0,"R",0,"R",24,"A",,"A",,"A",,"A",,"A",
377564,12,"R",800,"R",0,"R",1,"R",799,"A",,"A",,"A",,"A",,"A",
377643, 1,"R",99,"A",,"A",,"R",99,"A",,"A",,"A",,"A",,"A",
377643, 2,"R",99,"A",,"A",,"R",99,"A",,"A",,"A",,"A",,"A",
377652, 1,"R",117,"A",,"A",,"R",117,"A",,"A",,"A",,"A",,"A",
377652, 2,"R",117,"A",,"A",,"R",117,"A",,"A",,"A",,"A",,"A",
377661, 1,"R",516,"R",365,"R",0,"R",151,"R",318,"R",47,"R",0,"R",0,"R",0
377661, 2,"R",516,"R",365,"R",0,"R",151,"R",318,"R",47,"R",0,"R",0,"R",0
377661, 3,"R",516,"R",365,"R",0,"R",151,"R",318,"R",47,"R",0,"R",0,"R",0
377670, 1,"R",50,"A",,"A",,"R",50,"A",,"A",,"A",,"A",,"A",
377670, 2,"R",50,"A",,"A",,"R",50,"A",,"A",,"A",,"A",,"A",
377722, 1,"R",335,"A",,"A",,"R",335,"A",,"A",,"A",,"A",,"A",
377722, 2,"R",335,"A",,"A",,"R",335,"A",,"A",,"A",,"A",,"A",
377759, 1,"R",57,"A",,"A",,"R",57,"A",,"A",,"A",,"A",,"A",
377759, 2,"R",57,"A",,"A",,"R",57,"A",,"A",,"A",,"A",,"A",
378105, 1,"R",245,"A",,"A",,"R",245,"A",,"A",,"A",,"A",,"A",
378105, 2,"R",245,"A",,"A",,"R",245,"A",,"A",,"A",,"A",,"A",
378105, 3,"R",245,"A",,"A",,"R",245,"A",,"A",,"A",,"A",,"A",
378576, 1,"R",988,"R",529,"R",98,"R",361,"R",139,"R",390,"Z",0,"Z",0,"R",0
378576, 2,"R",146,"R",26,"R",52,"R",68,"R",9,"R",17,"Z",0,"Z",0,"R",0
378576, 3,"R",114,"R",3,"R",47,"R",64,"R",3,"Z",0,"Z",0,"Z",0,"R",0
378576,11,"R",32,"R",23,"R",5,"R",4,"R",6,"R",17,"Z",0,"Z",0,"R",0
378576,12,"R",842,"R",503,"R",46,"R",293,"R",130,"R",373,"Z",0,"Z",0,"R",0
378886, 1,"R",81,"A",,"A",,"R",81,"A",,"A",,"A",,"A",,"A",
378886, 2,"R",81,"A",,"A",,"R",81,"A",,"A",,"A",,"A",,"A",
378956, 1,"R",710,"A",,"A",,"R",710,"A",,"A",,"A",,"A",,"A",
378956, 2,"R",710,"A",,"A",,"R",710,"A",,"A",,"A",,"A",,"A",
379621, 1,"R",53,"A",,"A",,"R",53,"A",,"A",,"A",,"A",,"A",
379621, 2,"R",53,"A",,"A",,"R",53,"A",,"A",,"A",,"A",,"A",
379621, 3,"R",53,"A",,"A",,"R",53,"A",,"A",,"A",,"A",,"A",
379746, 1,"R",133,"A",,"A",,"R",133,"A",,"A",,"A",,"A",,"A",
379746, 2,"R",133,"A",,"A",,"R",133,"A",,"A",,"A",,"A",,"A",
379782, 1,"R",211,"R",152,"R",11,"R",48,"R",117,"R",35,"R",0,"R",0,"R",0
379782, 2,"R",211,"R",152,"R",11,"R",48,"R",117,"R",35,"R",0,"R",0,"R",0
379782, 3,"R",211,"R",152,"R",11,"R",48,"R",117,"R",35,"R",0,"R",0,"R",0
380067, 1,"R",115,"A",,"A",,"R",115,"A",,"A",,"A",,"A",,"A",
380067, 2,"R",115,"A",,"A",,"R",115,"A",,"A",,"A",,"A",,"A",
380359, 1,"R",477,"R",223,"R",117,"R",137,"R",208,"R",15,"R",0,"R",0,"R",0
380359, 2,"R",477,"R",223,"R",117,"R",137,"R",208,"R",15,"R",0,"R",0,"R",0
380359, 3,"R",427,"R",193,"R",109,"R",125,"R",178,"R",15,"R",0,"R",0,"R",0
380359,11,"R",50,"R",30,"R",8,"R",12,"R",30,"R",0,"R",0,"R",0,"R",0
380368, 1,"R",1982,"R",39,"R",169,"R",1774,"R",36,"R",3,"R",0,"R",0,"R",0
380368, 2,"R",1982,"R",39,"R",169,"R",1774,"R",36,"R",3,"R",0,"R",0,"R",0
380368, 3,"R",634,"R",33,"R",125,"R",476,"R",30,"R",3,"R",0,"R",0,"R",0
380368,11,"R",1348,"R",6,"R",44,"R",1298,"R",6,"R",0,"R",0,"R",0,"R",0
380377, 1,"R",535,"R",156,"R",187,"R",192,"R",100,"R",55,"R",1,"R",0,"R",0
380377, 2,"R",535,"R",156,"R",187,"R",192,"R",100,"R",55,"R",1,"R",0,"R",0
380377, 3,"R",508,"R",138,"R",184,"R",186,"R",94,"R",44,"R",0,"R",0,"R",0
380377,11,"R",27,"R",18,"R",3,"R",6,"R",6,"R",11,"R",1,"R",0,"R",0
380438, 1,"R",446,"R",17,"R",408,"R",21,"R",16,"R",1,"Z",0,"Z",0,"R",0
380438, 2,"R",446,"R",17,"R",408,"R",21,"R",16,"R",1,"Z",0,"Z",0,"R",0
380438, 3,"R",444,"R",17,"R",406,"R",21,"R",16,"R",1,"Z",0,"Z",0,"R",0
380438,11,"R",2,"Z",0,"R",2,"R",0,"A",,"A",,"A",,"A",,"A",
380456, 1,"R",115,"A",,"A",,"R",115,"A",,"A",,"A",,"A",,"A",
380456, 2,"R",115,"A",,"A",,"R",115,"A",,"A",,"A",,"A",,"A",
380465, 1,"R",183,"R",34,"R",6,"R",143,"R",31,"R",2,"R",0,"R",1,"R",0
380465, 2,"R",54,"R",31,"R",6,"R",17,"R",28,"R",2,"R",0,"R",1,"R",0
380465, 3,"R",54,"R",31,"R",6,"R",17,"R",28,"R",2,"R",0,"R",1,"R",0
380465,12,"R",129,"R",3,"R",0,"R",126,"R",3,"R",0,"R",0,"R",0,"R",0
380474, 1,"R",179,"A",,"A",,"R",179,"A",,"A",,"A",,"A",,"A",
380474, 2,"R",179,"A",,"A",,"R",179,"A",,"A",,"A",,"A",,"A",
381255, 1,"R",84,"A",,"A",,"R",84,"A",,"A",,"A",,"A",,"A",
381255, 2,"R",84,"A",,"A",,"R",84,"A",,"A",,"A",,"A",,"A",
381282, 1,"R",109,"A",,"A",,"R",109,"A",,"A",,"A",,"A",,"A",
381282, 2,"R",109,"A",,"A",,"R",109,"A",,"A",,"A",,"A",,"A",
381325, 1,"R",114,"A",,"A",,"R",114,"A",,"A",,"A",,"A",,"A",
381325, 2,"R",114,"A",,"A",,"R",114,"A",,"A",,"A",,"A",,"A",
381352, 1,"R",93,"A",,"A",,"R",93,"A",,"A",,"A",,"A",,"A",
381352,12,"R",93,"A",,"A",,"R",93,"A",,"A",,"A",,"A",,"A",
381361, 1,"R",39,"A",,"A",,"R",39,"A",,"A",,"A",,"A",,"A",
381361, 2,"R",39,"A",,"A",,"R",39,"A",,"A",,"A",,"A",,"A",
381370, 1,"R",309,"A",,"A",,"R",309,"A",,"A",,"A",,"A",,"A",
381370, 2,"R",309,"A",,"A",,"R",309,"A",,"A",,"A",,"A",,"A",
381404, 1,"R",305,"A",,"A",,"R",305,"A",,"A",,"A",,"A",,"A",
381404, 2,"R",305,"A",,"A",,"R",305,"A",,"A",,"A",,"A",,"A",
381459, 1,"R",250,"R",28,"R",91,"R",131,"R",10,"R",18,"R",0,"R",0,"R",0
381459,12,"R",250,"R",28,"R",91,"R",131,"R",10,"R",18,"R",0,"R",0,"R",0
381486, 1,"R",7,"A",,"A",,"R",7,"A",,"A",,"A",,"A",,"A",
381486, 2,"R",7,"A",,"A",,"R",7,"A",,"A",,"A",,"A",,"A",
381699, 1,"R",36,"A",,"A",,"R",36,"A",,"A",,"A",,"A",,"A",
381699, 2,"R",36,"A",,"A",,"R",36,"A",,"A",,"A",,"A",,"A",
381732, 1,"R",98,"A",,"A",,"R",98,"A",,"A",,"A",,"A",,"A",
381732, 2,"R",98,"A",,"A",,"R",98,"A",,"A",,"A",,"A",,"A",
381866, 1,"R",48,"A",,"A",,"R",48,"A",,"A",,"A",,"A",,"A",
381866, 2,"R",48,"A",,"A",,"R",48,"A",,"A",,"A",,"A",,"A",
382063, 1,"R",20,"R",10,"R",3,"R",7,"R",8,"R",2,"R",0,"R",0,"R",0
382063, 2,"R",18,"R",9,"R",2,"R",7,"R",7,"R",2,"R",0,"R",0,"R",0
382063, 3,"R",18,"R",9,"R",2,"R",7,"R",7,"R",2,"R",0,"R",0,"R",0
382063,12,"R",2,"R",1,"R",1,"R",0,"R",1,"R",0,"R",0,"R",0,"R",0
382258, 1,"R",116,"A",,"A",,"R",116,"A",,"A",,"A",,"A",,"A",
382258, 2,"R",116,"A",,"A",,"R",116,"A",,"A",,"A",,"A",,"A",
382258, 3,"R",116,"A",,"A",,"R",116,"A",,"A",,"A",,"A",,"A",
382267, 1,"R",66,"A",,"A",,"R",66,"A",,"A",,"A",,"A",,"A",
382267, 2,"R",66,"A",,"A",,"R",66,"A",,"A",,"A",,"A",,"A",
382416, 1,"R",78,"A",,"A",,"R",78,"A",,"A",,"A",,"A",,"A",
382416, 2,"R",78,"A",,"A",,"R",78,"A",,"A",,"A",,"A",,"A",
382416, 3,"R",78,"A",,"A",,"R",78,"A",,"A",,"A",,"A",,"A",
382461, 1,"R",47,"A",,"A",,"R",47,"A",,"A",,"A",,"A",,"A",
382461, 2,"R",47,"A",,"A",,"R",47,"A",,"A",,"A",,"A",,"A",
382780, 1,"R",134,"A",,"A",,"R",134,"A",,"A",,"A",,"A",,"A",
382780, 2,"R",134,"A",,"A",,"R",134,"A",,"A",,"A",,"A",,"A",
382902, 1,"R",63,"A",,"A",,"R",63,"A",,"A",,"A",,"A",,"A",
382902, 2,"R",63,"A",,"A",,"R",63,"A",,"A",,"A",,"A",,"A",
382911, 1,"R",87,"R",1,"R",13,"R",73,"R",1,"Z",0,"Z",0,"Z",0,"R",0
382911, 2,"R",87,"R",1,"R",13,"R",73,"R",1,"Z",0,"Z",0,"Z",0,"R",0
382911, 3,"R",86,"R",0,"R",13,"R",73,"A",,"A",,"A",,"A",,"A",
382911,11,"R",1,"R",1,"R",0,"R",0,"R",1,"Z",0,"Z",0,"Z",0,"R",0
382957, 1,"R",425,"R",0,"R",117,"R",308,"A",,"A",,"A",,"A",,"A",
382957, 2,"R",425,"R",0,"R",117,"R",308,"A",,"A",,"A",,"A",,"A",
382957, 3,"R",425,"R",0,"R",117,"R",308,"A",,"A",,"A",,"A",,"A",
383020, 1,"R",51,"A",,"A",,"R",51,"A",,"A",,"A",,"A",,"A",
383020, 2,"R",15,"A",,"A",,"R",15,"A",,"A",,"A",,"A",,"A",
383020, 3,"R",15,"A",,"A",,"R",15,"A",,"A",,"A",,"A",,"A",
383020,12,"R",36,"A",,"A",,"R",36,"A",,"A",,"A",,"A",,"A",
383084, 1,"R",903,"A",,"A",,"R",903,"A",,"A",,"A",,"A",,"A",
383084, 2,"R",903,"A",,"A",,"R",903,"A",,"A",,"A",,"A",,"A",
383084, 3,"R",903,"A",,"A",,"R",903,"A",,"A",,"A",,"A",,"A",
383163, 1,"R",321,"A",,"A",,"R",321,"A",,"A",,"A",,"A",,"A",
383163, 2,"R",321,"A",,"A",,"R",321,"A",,"A",,"A",,"A",,"A",
383190, 1,"R",2632,"R",485,"R",613,"R",1534,"R",477,"R",7,"R",0,"R",0,"R",1
383190, 2,"R",2632,"R",485,"R",613,"R",1534,"R",477,"R",7,"R",0,"R",0,"R",1
383190, 3,"R",1977,"R",309,"R",580,"R",1088,"R",307,"R",1,"R",0,"R",0,"R",1
383190,11,"R",655,"R",176,"R",33,"R",446,"R",170,"R",6,"R",0,"R",0,"R",0
383279, 1,"R",64,"A",,"A",,"R",64,"A",,"A",,"A",,"A",,"A",
383279, 2,"R",64,"A",,"A",,"R",64,"A",,"A",,"A",,"A",,"A",
383297, 1,"R",209,"A",,"A",,"R",209,"A",,"A",,"A",,"A",,"A",
383297, 2,"R",209,"A",,"A",,"R",209,"A",,"A",,"A",,"A",,"A",
383312, 1,"R",102,"A",,"A",,"R",102,"A",,"A",,"A",,"A",,"A",
383312, 2,"R",102,"A",,"A",,"R",102,"A",,"A",,"A",,"A",,"A",
383312, 3,"R",102,"A",,"A",,"R",102,"A",,"A",,"A",,"A",,"A",
383330, 1,"R",97,"A",,"A",,"R",97,"A",,"A",,"A",,"A",,"A",
383330, 2,"R",97,"A",,"A",,"R",97,"A",,"A",,"A",,"A",,"A",
383330, 3,"R",97,"A",,"A",,"R",97,"A",,"A",,"A",,"A",,"A",
383367, 1,"R",320,"A",,"A",,"R",320,"A",,"A",,"A",,"A",,"A",
383367, 2,"R",320,"A",,"A",,"R",320,"A",,"A",,"A",,"A",,"A",
383367, 3,"R",320,"A",,"A",,"R",320,"A",,"A",,"A",,"A",,"A",
383464, 1,"R",132,"A",,"A",,"R",132,"A",,"A",,"A",,"A",,"A",
383464, 2,"R",132,"A",,"A",,"R",132,"A",,"A",,"A",,"A",,"A",
383525, 1,"R",141,"A",,"A",,"R",141,"A",,"A",,"A",,"A",,"A",
383525, 2,"R",141,"A",,"A",,"R",141,"A",,"A",,"A",,"A",,"A",
383525, 3,"R",141,"A",,"A",,"R",141,"A",,"A",,"A",,"A",,"A",
383765, 1,"R",135,"A",,"A",,"R",135,"A",,"A",,"A",,"A",,"A",
383765, 2,"R",135,"A",,"A",,"R",135,"A",,"A",,"A",,"A",,"A",
383792, 1,"R",144,"A",,"A",,"R",144,"A",,"A",,"A",,"A",,"A",
383792, 2,"R",144,"A",,"A",,"R",144,"A",,"A",,"A",,"A",,"A",
383950, 1,"R",155,"R",0,"R",155,"R",0,"A",,"A",,"A",,"A",,"A",
383950, 2,"R",155,"R",0,"R",155,"R",0,"A",,"A",,"A",,"A",,"A",
383950, 3,"R",155,"R",0,"R",155,"R",0,"A",,"A",,"A",,"A",,"A",
383996, 1,"R",605,"R",255,"R",184,"R",166,"R",222,"R",31,"R",1,"R",1,"R",0
383996, 2,"R",605,"R",255,"R",184,"R",166,"R",222,"R",31,"R",1,"R",1,"R",0
383996, 3,"R",360,"R",163,"R",143,"R",54,"R",133,"R",29,"R",1,"Z",0,"R",0
383996,11,"R",245,"R",92,"R",41,"R",112,"R",89,"R",2,"Z",0,"R",1,"R",0
384236, 1,"R",468,"A",,"A",,"R",468,"A",,"A",,"A",,"A",,"A",
384236, 2,"R",468,"A",,"A",,"R",468,"A",,"A",,"A",,"A",,"A",
384245, 1,"R",671,"A",,"A",,"R",671,"A",,"A",,"A",,"A",,"A",
384245, 2,"R",671,"A",,"A",,"R",671,"A",,"A",,"A",,"A",,"A",
384254, 1,"R",400,"A",,"A",,"R",400,"A",,"A",,"A",,"A",,"A",
384254, 2,"R",400,"A",,"A",,"R",400,"A",,"A",,"A",,"A",,"A",
384254, 3,"R",400,"A",,"A",,"R",400,"A",,"A",,"A",,"A",,"A",
384306, 1,"R",90,"A",,"A",,"R",90,"A",,"A",,"A",,"A",,"A",
384306,12,"R",90,"A",,"A",,"R",90,"A",,"A",,"A",,"A",,"A",
384333, 1,"R",9976,"R",1090,"R",2168,"R",6718,"R",1066,"R",20,"R",4,"R",0,"R",0
384333, 2,"R",9976,"R",1090,"R",2168,"R",6718,"R",1066,"R",20,"R",4,"R",0,"R",0
384333, 3,"R",7738,"R",922,"R",2055,"R",4761,"R",901,"R",18,"R",3,"R",0,"R",0
384333,11,"R",2238,"R",168,"R",113,"R",1957,"R",165,"R",2,"R",1,"R",0,"R",0
384342, 1,"R",5063,"R",301,"R",961,"R",3801,"R",299,"R",1,"R",0,"R",1,"R",0
384342, 2,"R",5063,"R",301,"R",961,"R",3801,"R",299,"R",1,"R",0,"R",1,"R",0
384342, 3,"R",3474,"R",185,"R",864,"R",2425,"R",183,"R",1,"R",0,"R",1,"R",0
384342,11,"R",1589,"R",116,"R",97,"R",1376,"R",116,"R",0,"R",0,"R",0,"R",0
384412, 1,"R",111,"R",49,"Z",0,"R",62,"R",14,"R",34,"Z",0,"Z",0,"R",1
384412, 2,"R",68,"R",28,"Z",0,"R",40,"R",8,"R",20,"Z",0,"Z",0,"R",0
384412, 3,"R",68,"R",28,"Z",0,"R",40,"R",8,"R",20,"Z",0,"Z",0,"R",0
384412,12,"R",43,"R",21,"Z",0,"R",22,"R",6,"R",14,"Z",0,"Z",0,"R",1
384421, 1,"R",57,"A",,"A",,"R",57,"A",,"A",,"A",,"A",,"A",
384421, 2,"R",57,"A",,"A",,"R",57,"A",,"A",,"A",,"A",,"A",
384421, 3,"R",57,"A",,"A",,"R",57,"A",,"A",,"A",,"A",,"A",
385132, 1,"R",94,"A",,"A",,"R",94,"A",,"A",,"A",,"A",,"A",
385132, 2,"R",94,"A",,"A",,"R",94,"A",,"A",,"A",,"A",,"A",
385503, 1,"R",288,"R",0,"R",162,"R",126,"A",,"A",,"A",,"A",,"A",
385503, 2,"R",288,"R",0,"R",162,"R",126,"A",,"A",,"A",,"A",,"A",
385503, 3,"R",288,"R",0,"R",162,"R",126,"A",,"A",,"A",,"A",,"A",
385549, 1,"R",79,"A",,"A",,"R",79,"A",,"A",,"A",,"A",,"A",
385549, 2,"R",79,"A",,"A",,"R",79,"A",,"A",,"A",,"A",,"A",
385619, 1,"R",2262,"R",1263,"R",137,"R",862,"R",483,"R",753,"R",17,"R",8,"R",2
385619, 2,"R",1921,"R",1118,"R",135,"R",668,"R",425,"R",668,"R",17,"R",6,"R",2
385619, 3,"R",1921,"R",1118,"R",135,"R",668,"R",425,"R",668,"R",17,"R",6,"R",2
385619,12,"R",341,"R",145,"R",2,"R",194,"R",58,"R",85,"R",0,"R",2,"R",0
386153, 1,"R",353,"A",,"A",,"R",353,"A",,"A",,"A",,"A",,"A",
386153, 2,"R",353,"A",,"A",,"R",353,"A",,"A",,"A",,"A",,"A",
386153, 3,"R",353,"A",,"A",,"R",353,"A",,"A",,"A",,"A",,"A",
386472, 1,"R",548,"R",162,"R",123,"R",263,"R",157,"R",4,"Z",0,"R",1,"R",0
386472, 2,"R",537,"R",155,"R",119,"R",263,"R",150,"R",4,"Z",0,"R",1,"R",0
386472, 3,"R",537,"R",155,"R",119,"R",263,"R",150,"R",4,"Z",0,"R",1,"R",0
386472,12,"R",11,"R",7,"R",4,"R",0,"R",7,"Z",0,"Z",0,"Z",0,"R",0
387925, 1,"R",150,"A",,"A",,"R",150,"A",,"A",,"A",,"A",,"A",
387925, 2,"R",150,"A",,"A",,"R",150,"A",,"A",,"A",,"A",,"A",
387925, 3,"R",150,"A",,"A",,"R",150,"A",,"A",,"A",,"A",,"A",
388043, 1,"R",217,"R",0,"R",77,"R",140,"A",,"A",,"A",,"A",,"A",
388043, 2,"R",217,"R",0,"R",77,"R",140,"A",,"A",,"A",,"A",,"A",
388043, 3,"R",217,"R",0,"R",77,"R",140,"A",,"A",,"A",,"A",,"A",
388520, 1,"R",376,"R",107,"R",181,"R",88,"R",107,"R",0,"R",0,"R",0,"R",0
388520, 2,"R",376,"R",107,"R",181,"R",88,"R",107,"R",0,"R",0,"R",0,"R",0
388520, 3,"R",376,"R",107,"R",181,"R",88,"R",107,"R",0,"R",0,"R",0,"R",0
388663, 1,"R",97,"A",,"A",,"R",97,"A",,"A",,"A",,"A",,"A",
388663, 2,"R",97,"A",,"A",,"R",97,"A",,"A",,"A",,"A",,"A",
389860, 1,"R",226,"A",,"A",,"R",226,"A",,"A",,"A",,"A",,"A",
389860, 2,"R",226,"A",,"A",,"R",226,"A",,"A",,"A",,"A",,"A",
389860, 3,"R",226,"A",,"A",,"R",226,"A",,"A",,"A",,"A",,"A",
390905, 1,"R",198,"A",,"A",,"R",198,"A",,"A",,"A",,"A",,"A",
390905, 2,"R",198,"A",,"A",,"R",198,"A",,"A",,"A",,"A",,"A",
390905, 3,"R",198,"A",,"A",,"R",198,"A",,"A",,"A",,"A",,"A",
391005, 1,"R",278,"A",,"A",,"R",278,"A",,"A",,"A",,"A",,"A",
391005, 2,"R",278,"A",,"A",,"R",278,"A",,"A",,"A",,"A",,"A",
391546, 1,"R",156,"A",,"A",,"R",156,"A",,"A",,"A",,"A",,"A",
391546, 2,"R",156,"A",,"A",,"R",156,"A",,"A",,"A",,"A",,"A",
391759, 1,"R",19,"A",,"A",,"R",19,"A",,"A",,"A",,"A",,"A",
391759, 2,"R",19,"A",,"A",,"R",19,"A",,"A",,"A",,"A",,"A",
392257, 1,"R",1552,"R",916,"Z",0,"R",636,"R",870,"R",46,"R",0,"R",0,"R",0
392257, 2,"R",1552,"R",916,"Z",0,"R",636,"R",870,"R",46,"R",0,"R",0,"R",0
392257, 3,"R",1552,"R",916,"Z",0,"R",636,"R",870,"R",46,"R",0,"R",0,"R",0
392354, 1,"R",20,"A",,"A",,"R",20,"A",,"A",,"A",,"A",,"A",
392354, 2,"R",20,"A",,"A",,"R",20,"A",,"A",,"A",,"A",,"A",
392415, 1,"R",309,"A",,"A",,"R",309,"A",,"A",,"A",,"A",,"A",
392415, 2,"R",309,"A",,"A",,"R",309,"A",,"A",,"A",,"A",,"A",
392415, 3,"R",309,"A",,"A",,"R",309,"A",,"A",,"A",,"A",,"A",
392840, 1,"R",193,"A",,"A",,"R",193,"A",,"A",,"A",,"A",,"A",
392840, 2,"R",184,"A",,"A",,"R",184,"A",,"A",,"A",,"A",,"A",
392840, 3,"R",180,"A",,"A",,"R",180,"A",,"A",,"A",,"A",,"A",
392840,11,"R",4,"A",,"A",,"R",4,"A",,"A",,"A",,"A",,"A",
392840,12,"R",9,"A",,"A",,"R",9,"A",,"A",,"A",,"A",,"A",
393524, 1,"R",88,"A",,"A",,"R",88,"A",,"A",,"A",,"A",,"A",
393524, 2,"R",88,"A",,"A",,"R",88,"A",,"A",,"A",,"A",,"A",
393649, 1,"R",849,"A",,"A",,"R",849,"A",,"A",,"A",,"A",,"A",
393649, 2,"R",849,"A",,"A",,"R",849,"A",,"A",,"A",,"A",,"A",
393861, 1,"R",609,"A",,"A",,"R",609,"A",,"A",,"A",,"A",,"A",
393861, 2,"R",609,"A",,"A",,"R",609,"A",,"A",,"A",,"A",,"A",
395362, 1,"R",1748,"R",150,"R",513,"R",1085,"R",149,"R",0,"R",1,"R",0,"R",0
395362, 2,"R",1748,"R",150,"R",513,"R",1085,"R",149,"R",0,"R",1,"R",0,"R",0
395362, 3,"R",1466,"R",140,"R",487,"R",839,"R",139,"R",0,"R",1,"R",0,"R",0
395362,11,"R",282,"R",10,"R",26,"R",246,"R",10,"R",0,"R",0,"R",0,"R",0
395690, 1,"R",597,"A",,"A",,"R",597,"A",,"A",,"A",,"A",,"A",
395690, 2,"R",597,"A",,"A",,"R",597,"A",,"A",,"A",,"A",,"A",
397942, 1,"R",1000,"A",,"A",,"R",1000,"A",,"A",,"A",,"A",,"A",
397942, 2,"R",1000,"A",,"A",,"R",1000,"A",,"A",,"A",,"A",,"A",
398130, 1,"R",130,"A",,"A",,"R",130,"A",,"A",,"A",,"A",,"A",
398130, 2,"R",130,"A",,"A",,"R",130,"A",,"A",,"A",,"A",,"A",
398130, 3,"R",130,"A",,"A",,"R",130,"A",,"A",,"A",,"A",,"A",
399212, 1,"R",11373,"R",1417,"R",1852,"R",8104,"R",1386,"R",0,"R",24,"R",7,"R",0
399212, 2,"R",11373,"R",1417,"R",1852,"R",8104,"R",1386,"R",0,"R",24,"R",7,"R",0
399212, 3,"R",10519,"R",1191,"R",1802,"R",7526,"R",1169,"R",0,"R",15,"R",7,"R",0
399212,11,"R",854,"R",226,"R",50,"R",578,"R",217,"R",0,"R",9,"R",0,"R",0
399869, 1,"R",584,"A",,"A",,"R",584,"A",,"A",,"A",,"A",,"A",
399869, 2,"R",584,"A",,"A",,"R",584,"A",,"A",,"A",,"A",,"A",
399869, 3,"R",584,"A",,"A",,"R",584,"A",,"A",,"A",,"A",,"A",
399911, 1,"R",442,"A",,"A",,"R",442,"A",,"A",,"A",,"A",,"A",
399911, 2,"R",428,"A",,"A",,"R",428,"A",,"A",,"A",,"A",,"A",
399911, 3,"R",428,"A",,"A",,"R",428,"A",,"A",,"A",,"A",,"A",
399911,12,"R",14,"A",,"A",,"R",14,"A",,"A",,"A",,"A",,"A",
400080, 1,"R",1218,"A",,"A",,"R",1218,"A",,"A",,"A",,"A",,"A",
400080, 2,"R",1218,"A",,"A",,"R",1218,"A",,"A",,"A",,"A",,"A",
400187, 1,"R",487,"A",,"A",,"R",487,"A",,"A",,"A",,"A",,"A",
400187, 2,"R",487,"A",,"A",,"R",487,"A",,"A",,"A",,"A",,"A",
401223, 1,"R",348,"R",176,"R",83,"R",89,"R",92,"R",49,"R",0,"R",35,"R",0
401223, 2,"R",137,"R",90,"R",31,"R",16,"R",61,"R",24,"R",0,"R",5,"R",0
401223, 3,"R",137,"R",90,"R",31,"R",16,"R",61,"R",24,"R",0,"R",5,"R",0
401223,12,"R",211,"R",86,"R",52,"R",73,"R",31,"R",25,"R",0,"R",30,"R",0
401250, 1,"R",128,"A",,"A",,"R",128,"A",,"A",,"A",,"A",,"A",
401250,12,"R",128,"A",,"A",,"R",128,"A",,"A",,"A",,"A",,"A",
401481, 1,"R",34,"A",,"A",,"R",34,"A",,"A",,"A",,"A",,"A",
401481, 2,"R",34,"A",,"A",,"R",34,"A",,"A",,"A",,"A",,"A",
401764, 1,"R",230,"A",,"A",,"R",230,"A",,"A",,"A",,"A",,"A",
401764, 2,"R",230,"A",,"A",,"R",230,"A",,"A",,"A",,"A",,"A",
402563, 1,"R",59,"A",,"A",,"R",59,"A",,"A",,"A",,"A",,"A",
402563, 2,"R",59,"A",,"A",,"R",59,"A",,"A",,"A",,"A",,"A",
402776, 1,"R",49,"A",,"A",,"R",49,"A",,"A",,"A",,"A",,"A",
402776, 2,"R",47,"A",,"A",,"R",47,"A",,"A",,"A",,"A",,"A",
402776, 3,"R",47,"A",,"A",,"R",47,"A",,"A",,"A",,"A",,"A",
402776,12,"R",2,"A",,"A",,"R",2,"A",,"A",,"A",,"A",,"A",
402800, 1,"R",159,"A",,"A",,"R",159,"A",,"A",,"A",,"A",,"A",
402800, 2,"R",159,"A",,"A",,"R",159,"A",,"A",,"A",,"A",,"A",
403469, 1,"R",1931,"R",68,"R",94,"R",1769,"R",68,"R",0,"R",0,"R",0,"R",0
403469, 2,"R",1931,"R",68,"R",94,"R",1769,"R",68,"R",0,"R",0,"R",0,"R",0
403469, 3,"R",349,"R",10,"R",65,"R",274,"R",10,"R",0,"R",0,"R",0,"R",0
403469,11,"R",1582,"R",58,"R",29,"R",1495,"R",58,"R",0,"R",0,"R",0,"R",0
403478, 1,"R",892,"R",32,"R",190,"R",670,"R",28,"R",4,"R",0,"R",0,"R",0
403478, 2,"R",892,"R",32,"R",190,"R",670,"R",28,"R",4,"R",0,"R",0,"R",0
403478, 3,"R",465,"R",24,"R",183,"R",258,"R",20,"R",4,"R",0,"R",0,"R",0
403478,11,"R",427,"R",8,"R",7,"R",412,"R",8,"R",0,"R",0,"R",0,"R",0
403487, 1,"R",2777,"R",30,"R",252,"R",2495,"R",27,"R",3,"R",0,"R",0,"R",0
403487, 2,"R",2777,"R",30,"R",252,"R",2495,"R",27,"R",3,"R",0,"R",0,"R",0
403487, 3,"R",556,"R",23,"R",247,"R",286,"R",21,"R",2,"R",0,"R",0,"R",0
403487,11,"R",2221,"R",7,"R",5,"R",2209,"R",6,"R",1,"R",0,"R",0,"R",0
404037, 1,"R",19,"A",,"A",,"R",19,"A",,"A",,"A",,"A",,"A",
404037, 2,"R",19,"A",,"A",,"R",19,"A",,"A",,"A",,"A",,"A",
404055, 1,"R",373,"A",,"A",,"R",373,"A",,"A",,"A",,"A",,"A",
404055, 2,"R",373,"A",,"A",,"R",373,"A",,"A",,"A",,"A",,"A",
404055, 3,"R",373,"A",,"A",,"R",373,"A",,"A",,"A",,"A",,"A",
404222, 1,"R",218,"A",,"A",,"R",218,"A",,"A",,"A",,"A",,"A",
404222,12,"R",218,"A",,"A",,"R",218,"A",,"A",,"A",,"A",,"A",
404338, 1,"R",54,"R",54,"R",0,"R",0,"R",12,"R",21,"R",0,"R",13,"R",8
404338, 2,"R",35,"R",35,"R",0,"R",0,"R",8,"R",15,"R",0,"R",8,"R",4
404338, 3,"R",35,"R",35,"R",0,"R",0,"R",8,"R",15,"R",0,"R",8,"R",4
404338,12,"R",19,"R",19,"R",0,"R",0,"R",4,"R",6,"R",0,"R",5,"R",4
404426, 1,"R",3719,"R",450,"R",893,"R",2376,"R",415,"R",35,"R",0,"R",0,"R",0
404426, 2,"R",3719,"R",450,"R",893,"R",2376,"R",415,"R",35,"R",0,"R",0,"R",0
404426, 3,"R",2492,"R",386,"R",861,"R",1245,"R",356,"R",30,"R",0,"R",0,"R",0
404426,11,"R",1227,"R",64,"R",32,"R",1131,"R",59,"R",5,"R",0,"R",0,"R",0
404684, 1,"R",455,"A",,"A",,"R",455,"A",,"A",,"A",,"A",,"A",
404684, 2,"R",455,"A",,"A",,"R",455,"A",,"A",,"A",,"A",,"A",
404718, 1,"R",31,"A",,"A",,"R",31,"A",,"A",,"A",,"A",,"A",
404718, 2,"R",31,"A",,"A",,"R",31,"A",,"A",,"A",,"A",,"A",
404806, 1,"R",283,"R",2,"R",0,"R",281,"R",2,"R",0,"R",0,"R",0,"R",0
404806, 2,"R",283,"R",2,"R",0,"R",281,"R",2,"R",0,"R",0,"R",0,"R",0
404806, 3,"R",283,"R",2,"R",0,"R",281,"R",2,"R",0,"R",0,"R",0,"R",0
404912, 1,"R",631,"R",0,"R",0,"R",631,"A",,"A",,"A",,"A",,"A",
404912, 2,"R",631,"R",0,"R",0,"R",631,"A",,"A",,"A",,"A",,"A",
404912, 3,"R",631,"R",0,"R",0,"R",631,"A",,"A",,"A",,"A",,"A",
404994, 1,"R",4356,"R",3,"R",369,"R",3984,"R",3,"Z",0,"Z",0,"Z",0,"R",0
404994, 2,"R",4356,"R",3,"R",369,"R",3984,"R",3,"Z",0,"Z",0,"Z",0,"R",0
404994, 3,"R",4347,"R",3,"R",369,"R",3975,"R",3,"Z",0,"Z",0,"Z",0,"R",0
404994,11,"R",9,"R",0,"R",0,"R",9,"A",,"A",,"A",,"A",,"A",
405012, 1,"R",53,"A",,"A",,"R",53,"A",,"A",,"A",,"A",,"A",
405012, 2,"R",53,"A",,"A",,"R",53,"A",,"A",,"A",,"A",,"A",
405021, 1,"R",32,"A",,"A",,"R",32,"A",,"A",,"A",,"A",,"A",
405021, 2,"R",32,"A",,"A",,"R",32,"A",,"A",,"A",,"A",,"A",
405058, 1,"R",159,"A",,"A",,"R",159,"A",,"A",,"A",,"A",,"A",
405058, 2,"R",159,"A",,"A",,"R",159,"A",,"A",,"A",,"A",,"A",
405058, 3,"R",159,"A",,"A",,"R",159,"A",,"A",,"A",,"A",,"A",
405076, 1,"R",353,"R",0,"R",0,"R",353,"A",,"A",,"A",,"A",,"A",
405076, 2,"R",353,"R",0,"R",0,"R",353,"A",,"A",,"A",,"A",,"A",
405854, 1,"R",218,"A",,"A",,"R",218,"A",,"A",,"A",,"A",,"A",
405854, 2,"R",218,"A",,"A",,"R",218,"A",,"A",,"A",,"A",,"A",
405854, 3,"R",218,"A",,"A",,"R",218,"A",,"A",,"A",,"A",,"A",
405872, 1,"R",3050,"R",294,"R",626,"R",2130,"R",291,"R",3,"R",0,"R",0,"R",0
405872, 2,"R",3050,"R",294,"R",626,"R",2130,"R",291,"R",3,"R",0,"R",0,"R",0
405872, 3,"R",2441,"R",202,"R",575,"R",1664,"R",199,"R",3,"R",0,"R",0,"R",0
405872,11,"R",609,"R",92,"R",51,"R",466,"R",92,"R",0,"R",0,"R",0,"R",0
405997, 1,"R",91,"R",57,"R",7,"R",27,"R",23,"R",34,"R",0,"R",0,"R",0
405997, 2,"R",84,"R",53,"R",7,"R",24,"R",20,"R",33,"R",0,"R",0,"R",0
405997, 3,"R",84,"R",53,"R",7,"R",24,"R",20,"R",33,"R",0,"R",0,"R",0
405997,12,"R",7,"R",4,"R",0,"R",3,"R",3,"R",1,"R",0,"R",0,"R",0
406024, 1,"R",1303,"R",0,"R",730,"R",573,"A",,"A",,"A",,"A",,"A",
406024, 2,"R",1303,"R",0,"R",730,"R",573,"A",,"A",,"A",,"A",,"A",
406024, 3,"R",1303,"R",0,"R",730,"R",573,"A",,"A",,"A",,"A",,"A",
406033, 1,"R",1510,"R",0,"R",883,"R",627,"A",,"A",,"A",,"A",,"A",
406033, 2,"R",1510,"R",0,"R",883,"R",627,"A",,"A",,"A",,"A",,"A",
406033, 3,"R",1510,"R",0,"R",883,"R",627,"A",,"A",,"A",,"A",,"A",
406149, 1,"R",94,"A",,"A",,"R",94,"A",,"A",,"A",,"A",,"A",
406149, 2,"R",94,"A",,"A",,"R",94,"A",,"A",,"A",,"A",,"A",
406325, 1,"R",150,"A",,"A",,"R",150,"A",,"A",,"A",,"A",,"A",
406325, 2,"R",150,"A",,"A",,"R",150,"A",,"A",,"A",,"A",,"A",
406325, 3,"R",150,"A",,"A",,"R",150,"A",,"A",,"A",,"A",,"A",
406361, 1,"R",17,"A",,"A",,"R",17,"A",,"A",,"A",,"A",,"A",
406361, 2,"R",17,"A",,"A",,"R",17,"A",,"A",,"A",,"A",,"A",
406361, 3,"R",17,"A",,"A",,"R",17,"A",,"A",,"A",,"A",,"A",
406413, 1,"R",43,"A",,"A",,"R",43,"A",,"A",,"A",,"A",,"A",
406413, 2,"R",43,"A",,"A",,"R",43,"A",,"A",,"A",,"A",,"A",
406422, 1,"R",83,"A",,"A",,"R",83,"A",,"A",,"A",,"A",,"A",
406422, 2,"R",83,"A",,"A",,"R",83,"A",,"A",,"A",,"A",,"A",
406422, 3,"R",83,"A",,"A",,"R",83,"A",,"A",,"A",,"A",,"A",
406486, 1,"R",75,"A",,"A",,"R",75,"A",,"A",,"A",,"A",,"A",
406486, 2,"R",75,"A",,"A",,"R",75,"A",,"A",,"A",,"A",,"A",
406547, 1,"R",190,"R",0,"R",21,"R",169,"A",,"A",,"A",,"A",,"A",
406547, 2,"R",190,"R",0,"R",21,"R",169,"A",,"A",,"A",,"A",,"A",
406547, 3,"R",190,"R",0,"R",21,"R",169,"A",,"A",,"A",,"A",,"A",
407009, 1,"R",4445,"R",75,"R",2389,"R",1981,"R",19,"R",51,"R",0,"R",5,"R",0
407009, 2,"R",4047,"R",0,"R",2316,"R",1731,"A",,"A",,"A",,"A",,"A",
407009, 3,"R",3981,"R",0,"R",2316,"R",1665,"A",,"A",,"A",,"A",,"A",
407009,11,"R",66,"R",0,"R",0,"R",66,"A",,"A",,"A",,"A",,"A",
407009,12,"R",398,"R",75,"R",73,"R",250,"R",19,"R",51,"R",0,"R",5,"R",0
407054, 1,"R",119,"A",,"A",,"R",119,"A",,"A",,"A",,"A",,"A",
407054, 2,"R",119,"A",,"A",,"R",119,"A",,"A",,"A",,"A",,"A",
407090, 1,"R",367,"A",,"A",,"R",367,"A",,"A",,"A",,"A",,"A",
407090, 2,"R",367,"A",,"A",,"R",367,"A",,"A",,"A",,"A",,"A",
407142, 1,"R",104,"A",,"A",,"R",104,"A",,"A",,"A",,"A",,"A",
407142, 2,"R",104,"A",,"A",,"R",104,"A",,"A",,"A",,"A",,"A",
407151, 1,"R",81,"A",,"A",,"R",81,"A",,"A",,"A",,"A",,"A",
407151, 2,"R",81,"A",,"A",,"R",81,"A",,"A",,"A",,"A",,"A",
407179, 1,"R",59,"A",,"A",,"R",59,"A",,"A",,"A",,"A",,"A",
407179, 2,"R",59,"A",,"A",,"R",59,"A",,"A",,"A",,"A",,"A",
407355, 1,"R",191,"A",,"A",,"R",191,"A",,"A",,"A",,"A",,"A",
407355, 2,"R",191,"A",,"A",,"R",191,"A",,"A",,"A",,"A",,"A",
407391, 1,"R",128,"A",,"A",,"R",128,"A",,"A",,"A",,"A",,"A",
407391, 2,"R",128,"A",,"A",,"R",128,"A",,"A",,"A",,"A",,"A",
407407, 1,"R",107,"A",,"A",,"R",107,"A",,"A",,"A",,"A",,"A",
407407, 2,"R",107,"A",,"A",,"R",107,"A",,"A",,"A",,"A",,"A",
407425, 1,"R",97,"A",,"A",,"R",97,"A",,"A",,"A",,"A",,"A",
407425, 2,"R",97,"A",,"A",,"R",97,"A",,"A",,"A",,"A",,"A",
407434, 1,"R",42,"A",,"A",,"R",42,"A",,"A",,"A",,"A",,"A",
407434, 2,"R",42,"A",,"A",,"R",42,"A",,"A",,"A",,"A",,"A",
407461, 1,"R",153,"A",,"A",,"R",153,"A",,"A",,"A",,"A",,"A",
407461, 2,"R",153,"A",,"A",,"R",153,"A",,"A",,"A",,"A",,"A",
407461, 3,"R",153,"A",,"A",,"R",153,"A",,"A",,"A",,"A",,"A",
407470, 1,"R",150,"A",,"A",,"R",150,"A",,"A",,"A",,"A",,"A",
407470, 2,"R",150,"A",,"A",,"R",150,"A",,"A",,"A",,"A",,"A",
407489, 1,"R",79,"A",,"A",,"R",79,"A",,"A",,"A",,"A",,"A",
407489, 2,"R",79,"A",,"A",,"R",79,"A",,"A",,"A",,"A",,"A",
407489, 3,"R",79,"A",,"A",,"R",79,"A",,"A",,"A",,"A",,"A",
407513, 1,"R",258,"A",,"A",,"R",258,"A",,"A",,"A",,"A",,"A",
407513, 2,"R",258,"A",,"A",,"R",258,"A",,"A",,"A",,"A",,"A",
407513, 3,"R",258,"A",,"A",,"R",258,"A",,"A",,"A",,"A",,"A",
407522, 1,"R",10,"A",,"A",,"R",10,"A",,"A",,"A",,"A",,"A",
407522, 2,"R",10,"A",,"A",,"R",10,"A",,"A",,"A",,"A",,"A",
407522, 3,"R",10,"A",,"A",,"R",10,"A",,"A",,"A",,"A",,"A",
407568, 1,"R",109,"A",,"A",,"R",109,"A",,"A",,"A",,"A",,"A",
407568, 2,"R",109,"A",,"A",,"R",109,"A",,"A",,"A",,"A",,"A",
407577, 1,"R",93,"A",,"A",,"R",93,"A",,"A",,"A",,"A",,"A",
407577, 2,"R",93,"A",,"A",,"R",93,"A",,"A",,"A",,"A",,"A",
407577, 3,"R",93,"A",,"A",,"R",93,"A",,"A",,"A",,"A",,"A",
407595, 1,"R",77,"A",,"A",,"R",77,"A",,"A",,"A",,"A",,"A",
407595, 2,"R",77,"A",,"A",,"R",77,"A",,"A",,"A",,"A",,"A",
407595, 3,"R",77,"A",,"A",,"R",77,"A",,"A",,"A",,"A",,"A",
407601, 1,"R",111,"A",,"A",,"R",111,"A",,"A",,"A",,"A",,"A",
407601, 2,"R",111,"A",,"A",,"R",111,"A",,"A",,"A",,"A",,"A",
407601, 3,"R",8,"A",,"A",,"R",8,"A",,"A",,"A",,"A",,"A",
407601,11,"R",103,"A",,"A",,"R",103,"A",,"A",,"A",,"A",,"A",
407610, 1,"R",45,"R",0,"R",0,"R",45,"A",,"A",,"A",,"A",,"A",
407610, 2,"R",45,"R",0,"R",0,"R",45,"A",,"A",,"A",,"A",,"A",
407610, 3,"R",36,"R",0,"R",0,"R",36,"A",,"A",,"A",,"A",,"A",
407610,11,"R",9,"Z",0,"Z",0,"R",9,"A",,"A",,"A",,"A",,"A",
407629, 1,"R",4229,"R",0,"R",309,"R",3920,"A",,"A",,"A",,"A",,"A",
407629, 2,"R",6,"R",0,"R",0,"R",6,"A",,"A",,"A",,"A",,"A",
407629, 3,"R",6,"R",0,"R",0,"R",6,"A",,"A",,"A",,"A",,"A",
407629,12,"R",4223,"R",0,"R",309,"R",3914,"A",,"A",,"A",,"A",,"A",
407683, 1,"R",105,"A",,"A",,"R",105,"A",,"A",,"A",,"A",,"A",
407683, 2,"R",105,"A",,"A",,"R",105,"A",,"A",,"A",,"A",,"A",
407708, 1,"R",180,"A",,"A",,"R",180,"A",,"A",,"A",,"A",,"A",
407708, 2,"R",180,"A",,"A",,"R",180,"A",,"A",,"A",,"A",,"A",
407735, 1,"R",31,"A",,"A",,"R",31,"A",,"A",,"A",,"A",,"A",
407735, 2,"R",31,"A",,"A",,"R",31,"A",,"A",,"A",,"A",,"A",
407832, 1,"R",241,"A",,"A",,"R",241,"A",,"A",,"A",,"A",,"A",
407832, 2,"R",241,"A",,"A",,"R",241,"A",,"A",,"A",,"A",,"A",
407832, 3,"R",241,"A",,"A",,"R",241,"A",,"A",,"A",,"A",,"A",
408066, 1,"R",136,"A",,"A",,"R",136,"A",,"A",,"A",,"A",,"A",
408066, 2,"R",136,"A",,"A",,"R",136,"A",,"A",,"A",,"A",,"A",
408163, 1,"R",45,"A",,"A",,"R",45,"A",,"A",,"A",,"A",,"A",
408163, 2,"R",45,"A",,"A",,"R",45,"A",,"A",,"A",,"A",,"A",
408385, 1,"R",472,"R",0,"R",0,"R",472,"A",,"A",,"A",,"A",,"A",
408385, 2,"R",472,"R",0,"R",0,"R",472,"A",,"A",,"A",,"A",,"A",
408729, 1,"R",115,"A",,"A",,"R",115,"A",,"A",,"A",,"A",,"A",
408729, 2,"R",115,"A",,"A",,"R",115,"A",,"A",,"A",,"A",,"A",
408729, 3,"R",114,"A",,"A",,"R",114,"A",,"A",,"A",,"A",,"A",
408729,11,"R",1,"A",,"A",,"R",1,"A",,"A",,"A",,"A",,"A",
408844, 1,"R",4044,"R",413,"R",1791,"R",1840,"R",384,"R",29,"R",0,"R",0,"R",0
408844, 2,"R",3818,"R",386,"R",1606,"R",1826,"R",361,"R",25,"R",0,"R",0,"R",0
408844, 3,"R",3153,"R",360,"R",1598,"R",1195,"R",335,"R",25,"R",0,"R",0,"R",0
408844,11,"R",665,"R",26,"R",8,"R",631,"R",26,"R",0,"R",0,"R",0,"R",0
408844,12,"R",226,"R",27,"R",185,"R",14,"R",23,"R",4,"R",0,"R",0,"R",0
408862, 1,"R",311,"A",,"A",,"R",311,"A",,"A",,"A",,"A",,"A",
408862, 2,"R",311,"A",,"A",,"R",311,"A",,"A",,"A",,"A",,"A",
409032, 1,"R",77,"A",,"A",,"R",77,"A",,"A",,"A",,"A",,"A",
409032, 2,"R",77,"A",,"A",,"R",77,"A",,"A",,"A",,"A",,"A",
409120, 1,"R",134,"A",,"A",,"R",134,"A",,"A",,"A",,"A",,"A",
409120, 2,"R",134,"A",,"A",,"R",134,"A",,"A",,"A",,"A",,"A",
409120, 3,"R",134,"A",,"A",,"R",134,"A",,"A",,"A",,"A",,"A",
409193, 1,"R",272,"A",,"A",,"R",272,"A",,"A",,"A",,"A",,"A",
409193, 2,"R",272,"A",,"A",,"R",272,"A",,"A",,"A",,"A",,"A",
409254, 1,"R",342,"R",107,"R",41,"R",194,"R",53,"R",54,"R",0,"R",0,"R",0
409254,12,"R",342,"R",107,"R",41,"R",194,"R",53,"R",54,"R",0,"R",0,"R",0
409315, 1,"R",31949,"R",3408,"R",5183,"R",23358,"R",3369,"R",30,"R",8,"Z",0,"R",1
409315, 2,"R",31949,"R",3408,"R",5183,"R",23358,"R",3369,"R",30,"R",8,"Z",0,"R",1
409315, 3,"R",18812,"R",3227,"R",4071,"R",11514,"R",3197,"R",29,"Z",0,"Z",0,"R",1
409315,11,"R",13137,"R",181,"R",1112,"R",11844,"R",172,"R",1,"R",8,"Z",0,"R",0
409537, 1,"R",13,"A",,"A",,"R",13,"A",,"A",,"A",,"A",,"A",
409537, 2,"R",13,"A",,"A",,"R",13,"A",,"A",,"A",,"A",,"A",
409537, 3,"R",13,"A",,"A",,"R",13,"A",,"A",,"A",,"A",,"A",
409591, 1,"R",138,"A",,"A",,"R",138,"A",,"A",,"A",,"A",,"A",
409591, 2,"R",138,"A",,"A",,"R",138,"A",,"A",,"A",,"A",,"A",
409591, 3,"R",138,"A",,"A",,"R",138,"A",,"A",,"A",,"A",,"A",
409616, 1,"R",462,"R",0,"R",7,"R",455,"A",,"A",,"A",,"A",,"A",
409616,12,"R",462,"R",0,"R",7,"R",455,"A",,"A",,"A",,"A",,"A",
409698, 1,"R",7540,"R",487,"R",2205,"R",4848,"R",475,"R",8,"Z",0,"R",4,"R",0
409698, 2,"R",6709,"R",157,"R",2076,"R",4476,"R",155,"R",2,"Z",0,"R",0,"R",0
409698, 3,"R",6502,"R",154,"R",2055,"R",4293,"R",152,"R",2,"Z",0,"R",0,"R",0
409698,11,"R",207,"R",3,"R",21,"R",183,"R",3,"R",0,"Z",0,"R",0,"R",0
409698,12,"R",831,"R",330,"R",129,"R",372,"R",320,"R",6,"Z",0,"R",4,"R",0
410496, 1,"R",222,"R",3,"R",63,"R",156,"R",3,"R",0,"R",0,"R",0,"R",0
410496, 2,"R",222,"R",3,"R",63,"R",156,"R",3,"R",0,"R",0,"R",0,"R",0
410496, 3,"R",207,"R",3,"R",63,"R",141,"R",3,"R",0,"R",0,"R",0,"R",0
410496,11,"R",15,"R",0,"R",0,"R",15,"A",,"A",,"A",,"A",,"A",
410797, 1,"R",203,"R",0,"R",203,"R",0,"A",,"A",,"A",,"A",,"A",
410797, 2,"R",203,"R",0,"R",203,"R",0,"A",,"A",,"A",,"A",,"A",
410964, 1,"R",40,"R",0,"R",0,"R",40,"A",,"A",,"A",,"A",,"A",
410964, 2,"R",40,"R",0,"R",0,"R",40,"A",,"A",,"A",,"A",,"A",
411684, 1,"R",203,"A",,"A",,"R",203,"A",,"A",,"A",,"A",,"A",
411684, 2,"R",203,"A",,"A",,"R",203,"A",,"A",,"A",,"A",,"A",
411754, 1,"R",39,"A",,"A",,"R",39,"A",,"A",,"A",,"A",,"A",
411754, 2,"R",39,"A",,"A",,"R",39,"A",,"A",,"A",,"A",,"A",
412173, 1,"R",466,"R",0,"R",126,"R",340,"A",,"A",,"A",,"A",,"A",
412173, 2,"R",466,"R",0,"R",126,"R",340,"A",,"A",,"A",,"A",,"A",
412173, 3,"R",466,"R",0,"R",126,"R",340,"A",,"A",,"A",,"A",,"A",
412535, 1,"R",32,"A",,"A",,"R",32,"A",,"A",,"A",,"A",,"A",
412535, 2,"R",32,"A",,"A",,"R",32,"A",,"A",,"A",,"A",,"A",
412535, 3,"R",32,"A",,"A",,"R",32,"A",,"A",,"A",,"A",,"A",
412544, 1,"R",112,"A",,"A",,"R",112,"A",,"A",,"A",,"A",,"A",
412544, 2,"R",112,"A",,"A",,"R",112,"A",,"A",,"A",,"A",,"A",
412599, 1,"R",611,"Z",0,"R",592,"R",19,"A",,"A",,"A",,"A",,"A",
412599, 2,"R",611,"Z",0,"R",592,"R",19,"A",,"A",,"A",,"A",,"A",
412599, 3,"R",611,"Z",0,"R",592,"R",19,"A",,"A",,"A",,"A",,"A",
413176, 1,"R",36,"A",,"A",,"R",36,"A",,"A",,"A",,"A",,"A",
413176, 2,"R",36,"A",,"A",,"R",36,"A",,"A",,"A",,"A",,"A",
413176, 3,"R",36,"A",,"A",,"R",36,"A",,"A",,"A",,"A",,"A",
413413, 1,"R",37171,"R",37171,"A",,"A",,"R",1445,"R",35549,"R",0,"R",177,"R",0
413413, 2,"R",9815,"R",9815,"A",,"A",,"R",504,"R",9278,"R",0,"R",33,"R",0
413413, 3,"R",9799,"R",9799,"A",,"A",,"R",504,"R",9262,"R",0,"R",33,"R",0
413413,11,"R",16,"R",16,"A",,"A",,"R",0,"R",16,"R",0,"R",0,"R",0
413413,12,"R",27356,"R",27356,"A",,"A",,"R",941,"R",26271,"R",0,"R",144,"R",0
413617, 1,"R",237,"R",0,"R",84,"R",153,"A",,"A",,"A",,"A",,"A",
413617, 2,"R",237,"R",0,"R",84,"R",153,"A",,"A",,"A",,"A",,"A",
413617, 3,"R",212,"R",0,"R",60,"R",152,"A",,"A",,"A",,"A",,"A",
413617,11,"R",25,"R",0,"R",24,"R",1,"A",,"A",,"A",,"A",,"A",
413626, 1,"R",173,"R",3,"R",50,"R",120,"R",3,"R",0,"R",0,"R",0,"R",0
413626, 2,"R",173,"R",3,"R",50,"R",120,"R",3,"R",0,"R",0,"R",0,"R",0
413626, 3,"R",155,"R",3,"R",50,"R",102,"R",3,"R",0,"R",0,"R",0,"R",0
413626,11,"R",18,"R",0,"R",0,"R",18,"A",,"A",,"A",,"A",,"A",
413680, 1,"R",420,"A",,"A",,"R",420,"A",,"A",,"A",,"A",,"A",
413680, 2,"R",420,"A",,"A",,"R",420,"A",,"A",,"A",,"A",,"A",
413680, 3,"R",420,"A",,"A",,"R",420,"A",,"A",,"A",,"A",,"A",
413778, 1,"R",138,"A",,"A",,"R",138,"A",,"A",,"A",,"A",,"A",
413778, 2,"R",138,"A",,"A",,"R",138,"A",,"A",,"A",,"A",,"A",
413802, 1,"R",139,"A",,"A",,"R",139,"A",,"A",,"A",,"A",,"A",
413802, 2,"R",139,"A",,"A",,"R",139,"A",,"A",,"A",,"A",,"A",
413802, 3,"R",139,"A",,"A",,"R",139,"A",,"A",,"A",,"A",,"A",
413820, 1,"R",18,"A",,"A",,"R",18,"A",,"A",,"A",,"A",,"A",
413820, 2,"R",18,"A",,"A",,"R",18,"A",,"A",,"A",,"A",,"A",
413893, 1,"R",856,"A",,"A",,"R",856,"A",,"A",,"A",,"A",,"A",
413893, 2,"R",856,"A",,"A",,"R",856,"A",,"A",,"A",,"A",,"A",
413945, 1,"R",78,"A",,"A",,"R",78,"A",,"A",,"A",,"A",,"A",
413945, 2,"R",78,"A",,"A",,"R",78,"A",,"A",,"A",,"A",,"A",
413972, 1,"R",30,"A",,"A",,"R",30,"A",,"A",,"A",,"A",,"A",
413972, 2,"R",30,"A",,"A",,"R",30,"A",,"A",,"A",,"A",,"A",
414063, 1,"R",137,"A",,"A",,"R",137,"A",,"A",,"A",,"A",,"A",
414063, 2,"R",137,"A",,"A",,"R",137,"A",,"A",,"A",,"A",,"A",
414124, 1,"R",196,"A",,"A",,"R",196,"A",,"A",,"A",,"A",,"A",
414124, 2,"R",196,"A",,"A",,"R",196,"A",,"A",,"A",,"A",,"A",
414461, 1,"R",2416,"A",,"A",,"R",2416,"A",,"A",,"A",,"A",,"A",
414461, 2,"R",2416,"A",,"A",,"R",2416,"A",,"A",,"A",,"A",,"A",
414461, 3,"R",2416,"A",,"A",,"R",2416,"A",,"A",,"A",,"A",,"A",
414489, 1,"R",104,"A",,"A",,"R",104,"A",,"A",,"A",,"A",,"A",
414489, 2,"R",104,"A",,"A",,"R",104,"A",,"A",,"A",,"A",,"A",
414540, 1,"R",275,"A",,"A",,"R",275,"A",,"A",,"A",,"A",,"A",
414540, 2,"R",275,"A",,"A",,"R",275,"A",,"A",,"A",,"A",,"A",
414595, 1,"R",581,"R",28,"R",53,"R",500,"R",11,"R",17,"Z",0,"Z",0,"R",0
414595, 2,"R",188,"R",28,"R",53,"R",107,"R",11,"R",17,"Z",0,"Z",0,"R",0
414595, 3,"R",152,"R",28,"R",30,"R",94,"R",11,"R",17,"Z",0,"Z",0,"R",0
414595,11,"R",36,"R",0,"R",23,"R",13,"A",,"A",,"A",,"A",,"A",
414595,12,"R",393,"A",,"A",,"R",393,"A",,"A",,"A",,"A",,"A",
414823, 1,"R",1361,"R",35,"R",139,"R",1187,"R",21,"R",12,"R",0,"R",2,"R",0
414823, 2,"R",1315,"R",30,"R",124,"R",1161,"R",16,"R",12,"R",0,"R",2,"R",0
414823, 3,"R",1309,"R",30,"R",124,"R",1155,"R",16,"R",12,"R",0,"R",2,"R",0
414823,11,"R",6,"R",0,"R",0,"R",6,"A",,"A",,"A",,"A",,"A",
414823,12,"R",46,"R",5,"R",15,"R",26,"R",5,"R",0,"R",0,"R",0,"R",0
414869, 1,"R",217,"A",,"A",,"R",217,"A",,"A",,"A",,"A",,"A",
414869, 2,"R",217,"A",,"A",,"R",217,"A",,"A",,"A",,"A",,"A",
414878, 1,"R",652,"R",358,"R",248,"R",46,"R",217,"R",125,"Z",0,"Z",0,"R",16
414878, 2,"R",303,"R",167,"R",96,"R",40,"R",105,"R",62,"Z",0,"Z",0,"R",0
414878, 3,"R",302,"R",166,"R",96,"R",40,"R",105,"R",61,"Z",0,"Z",0,"R",0
414878,11,"R",1,"R",1,"Z",0,"R",0,"Z",0,"R",1,"Z",0,"Z",0,"R",0
414878,12,"R",349,"R",191,"R",152,"R",6,"R",112,"R",63,"Z",0,"Z",0,"R",16
414911, 1,"R",2658,"R",173,"R",454,"R",2031,"R",172,"R",1,"R",0,"R",0,"R",0
414911, 2,"R",2658,"R",173,"R",454,"R",2031,"R",172,"R",1,"R",0,"R",0,"R",0
414911, 3,"R",1029,"R",99,"R",327,"R",603,"R",99,"R",0,"R",0,"R",0,"R",0
414911,11,"R",1629,"R",74,"R",127,"R",1428,"R",73,"R",1,"R",0,"R",0,"R",0
414939, 1,"R",294,"A",,"A",,"R",294,"A",,"A",,"A",,"A",,"A",
414939, 2,"R",294,"A",,"A",,"R",294,"A",,"A",,"A",,"A",,"A",
414939, 3,"R",294,"A",,"A",,"R",294,"A",,"A",,"A",,"A",,"A",
414966, 1,"R",138,"R",18,"R",54,"R",66,"R",7,"R",10,"R",0,"R",1,"R",0
414966,12,"R",138,"R",18,"R",54,"R",66,"R",7,"R",10,"R",0,"R",1,"R",0
415039, 1,"R",74,"A",,"A",,"R",74,"A",,"A",,"A",,"A",,"A",
415039, 2,"R",74,"A",,"A",,"R",74,"A",,"A",,"A",,"A",,"A",
415057, 1,"R",122,"R",0,"R",0,"R",122,"A",,"A",,"A",,"A",,"A",
415057, 2,"R",122,"R",0,"R",0,"R",122,"A",,"A",,"A",,"A",,"A",
415987, 1,"R",126,"A",,"A",,"R",126,"A",,"A",,"A",,"A",,"A",
415987, 2,"R",126,"A",,"A",,"R",126,"A",,"A",,"A",,"A",,"A",
416458, 1,"R",162,"A",,"A",,"R",162,"A",,"A",,"A",,"A",,"A",
416458, 2,"R",162,"A",,"A",,"R",162,"A",,"A",,"A",,"A",,"A",
416801, 1,"R",376,"R",13,"R",0,"R",363,"R",10,"R",3,"R",0,"R",0,"R",0
416801, 2,"R",356,"R",13,"R",0,"R",343,"R",10,"R",3,"R",0,"R",0,"R",0
416801, 3,"R",356,"R",13,"R",0,"R",343,"R",10,"R",3,"R",0,"R",0,"R",0
416801,12,"R",20,"A",,"A",,"R",20,"A",,"A",,"A",,"A",,"A",
417008, 1,"R",165,"A",,"A",,"R",165,"A",,"A",,"A",,"A",,"A",
417008, 2,"R",165,"A",,"A",,"R",165,"A",,"A",,"A",,"A",,"A",
417062, 1,"R",63,"A",,"A",,"R",63,"A",,"A",,"A",,"A",,"A",
417062, 2,"R",63,"A",,"A",,"R",63,"A",,"A",,"A",,"A",,"A",
417105, 1,"R",399,"A",,"A",,"R",399,"A",,"A",,"A",,"A",,"A",
417105, 2,"R",399,"A",,"A",,"R",399,"A",,"A",,"A",,"A",,"A",
417105, 3,"R",399,"A",,"A",,"R",399,"A",,"A",,"A",,"A",,"A",
417123, 1,"R",80,"A",,"A",,"R",80,"A",,"A",,"A",,"A",,"A",
417123, 2,"R",80,"A",,"A",,"R",80,"A",,"A",,"A",,"A",,"A",
417123, 3,"R",80,"A",,"A",,"R",80,"A",,"A",,"A",,"A",,"A",
417248, 1,"R",59,"A",,"A",,"R",59,"A",,"A",,"A",,"A",,"A",
417248, 2,"R",59,"A",,"A",,"R",59,"A",,"A",,"A",,"A",,"A",
417248, 3,"R",59,"A",,"A",,"R",59,"A",,"A",,"A",,"A",,"A",
417275, 1,"R",54,"A",,"A",,"R",54,"A",,"A",,"A",,"A",,"A",
417275, 2,"R",54,"A",,"A",,"R",54,"A",,"A",,"A",,"A",,"A",
417275, 3,"R",54,"A",,"A",,"R",54,"A",,"A",,"A",,"A",,"A",
417327, 1,"R",168,"R",0,"R",30,"R",138,"A",,"A",,"A",,"A",,"A",
417327, 2,"R",168,"R",0,"R",30,"R",138,"A",,"A",,"A",,"A",,"A",
417327, 3,"R",168,"R",0,"R",30,"R",138,"A",,"A",,"A",,"A",,"A",
417381, 1,"R",76,"A",,"A",,"R",76,"A",,"A",,"A",,"A",,"A",
417381, 2,"R",76,"A",,"A",,"R",76,"A",,"A",,"A",,"A",,"A",
417406, 1,"R",25,"A",,"A",,"R",25,"A",,"A",,"A",,"A",,"A",
417406, 2,"R",25,"A",,"A",,"R",25,"A",,"A",,"A",,"A",,"A",
417442, 1,"R",84,"A",,"A",,"R",84,"A",,"A",,"A",,"A",,"A",
417442, 2,"R",84,"A",,"A",,"R",84,"A",,"A",,"A",,"A",,"A",
417442, 3,"R",84,"A",,"A",,"R",84,"A",,"A",,"A",,"A",,"A",
417503, 1,"R",360,"A",,"A",,"R",360,"A",,"A",,"A",,"A",,"A",
417503, 2,"R",360,"A",,"A",,"R",360,"A",,"A",,"A",,"A",,"A",
417549, 1,"R",161,"A",,"A",,"R",161,"A",,"A",,"A",,"A",,"A",
417549, 2,"R",161,"A",,"A",,"R",161,"A",,"A",,"A",,"A",,"A",
417600, 1,"R",21,"A",,"A",,"R",21,"A",,"A",,"A",,"A",,"A",
417600, 2,"R",21,"A",,"A",,"R",21,"A",,"A",,"A",,"A",,"A",
417628, 1,"R",32,"A",,"A",,"R",32,"A",,"A",,"A",,"A",,"A",
417628, 2,"R",32,"A",,"A",,"R",32,"A",,"A",,"A",,"A",,"A",
417628, 3,"R",32,"A",,"A",,"R",32,"A",,"A",,"A",,"A",,"A",
417637, 1,"R",61,"A",,"A",,"R",61,"A",,"A",,"A",,"A",,"A",
417637, 2,"R",61,"A",,"A",,"R",61,"A",,"A",,"A",,"A",,"A",
417637, 3,"R",61,"A",,"A",,"R",61,"A",,"A",,"A",,"A",,"A",
417646, 1,"R",23,"A",,"A",,"R",23,"A",,"A",,"A",,"A",,"A",
417646, 2,"R",23,"A",,"A",,"R",23,"A",,"A",,"A",,"A",,"A",
417646, 3,"R",23,"A",,"A",,"R",23,"A",,"A",,"A",,"A",,"A",
417655, 1,"R",29,"A",,"A",,"R",29,"A",,"A",,"A",,"A",,"A",
417655, 2,"R",29,"A",,"A",,"R",29,"A",,"A",,"A",,"A",,"A",
417655, 3,"R",29,"A",,"A",,"R",29,"A",,"A",,"A",,"A",,"A",
417673, 1,"R",21,"A",,"A",,"R",21,"A",,"A",,"A",,"A",,"A",
417673, 2,"R",21,"A",,"A",,"R",21,"A",,"A",,"A",,"A",,"A",
417673, 3,"R",21,"A",,"A",,"R",21,"A",,"A",,"A",,"A",,"A",
417682, 1,"R",20,"A",,"A",,"R",20,"A",,"A",,"A",,"A",,"A",
417682, 2,"R",20,"A",,"A",,"R",20,"A",,"A",,"A",,"A",,"A",
417682, 3,"R",20,"A",,"A",,"R",20,"A",,"A",,"A",,"A",,"A",
417716, 1,"R",164,"A",,"A",,"R",164,"A",,"A",,"A",,"A",,"A",
417716, 2,"R",164,"A",,"A",,"R",164,"A",,"A",,"A",,"A",,"A",
417716, 3,"R",164,"A",,"A",,"R",164,"A",,"A",,"A",,"A",,"A",
417725, 1,"R",67,"A",,"A",,"R",67,"A",,"A",,"A",,"A",,"A",
417725, 2,"R",67,"A",,"A",,"R",67,"A",,"A",,"A",,"A",,"A",
417734, 1,"R",175,"A",,"A",,"R",175,"A",,"A",,"A",,"A",,"A",
417734, 2,"R",175,"A",,"A",,"R",175,"A",,"A",,"A",,"A",,"A",
417734, 3,"R",174,"A",,"A",,"R",174,"A",,"A",,"A",,"A",,"A",
417734,11,"R",1,"A",,"A",,"R",1,"A",,"A",,"A",,"A",,"A",
417752, 1,"R",45,"R",15,"R",0,"R",30,"R",6,"R",9,"R",0,"R",0,"R",0
417752, 2,"R",45,"R",15,"R",0,"R",30,"R",6,"R",9,"R",0,"R",0,"R",0
417752, 3,"R",45,"R",15,"R",0,"R",30,"R",6,"R",9,"R",0,"R",0,"R",0
417804, 1,"R",93,"A",,"A",,"R",93,"A",,"A",,"A",,"A",,"A",
417804, 2,"R",93,"A",,"A",,"R",93,"A",,"A",,"A",,"A",,"A",
417831, 1,"R",96,"A",,"A",,"R",96,"A",,"A",,"A",,"A",,"A",
417831, 2,"R",96,"A",,"A",,"R",96,"A",,"A",,"A",,"A",,"A",
417831, 3,"R",96,"A",,"A",,"R",96,"A",,"A",,"A",,"A",,"A",
417840, 1,"R",77,"A",,"A",,"R",77,"A",,"A",,"A",,"A",,"A",
417840, 2,"R",77,"A",,"A",,"R",77,"A",,"A",,"A",,"A",,"A",
417868, 1,"R",69,"A",,"A",,"R",69,"A",,"A",,"A",,"A",,"A",
417868, 2,"R",69,"A",,"A",,"R",69,"A",,"A",,"A",,"A",,"A",
417868, 3,"R",69,"A",,"A",,"R",69,"A",,"A",,"A",,"A",,"A",
417886, 1,"R",34,"A",,"A",,"R",34,"A",,"A",,"A",,"A",,"A",
417886, 2,"R",34,"A",,"A",,"R",34,"A",,"A",,"A",,"A",,"A",
417886, 3,"R",34,"A",,"A",,"R",34,"A",,"A",,"A",,"A",,"A",
417910, 1,"R",207,"A",,"A",,"R",207,"A",,"A",,"A",,"A",,"A",
417910, 2,"R",207,"A",,"A",,"R",207,"A",,"A",,"A",,"A",,"A",
417910, 3,"R",207,"A",,"A",,"R",207,"A",,"A",,"A",,"A",,"A",
417983, 1,"R",55,"Z",0,"R",22,"R",33,"A",,"A",,"A",,"A",,"A",
417983, 2,"R",55,"Z",0,"R",22,"R",33,"A",,"A",,"A",,"A",,"A",
417983, 3,"R",55,"Z",0,"R",22,"R",33,"A",,"A",,"A",,"A",,"A",
417992, 1,"R",80,"A",,"A",,"R",80,"A",,"A",,"A",,"A",,"A",
417992, 2,"R",80,"A",,"A",,"R",80,"A",,"A",,"A",,"A",,"A",
417992, 3,"R",80,"A",,"A",,"R",80,"A",,"A",,"A",,"A",,"A",
418001, 1,"R",228,"A",,"A",,"R",228,"A",,"A",,"A",,"A",,"A",
418001, 2,"R",228,"A",,"A",,"R",228,"A",,"A",,"A",,"A",,"A",
418001, 3,"R",228,"A",,"A",,"R",228,"A",,"A",,"A",,"A",,"A",
418010, 1,"R",64,"A",,"A",,"R",64,"A",,"A",,"A",,"A",,"A",
418010, 2,"R",64,"A",,"A",,"R",64,"A",,"A",,"A",,"A",,"A",
418010, 3,"R",64,"A",,"A",,"R",64,"A",,"A",,"A",,"A",,"A",
418029, 1,"R",9,"A",,"A",,"R",9,"A",,"A",,"A",,"A",,"A",
418029, 2,"R",9,"A",,"A",,"R",9,"A",,"A",,"A",,"A",,"A",
418029, 3,"R",9,"A",,"A",,"R",9,"A",,"A",,"A",,"A",,"A",
418038, 1,"R",170,"A",,"A",,"R",170,"A",,"A",,"A",,"A",,"A",
418038, 2,"R",170,"A",,"A",,"R",170,"A",,"A",,"A",,"A",,"A",
418038, 3,"R",170,"A",,"A",,"R",170,"A",,"A",,"A",,"A",,"A",
418056, 1,"R",51,"A",,"A",,"R",51,"A",,"A",,"A",,"A",,"A",
418056, 2,"R",51,"A",,"A",,"R",51,"A",,"A",,"A",,"A",,"A",
418056, 3,"R",51,"A",,"A",,"R",51,"A",,"A",,"A",,"A",,"A",
418065, 1,"R",272,"A",,"A",,"R",272,"A",,"A",,"A",,"A",,"A",
418065, 2,"R",272,"A",,"A",,"R",272,"A",,"A",,"A",,"A",,"A",
418065, 3,"R",272,"A",,"A",,"R",272,"A",,"A",,"A",,"A",,"A",
418083, 1,"R",55,"A",,"A",,"R",55,"A",,"A",,"A",,"A",,"A",
418083, 2,"R",55,"A",,"A",,"R",55,"A",,"A",,"A",,"A",,"A",
418083, 3,"R",55,"A",,"A",,"R",55,"A",,"A",,"A",,"A",,"A",
418126, 1,"R",473,"A",,"A",,"R",473,"A",,"A",,"A",,"A",,"A",
418126, 2,"R",354,"A",,"A",,"R",354,"A",,"A",,"A",,"A",,"A",
418126, 3,"R",353,"A",,"A",,"R",353,"A",,"A",,"A",,"A",,"A",
418126,11,"R",1,"A",,"A",,"R",1,"A",,"A",,"A",,"A",,"A",
418126,12,"R",119,"A",,"A",,"R",119,"A",,"A",,"A",,"A",,"A",
418171, 1,"R",51,"A",,"A",,"R",51,"A",,"A",,"A",,"A",,"A",
418171, 2,"R",51,"A",,"A",,"R",51,"A",,"A",,"A",,"A",,"A",
418199, 1,"R",39,"A",,"A",,"R",39,"A",,"A",,"A",,"A",,"A",
418199, 2,"R",39,"A",,"A",,"R",39,"A",,"A",,"A",,"A",,"A",
418199, 3,"R",39,"A",,"A",,"R",39,"A",,"A",,"A",,"A",,"A",
418205, 1,"R",316,"A",,"A",,"R",316,"A",,"A",,"A",,"A",,"A",
418205, 2,"R",316,"A",,"A",,"R",316,"A",,"A",,"A",,"A",,"A",
418205, 3,"R",316,"A",,"A",,"R",316,"A",,"A",,"A",,"A",,"A",
418223, 1,"R",97,"A",,"A",,"R",97,"A",,"A",,"A",,"A",,"A",
418223, 2,"R",97,"A",,"A",,"R",97,"A",,"A",,"A",,"A",,"A",
418223, 3,"R",97,"A",,"A",,"R",97,"A",,"A",,"A",,"A",,"A",
418250, 1,"R",231,"A",,"A",,"R",231,"A",,"A",,"A",,"A",,"A",
418250, 2,"R",231,"A",,"A",,"R",231,"A",,"A",,"A",,"A",,"A",
418250, 3,"R",231,"A",,"A",,"R",231,"A",,"A",,"A",,"A",,"A",
418269, 1,"R",156,"R",0,"R",156,"R",0,"A",,"A",,"A",,"A",,"A",
418269, 2,"R",156,"R",0,"R",156,"R",0,"A",,"A",,"A",,"A",,"A",
418278, 1,"R",92,"A",,"A",,"R",92,"A",,"A",,"A",,"A",,"A",
418278, 2,"R",92,"A",,"A",,"R",92,"A",,"A",,"A",,"A",,"A",
418278, 3,"R",92,"A",,"A",,"R",92,"A",,"A",,"A",,"A",,"A",
418296, 1,"R",1237,"A",,"A",,"R",1237,"A",,"A",,"A",,"A",,"A",
418296, 2,"R",1237,"A",,"A",,"R",1237,"A",,"A",,"A",,"A",,"A",
418296, 3,"R",1237,"A",,"A",,"R",1237,"A",,"A",,"A",,"A",,"A",
418302, 1,"R",506,"A",,"A",,"R",506,"A",,"A",,"A",,"A",,"A",
418302, 2,"R",506,"A",,"A",,"R",506,"A",,"A",,"A",,"A",,"A",
418302, 3,"R",171,"A",,"A",,"R",171,"A",,"A",,"A",,"A",,"A",
418302,11,"R",335,"A",,"A",,"R",335,"A",,"A",,"A",,"A",,"A",
418320, 1,"R",872,"A",,"A",,"R",872,"A",,"A",,"A",,"A",,"A",
418320, 2,"R",872,"A",,"A",,"R",872,"A",,"A",,"A",,"A",,"A",
418320, 3,"R",872,"A",,"A",,"R",872,"A",,"A",,"A",,"A",,"A",
418339, 1,"R",490,"A",,"A",,"R",490,"A",,"A",,"A",,"A",,"A",
418339, 2,"R",490,"A",,"A",,"R",490,"A",,"A",,"A",,"A",,"A",
418339, 3,"R",179,"A",,"A",,"R",179,"A",,"A",,"A",,"A",,"A",
418339,11,"R",311,"A",,"A",,"R",311,"A",,"A",,"A",,"A",,"A",
418348, 1,"R",533,"A",,"A",,"R",533,"A",,"A",,"A",,"A",,"A",
418348, 2,"R",533,"A",,"A",,"R",533,"A",,"A",,"A",,"A",,"A",
418348, 3,"R",87,"A",,"A",,"R",87,"A",,"A",,"A",,"A",,"A",
418348,11,"R",446,"A",,"A",,"R",446,"A",,"A",,"A",,"A",,"A",
418357, 1,"R",48,"A",,"A",,"R",48,"A",,"A",,"A",,"A",,"A",
418357, 2,"R",48,"A",,"A",,"R",48,"A",,"A",,"A",,"A",,"A",
418357, 3,"R",48,"A",,"A",,"R",48,"A",,"A",,"A",,"A",,"A",
418409, 1,"R",149,"A",,"A",,"R",149,"A",,"A",,"A",,"A",,"A",
418409, 2,"R",149,"A",,"A",,"R",149,"A",,"A",,"A",,"A",,"A",
418409, 3,"R",149,"A",,"A",,"R",149,"A",,"A",,"A",,"A",,"A",
418427, 1,"R",111,"A",,"A",,"R",111,"A",,"A",,"A",,"A",,"A",
418427, 2,"R",111,"A",,"A",,"R",111,"A",,"A",,"A",,"A",,"A",
418427, 3,"R",111,"A",,"A",,"R",111,"A",,"A",,"A",,"A",,"A",
418445, 1,"R",21,"A",,"A",,"R",21,"A",,"A",,"A",,"A",,"A",
418445, 2,"R",21,"A",,"A",,"R",21,"A",,"A",,"A",,"A",,"A",
418445, 3,"R",21,"A",,"A",,"R",21,"A",,"A",,"A",,"A",,"A",
418454, 1,"R",209,"A",,"A",,"R",209,"A",,"A",,"A",,"A",,"A",
418454, 2,"R",209,"A",,"A",,"R",209,"A",,"A",,"A",,"A",,"A",
418454, 3,"R",209,"A",,"A",,"R",209,"A",,"A",,"A",,"A",,"A",
418481, 1,"R",52,"A",,"A",,"R",52,"A",,"A",,"A",,"A",,"A",
418481, 2,"R",52,"A",,"A",,"R",52,"A",,"A",,"A",,"A",,"A",
418481, 3,"R",52,"A",,"A",,"R",52,"A",,"A",,"A",,"A",,"A",
418515, 1,"R",134,"A",,"A",,"R",134,"A",,"A",,"A",,"A",,"A",
418515, 2,"R",134,"A",,"A",,"R",134,"A",,"A",,"A",,"A",,"A",
418515, 3,"R",134,"A",,"A",,"R",134,"A",,"A",,"A",,"A",,"A",
418524, 1,"R",62,"A",,"A",,"R",62,"A",,"A",,"A",,"A",,"A",
418524, 2,"R",62,"A",,"A",,"R",62,"A",,"A",,"A",,"A",,"A",
418524, 3,"R",62,"A",,"A",,"R",62,"A",,"A",,"A",,"A",,"A",
418533, 1,"R",348,"A",,"A",,"R",348,"A",,"A",,"A",,"A",,"A",
418533, 2,"R",348,"A",,"A",,"R",348,"A",,"A",,"A",,"A",,"A",
418533, 3,"R",348,"A",,"A",,"R",348,"A",,"A",,"A",,"A",,"A",
418542, 1,"R",192,"A",,"A",,"R",192,"A",,"A",,"A",,"A",,"A",
418542, 2,"R",192,"A",,"A",,"R",192,"A",,"A",,"A",,"A",,"A",
418542, 3,"R",192,"A",,"A",,"R",192,"A",,"A",,"A",,"A",,"A",
418560, 1,"R",85,"A",,"A",,"R",85,"A",,"A",,"A",,"A",,"A",
418560, 2,"R",85,"A",,"A",,"R",85,"A",,"A",,"A",,"A",,"A",
418560, 3,"R",85,"A",,"A",,"R",85,"A",,"A",,"A",,"A",,"A",
418588, 1,"R",35,"A",,"A",,"R",35,"A",,"A",,"A",,"A",,"A",
418588, 2,"R",35,"A",,"A",,"R",35,"A",,"A",,"A",,"A",,"A",
418588, 3,"R",35,"A",,"A",,"R",35,"A",,"A",,"A",,"A",,"A",
418603, 1,"R",43,"A",,"A",,"R",43,"A",,"A",,"A",,"A",,"A",
418603, 2,"R",43,"A",,"A",,"R",43,"A",,"A",,"A",,"A",,"A",
418603, 3,"R",43,"A",,"A",,"R",43,"A",,"A",,"A",,"A",,"A",
418612, 1,"R",15,"A",,"A",,"R",15,"A",,"A",,"A",,"A",,"A",
418612, 2,"R",15,"A",,"A",,"R",15,"A",,"A",,"A",,"A",,"A",
418612, 3,"R",15,"A",,"A",,"R",15,"A",,"A",,"A",,"A",,"A",
418658, 1,"R",264,"A",,"A",,"R",264,"A",,"A",,"A",,"A",,"A",
418658, 2,"R",264,"A",,"A",,"R",264,"A",,"A",,"A",,"A",,"A",
418755, 1,"R",15,"A",,"A",,"R",15,"A",,"A",,"A",,"A",,"A",
418755, 2,"R",15,"A",,"A",,"R",15,"A",,"A",,"A",,"A",,"A",
418764, 1,"R",44,"A",,"A",,"R",44,"A",,"A",,"A",,"A",,"A",
418764, 2,"R",44,"A",,"A",,"R",44,"A",,"A",,"A",,"A",,"A",
418773, 1,"R",509,"A",,"A",,"R",509,"A",,"A",,"A",,"A",,"A",
418773, 2,"R",509,"A",,"A",,"R",509,"A",,"A",,"A",,"A",,"A",
418782, 1,"R",203,"A",,"A",,"R",203,"A",,"A",,"A",,"A",,"A",
418782, 2,"R",203,"A",,"A",,"R",203,"A",,"A",,"A",,"A",,"A",
418870, 1,"R",214,"A",,"A",,"R",214,"A",,"A",,"A",,"A",,"A",
418870, 2,"R",214,"A",,"A",,"R",214,"A",,"A",,"A",,"A",,"A",
418870, 3,"R",214,"A",,"A",,"R",214,"A",,"A",,"A",,"A",,"A",
418889, 1,"R",61,"A",,"A",,"R",61,"A",,"A",,"A",,"A",,"A",
418889, 2,"R",61,"A",,"A",,"R",61,"A",,"A",,"A",,"A",,"A",
418889, 3,"R",61,"A",,"A",,"R",61,"A",,"A",,"A",,"A",,"A",
418913, 1,"R",30,"A",,"A",,"R",30,"A",,"A",,"A",,"A",,"A",
418913, 2,"R",30,"A",,"A",,"R",30,"A",,"A",,"A",,"A",,"A",
418968, 1,"R",172,"A",,"A",,"R",172,"A",,"A",,"A",,"A",,"A",
418968, 2,"R",172,"A",,"A",,"R",172,"A",,"A",,"A",,"A",,"A",
419031, 1,"R",28,"A",,"A",,"R",28,"A",,"A",,"A",,"A",,"A",
419031, 2,"R",28,"A",,"A",,"R",28,"A",,"A",,"A",,"A",,"A",
419031, 3,"R",28,"A",,"A",,"R",28,"A",,"A",,"A",,"A",,"A",
419095, 1,"R",30,"A",,"A",,"R",30,"A",,"A",,"A",,"A",,"A",
419095, 2,"R",30,"A",,"A",,"R",30,"A",,"A",,"A",,"A",,"A",
419095, 3,"R",30,"A",,"A",,"R",30,"A",,"A",,"A",,"A",,"A",
419183, 1,"R",215,"A",,"A",,"R",215,"A",,"A",,"A",,"A",,"A",
419183, 2,"R",215,"A",,"A",,"R",215,"A",,"A",,"A",,"A",,"A",
419217, 1,"R",117,"A",,"A",,"R",117,"A",,"A",,"A",,"A",,"A",
419217, 2,"R",117,"A",,"A",,"R",117,"A",,"A",,"A",,"A",,"A",
419226, 1,"R",336,"A",,"A",,"R",336,"A",,"A",,"A",,"A",,"A",
419226, 2,"R",336,"A",,"A",,"R",336,"A",,"A",,"A",,"A",,"A",
419226, 3,"R",336,"A",,"A",,"R",336,"A",,"A",,"A",,"A",,"A",
419235, 1,"R",96,"A",,"A",,"R",96,"A",,"A",,"A",,"A",,"A",
419235, 2,"R",96,"A",,"A",,"R",96,"A",,"A",,"A",,"A",,"A",
419244, 1,"R",182,"R",4,"R",0,"R",178,"R",3,"R",1,"R",0,"R",0,"R",0
419244, 2,"R",182,"R",4,"R",0,"R",178,"R",3,"R",1,"R",0,"R",0,"R",0
419244, 3,"R",182,"R",4,"R",0,"R",178,"R",3,"R",1,"R",0,"R",0,"R",0
419253, 1,"R",104,"R",0,"R",104,"R",0,"A",,"A",,"A",,"A",,"A",
419253, 2,"R",104,"R",0,"R",104,"R",0,"A",,"A",,"A",,"A",,"A",
419280, 1,"R",19,"A",,"A",,"R",19,"A",,"A",,"A",,"A",,"A",
419280, 2,"R",19,"A",,"A",,"R",19,"A",,"A",,"A",,"A",,"A",
419332, 1,"R",9,"R",0,"R",0,"R",9,"A",,"A",,"A",,"A",,"A",
419332, 2,"R",9,"R",0,"R",0,"R",9,"A",,"A",,"A",,"A",,"A",
419332, 3,"R",9,"R",0,"R",0,"R",9,"A",,"A",,"A",,"A",,"A",
419341, 1,"R",36,"A",,"A",,"R",36,"A",,"A",,"A",,"A",,"A",
419341, 2,"R",36,"A",,"A",,"R",36,"A",,"A",,"A",,"A",,"A",
419341, 3,"R",36,"A",,"A",,"R",36,"A",,"A",,"A",,"A",,"A",
419411, 1,"R",119,"A",,"A",,"R",119,"A",,"A",,"A",,"A",,"A",
419411, 2,"R",119,"A",,"A",,"R",119,"A",,"A",,"A",,"A",,"A",
419420, 1,"R",89,"A",,"A",,"R",89,"A",,"A",,"A",,"A",,"A",
419420, 2,"R",89,"A",,"A",,"R",89,"A",,"A",,"A",,"A",,"A",
419420, 3,"R",89,"A",,"A",,"R",89,"A",,"A",,"A",,"A",,"A",
419484, 1,"R",26,"A",,"A",,"R",26,"A",,"A",,"A",,"A",,"A",
419484, 2,"R",26,"A",,"A",,"R",26,"A",,"A",,"A",,"A",,"A",
419484, 3,"R",26,"A",,"A",,"R",26,"A",,"A",,"A",,"A",,"A",
419633, 1,"R",67,"A",,"A",,"R",67,"A",,"A",,"A",,"A",,"A",
419633, 2,"R",67,"A",,"A",,"R",67,"A",,"A",,"A",,"A",,"A",
419660, 1,"R",339,"A",,"A",,"R",339,"A",,"A",,"A",,"A",,"A",
419660, 2,"R",339,"A",,"A",,"R",339,"A",,"A",,"A",,"A",,"A",
419703, 1,"R",377,"A",,"A",,"R",377,"A",,"A",,"A",,"A",,"A",
419703, 2,"R",377,"A",,"A",,"R",377,"A",,"A",,"A",,"A",,"A",
419712, 1,"R",135,"A",,"A",,"R",135,"A",,"A",,"A",,"A",,"A",
419712, 2,"R",135,"A",,"A",,"R",135,"A",,"A",,"A",,"A",,"A",
419721, 1,"R",235,"A",,"A",,"R",235,"A",,"A",,"A",,"A",,"A",
419721, 2,"R",235,"A",,"A",,"R",235,"A",,"A",,"A",,"A",,"A",
420024, 1,"R",157,"A",,"A",,"R",157,"A",,"A",,"A",,"A",,"A",
420024, 2,"R",157,"A",,"A",,"R",157,"A",,"A",,"A",,"A",,"A",
420024, 3,"R",157,"A",,"A",,"R",157,"A",,"A",,"A",,"A",,"A",
420042, 1,"R",351,"R",64,"R",22,"R",265,"R",47,"R",16,"R",1,"R",0,"R",0
420042, 2,"R",313,"R",58,"R",17,"R",238,"R",44,"R",13,"R",1,"R",0,"R",0
420042, 3,"R",313,"R",58,"R",17,"R",238,"R",44,"R",13,"R",1,"R",0,"R",0
420042,12,"R",38,"R",6,"R",5,"R",27,"R",3,"R",3,"R",0,"R",0,"R",0
420103, 1,"R",109,"A",,"A",,"R",109,"A",,"A",,"A",,"A",,"A",
420103, 2,"R",109,"A",,"A",,"R",109,"A",,"A",,"A",,"A",,"A",
420103, 3,"R",109,"A",,"A",,"R",109,"A",,"A",,"A",,"A",,"A",
420130, 1,"R",61,"A",,"A",,"R",61,"A",,"A",,"A",,"A",,"A",
420130, 2,"R",61,"A",,"A",,"R",61,"A",,"A",,"A",,"A",,"A",
420246, 1,"R",360,"R",0,"R",45,"R",315,"A",,"A",,"A",,"A",,"A",
420246,12,"R",360,"R",0,"R",45,"R",315,"A",,"A",,"A",,"A",,"A",
420255, 1,"R",32,"A",,"A",,"R",32,"A",,"A",,"A",,"A",,"A",
420255, 2,"R",32,"A",,"A",,"R",32,"A",,"A",,"A",,"A",,"A",
420325, 1,"R",75,"A",,"A",,"R",75,"A",,"A",,"A",,"A",,"A",
420325, 2,"R",69,"A",,"A",,"R",69,"A",,"A",,"A",,"A",,"A",
420325, 3,"R",69,"A",,"A",,"R",69,"A",,"A",,"A",,"A",,"A",
420325,12,"R",6,"A",,"A",,"R",6,"A",,"A",,"A",,"A",,"A",
420343, 1,"R",857,"A",,"A",,"R",857,"A",,"A",,"A",,"A",,"A",
420343, 2,"R",857,"A",,"A",,"R",857,"A",,"A",,"A",,"A",,"A",
420370, 1,"R",348,"R",114,"R",0,"R",234,"R",15,"R",99,"Z",0,"Z",0,"R",0
420370, 2,"R",348,"R",114,"R",0,"R",234,"R",15,"R",99,"Z",0,"Z",0,"R",0
420370, 3,"R",323,"R",113,"R",0,"R",210,"R",15,"R",98,"Z",0,"Z",0,"R",0
420370,11,"R",25,"R",1,"Z",0,"R",24,"R",0,"R",1,"Z",0,"Z",0,"R",0
420398, 1,"R",16293,"R",2306,"R",2208,"R",11779,"R",2270,"R",33,"R",0,"R",3,"R",0
420398, 2,"R",16293,"R",2306,"R",2208,"R",11779,"R",2270,"R",33,"R",0,"R",3,"R",0
420398, 3,"R",12378,"R",2191,"R",2114,"R",8073,"R",2159,"R",29,"R",0,"R",3,"R",0
420398,11,"R",3915,"R",115,"R",94,"R",3706,"R",111,"R",4,"R",0,"R",0,"R",0
420431, 1,"R",1428,"R",233,"R",409,"R",786,"R",232,"R",1,"R",0,"R",0,"R",0
420431, 2,"R",1428,"R",233,"R",409,"R",786,"R",232,"R",1,"R",0,"R",0,"R",0
420431, 3,"R",1124,"R",178,"R",365,"R",581,"R",178,"R",0,"R",0,"R",0,"R",0
420431,11,"R",304,"R",55,"R",44,"R",205,"R",54,"R",1,"R",0,"R",0,"R",0
420440, 1,"R",1632,"R",347,"R",365,"R",920,"R",332,"R",15,"R",0,"R",0,"R",0
420440, 2,"R",1632,"R",347,"R",365,"R",920,"R",332,"R",15,"R",0,"R",0,"R",0
420440, 3,"R",1054,"R",258,"R",338,"R",458,"R",249,"R",9,"R",0,"R",0,"R",0
420440,11,"R",578,"R",89,"R",27,"R",462,"R",83,"R",6,"R",0,"R",0,"R",0
420459, 1,"R",476,"A",,"A",,"R",476,"A",,"A",,"A",,"A",,"A",
420459, 2,"R",476,"A",,"A",,"R",476,"A",,"A",,"A",,"A",,"A",
420459, 3,"R",200,"A",,"A",,"R",200,"A",,"A",,"A",,"A",,"A",
420459,11,"R",276,"A",,"A",,"R",276,"A",,"A",,"A",,"A",,"A",
420468, 1,"R",313,"A",,"A",,"R",313,"A",,"A",,"A",,"A",,"A",
420468, 2,"R",313,"A",,"A",,"R",313,"A",,"A",,"A",,"A",,"A",
420468, 3,"R",313,"A",,"A",,"R",313,"A",,"A",,"A",,"A",,"A",
420538, 1,"R",1345,"R",209,"R",548,"R",588,"R",191,"R",18,"R",0,"R",0,"R",0
420538, 2,"R",1345,"R",209,"R",548,"R",588,"R",191,"R",18,"R",0,"R",0,"R",0
420538, 3,"R",987,"R",185,"R",512,"R",290,"R",168,"R",17,"R",0,"R",0,"R",0
420538,11,"R",358,"R",24,"R",36,"R",298,"R",23,"R",1,"R",0,"R",0,"R",0
420556, 1,"R",803,"R",148,"R",366,"R",289,"R",121,"R",27,"Z",0,"Z",0,"R",0
420556, 2,"R",803,"R",148,"R",366,"R",289,"R",121,"R",27,"Z",0,"Z",0,"R",0
420556, 3,"R",670,"R",90,"R",331,"R",249,"R",72,"R",18,"Z",0,"Z",0,"R",0
420556,11,"R",133,"R",58,"R",35,"R",40,"R",49,"R",9,"Z",0,"Z",0,"R",0
420574, 1,"R",5095,"R",0,"R",2633,"R",2462,"A",,"A",,"A",,"A",,"A",
420574, 2,"R",4515,"R",0,"R",2502,"R",2013,"A",,"A",,"A",,"A",,"A",
420574, 3,"R",4495,"R",0,"R",2500,"R",1995,"A",,"A",,"A",,"A",,"A",
420574,11,"R",20,"R",0,"R",2,"R",18,"A",,"A",,"A",,"A",,"A",
420574,12,"R",580,"R",0,"R",131,"R",449,"A",,"A",,"A",,"A",,"A",
420608, 1,"R",50,"A",,"A",,"R",50,"A",,"A",,"A",,"A",,"A",
420608, 2,"R",50,"A",,"A",,"R",50,"A",,"A",,"A",,"A",,"A",
420705, 1,"R",81,"R",68,"R",13,"R",0,"R",2,"R",29,"R",0,"R",37,"R",0
420705,12,"R",81,"R",68,"R",13,"R",0,"R",2,"R",29,"R",0,"R",37,"R",0
420723, 1,"R",445,"R",37,"R",144,"R",264,"R",37,"R",0,"R",0,"R",0,"R",0
420723, 2,"R",445,"R",37,"R",144,"R",264,"R",37,"R",0,"R",0,"R",0,"R",0
420723, 3,"R",263,"R",29,"R",142,"R",92,"R",29,"R",0,"R",0,"R",0,"R",0
420723,11,"R",182,"R",8,"R",2,"R",172,"R",8,"R",0,"R",0,"R",0,"R",0
420981, 1,"R",619,"A",,"A",,"R",619,"A",,"A",,"A",,"A",,"A",
420981, 2,"R",619,"A",,"A",,"R",619,"A",,"A",,"A",,"A",,"A",
421513, 1,"R",74,"A",,"A",,"R",74,"A",,"A",,"A",,"A",,"A",
421513, 2,"R",74,"A",,"A",,"R",74,"A",,"A",,"A",,"A",,"A",
421513, 3,"R",74,"A",,"A",,"R",74,"A",,"A",,"A",,"A",,"A",
421610, 1,"R",60,"A",,"A",,"R",60,"A",,"A",,"A",,"A",,"A",
421610, 2,"R",60,"A",,"A",,"R",60,"A",,"A",,"A",,"A",,"A",
421665, 1,"R",12,"A",,"A",,"R",12,"A",,"A",,"A",,"A",,"A",
421665, 2,"R",12,"A",,"A",,"R",12,"A",,"A",,"A",,"A",,"A",
421708, 1,"R",428,"A",,"A",,"R",428,"A",,"A",,"A",,"A",,"A",
421708, 2,"R",428,"A",,"A",,"R",428,"A",,"A",,"A",,"A",,"A",
421708, 3,"R",428,"A",,"A",,"R",428,"A",,"A",,"A",,"A",,"A",
421717, 1,"R",38,"A",,"A",,"R",38,"A",,"A",,"A",,"A",,"A",
421717, 2,"R",38,"A",,"A",,"R",38,"A",,"A",,"A",,"A",,"A",
421717, 3,"R",38,"A",,"A",,"R",38,"A",,"A",,"A",,"A",,"A",
421771, 1,"R",27,"A",,"A",,"R",27,"A",,"A",,"A",,"A",,"A",
421771, 2,"R",27,"A",,"A",,"R",27,"A",,"A",,"A",,"A",,"A",
421832, 1,"R",243,"A",,"A",,"R",243,"A",,"A",,"A",,"A",,"A",
421832, 2,"R",243,"A",,"A",,"R",243,"A",,"A",,"A",,"A",,"A",
421832, 3,"R",243,"A",,"A",,"R",243,"A",,"A",,"A",,"A",,"A",
421841, 1,"R",257,"A",,"A",,"R",257,"A",,"A",,"A",,"A",,"A",
421841, 2,"R",257,"A",,"A",,"R",257,"A",,"A",,"A",,"A",,"A",
421841, 3,"R",257,"A",,"A",,"R",257,"A",,"A",,"A",,"A",,"A",
421878, 1,"R",295,"A",,"A",,"R",295,"A",,"A",,"A",,"A",,"A",
421878, 2,"R",295,"A",,"A",,"R",295,"A",,"A",,"A",,"A",,"A",
421878, 3,"R",295,"A",,"A",,"R",295,"A",,"A",,"A",,"A",,"A",
421896, 1,"R",290,"A",,"A",,"R",290,"A",,"A",,"A",,"A",,"A",
421896, 2,"R",290,"A",,"A",,"R",290,"A",,"A",,"A",,"A",,"A",
422190, 1,"R",51,"A",,"A",,"R",51,"A",,"A",,"A",,"A",,"A",
422190, 2,"R",51,"A",,"A",,"R",51,"A",,"A",,"A",,"A",,"A",
422695, 1,"R",301,"R",55,"R",0,"R",246,"R",55,"R",0,"R",0,"R",0,"R",0
422695, 2,"R",301,"R",55,"R",0,"R",246,"R",55,"R",0,"R",0,"R",0,"R",0
422695, 3,"R",291,"R",55,"R",0,"R",236,"R",55,"R",0,"R",0,"R",0,"R",0
422695,11,"R",10,"R",0,"R",0,"R",10,"A",,"A",,"A",,"A",,"A",
422835, 1,"R",73,"A",,"A",,"R",73,"A",,"A",,"A",,"A",,"A",
422835, 2,"R",73,"A",,"A",,"R",73,"A",,"A",,"A",,"A",,"A",
423120, 1,"R",304,"A",,"A",,"R",304,"A",,"A",,"A",,"A",,"A",
423120, 2,"R",304,"A",,"A",,"R",304,"A",,"A",,"A",,"A",,"A",
423397, 1,"R",226,"A",,"A",,"R",226,"A",,"A",,"A",,"A",,"A",
423397, 2,"R",226,"A",,"A",,"R",226,"A",,"A",,"A",,"A",,"A",
423412, 1,"R",24,"A",,"A",,"R",24,"A",,"A",,"A",,"A",,"A",
423412, 2,"R",24,"A",,"A",,"R",24,"A",,"A",,"A",,"A",,"A",
423643, 1,"R",3823,"R",26,"R",0,"R",3797,"R",3,"R",23,"R",0,"R",0,"R",0
423643,12,"R",3823,"R",26,"R",0,"R",3797,"R",3,"R",23,"R",0,"R",0,"R",0
423652, 1,"R",409,"R",37,"R",146,"R",226,"R",31,"R",6,"Z",0,"Z",0,"R",0
423652, 2,"R",409,"R",37,"R",146,"R",226,"R",31,"R",6,"Z",0,"Z",0,"R",0
423652, 3,"R",409,"R",37,"R",146,"R",226,"R",31,"R",6,"Z",0,"Z",0,"R",0
425250, 1,"R",105,"A",,"A",,"R",105,"A",,"A",,"A",,"A",,"A",
425250, 2,"R",105,"A",,"A",,"R",105,"A",,"A",,"A",,"A",,"A",
425250, 3,"R",105,"A",,"A",,"R",105,"A",,"A",,"A",,"A",,"A",
425986, 1,"R",210,"R",0,"R",74,"R",136,"A",,"A",,"A",,"A",,"A",
425986, 2,"R",210,"R",0,"R",74,"R",136,"A",,"A",,"A",,"A",,"A",
426314, 1,"R",14168,"R",12201,"R",1483,"R",484,"R",1747,"R",10115,"R",9,"R",330,"R",0
426314, 2,"R",10466,"R",8803,"R",1347,"R",316,"R",1162,"R",7453,"R",4,"R",184,"R",0
426314, 3,"R",10254,"R",8701,"R",1346,"R",207,"R",1147,"R",7366,"R",4,"R",184,"R",0
426314,11,"R",212,"R",102,"R",1,"R",109,"R",15,"R",87,"R",0,"R",0,"R",0
426314,12,"R",3702,"R",3398,"R",136,"R",168,"R",585,"R",2662,"R",5,"R",146,"R",0
427308, 1,"R",110,"A",,"A",,"R",110,"A",,"A",,"A",,"A",,"A",
427308, 2,"R",110,"A",,"A",,"R",110,"A",,"A",,"A",,"A",,"A",
427335, 1,"R",23,"A",,"A",,"R",23,"A",,"A",,"A",,"A",,"A",
427335, 2,"R",23,"A",,"A",,"R",23,"A",,"A",,"A",,"A",,"A",
427894, 1,"R",103,"A",,"A",,"R",103,"A",,"A",,"A",,"A",,"A",
427894, 2,"R",103,"A",,"A",,"R",103,"A",,"A",,"A",,"A",,"A",
427973, 1,"R",239,"A",,"A",,"R",239,"A",,"A",,"A",,"A",,"A",
427973, 2,"R",239,"A",,"A",,"R",239,"A",,"A",,"A",,"A",,"A",
427982, 1,"R",33,"A",,"A",,"R",33,"A",,"A",,"A",,"A",,"A",
427982, 2,"R",33,"A",,"A",,"R",33,"A",,"A",,"A",,"A",,"A",
427982, 3,"R",33,"A",,"A",,"R",33,"A",,"A",,"A",,"A",,"A",
427991, 1,"R",655,"A",,"A",,"R",655,"A",,"A",,"A",,"A",,"A",
427991, 2,"R",655,"A",,"A",,"R",655,"A",,"A",,"A",,"A",,"A",
427991, 3,"R",372,"A",,"A",,"R",372,"A",,"A",,"A",,"A",,"A",
427991,11,"R",283,"A",,"A",,"R",283,"A",,"A",,"A",,"A",,"A",
428000, 1,"R",148,"A",,"A",,"R",148,"A",,"A",,"A",,"A",,"A",
428000, 2,"R",148,"A",,"A",,"R",148,"A",,"A",,"A",,"A",,"A",
428019, 1,"R",373,"A",,"A",,"R",373,"A",,"A",,"A",,"A",,"A",
428019, 2,"R",373,"A",,"A",,"R",373,"A",,"A",,"A",,"A",,"A",
428019, 3,"R",36,"A",,"A",,"R",36,"A",,"A",,"A",,"A",,"A",
428019,11,"R",337,"A",,"A",,"R",337,"A",,"A",,"A",,"A",,"A",
428055, 1,"R",245,"A",,"A",,"R",245,"A",,"A",,"A",,"A",,"A",
428055, 2,"R",245,"A",,"A",,"R",245,"A",,"A",,"A",,"A",,"A",
428125, 1,"R",86,"A",,"A",,"R",86,"A",,"A",,"A",,"A",,"A",
428125, 2,"R",86,"A",,"A",,"R",86,"A",,"A",,"A",,"A",,"A",
428143, 1,"R",211,"A",,"A",,"R",211,"A",,"A",,"A",,"A",,"A",
428143, 2,"R",211,"A",,"A",,"R",211,"A",,"A",,"A",,"A",,"A",
428170, 1,"R",540,"A",,"A",,"R",540,"A",,"A",,"A",,"A",,"A",
428170, 2,"R",540,"A",,"A",,"R",540,"A",,"A",,"A",,"A",,"A",
428170, 3,"R",533,"A",,"A",,"R",533,"A",,"A",,"A",,"A",,"A",
428170,11,"R",7,"A",,"A",,"R",7,"A",,"A",,"A",,"A",,"A",
428259, 1,"R",194,"R",173,"R",21,"R",0,"R",169,"R",3,"R",1,"R",0,"R",0
428259, 2,"R",153,"R",141,"R",12,"R",0,"R",138,"R",2,"R",1,"R",0,"R",0
428259, 3,"R",153,"R",141,"R",12,"R",0,"R",138,"R",2,"R",1,"R",0,"R",0
428259,12,"R",41,"R",32,"R",9,"R",0,"R",31,"R",1,"R",0,"R",0,"R",0
428392, 1,"R",1514,"R",337,"R",435,"R",742,"R",289,"R",48,"Z",0,"Z",0,"R",0
428392, 2,"R",1514,"R",337,"R",435,"R",742,"R",289,"R",48,"Z",0,"Z",0,"R",0
428392, 3,"R",1028,"R",243,"R",385,"R",400,"R",198,"R",45,"Z",0,"Z",0,"R",0
428392,11,"R",486,"R",94,"R",50,"R",342,"R",91,"R",3,"Z",0,"Z",0,"R",0
429012, 1,"R",107,"A",,"A",,"R",107,"A",,"A",,"A",,"A",,"A",
429012, 2,"R",107,"A",,"A",,"R",107,"A",,"A",,"A",,"A",,"A",
429085, 1,"R",118,"R",3,"R",24,"R",91,"Z",0,"R",3,"Z",0,"Z",0,"R",0
429085,12,"R",118,"R",3,"R",24,"R",91,"Z",0,"R",3,"Z",0,"Z",0,"R",0
429094, 1,"R",139,"A",,"A",,"R",139,"A",,"A",,"A",,"A",,"A",
429094,12,"R",139,"A",,"A",,"R",139,"A",,"A",,"A",,"A",,"A",
429128, 1,"R",931,"A",,"A",,"R",931,"A",,"A",,"A",,"A",,"A",
429128, 2,"R",931,"A",,"A",,"R",931,"A",,"A",,"A",,"A",,"A",
429128, 3,"R",676,"A",,"A",,"R",676,"A",,"A",,"A",,"A",,"A",
429128,11,"R",255,"A",,"A",,"R",255,"A",,"A",,"A",,"A",,"A",
430184, 1,"R",3181,"R",2364,"R",552,"R",265,"R",2145,"R",217,"R",1,"R",1,"R",0
430184, 2,"R",2565,"R",1880,"R",478,"R",207,"R",1706,"R",172,"R",1,"R",1,"R",0
430184, 3,"R",2557,"R",1876,"R",478,"R",203,"R",1703,"R",171,"R",1,"R",1,"R",0
430184,11,"R",8,"R",4,"R",0,"R",4,"R",3,"R",1,"R",0,"R",0,"R",0
430184,12,"R",616,"R",484,"R",74,"R",58,"R",439,"R",45,"R",0,"R",0,"R",0
430218, 1,"R",75,"A",,"A",,"R",75,"A",,"A",,"A",,"A",,"A",
430218, 2,"R",75,"A",,"A",,"R",75,"A",,"A",,"A",,"A",,"A",
430227, 1,"R",91,"A",,"A",,"R",91,"A",,"A",,"A",,"A",,"A",
430227, 2,"R",91,"A",,"A",,"R",91,"A",,"A",,"A",,"A",,"A",
430245, 1,"R",412,"R",0,"R",0,"R",412,"A",,"A",,"A",,"A",,"A",
430245, 2,"R",412,"R",0,"R",0,"R",412,"A",,"A",,"A",,"A",,"A",
430306, 1,"R",24,"A",,"A",,"R",24,"A",,"A",,"A",,"A",,"A",
430306, 2,"R",24,"A",,"A",,"R",24,"A",,"A",,"A",,"A",,"A",
430342, 1,"R",44,"A",,"A",,"R",44,"A",,"A",,"A",,"A",,"A",
430342, 2,"R",44,"A",,"A",,"R",44,"A",,"A",,"A",,"A",,"A",
430403, 1,"R",56,"A",,"A",,"R",56,"A",,"A",,"A",,"A",,"A",
430403, 2,"R",56,"A",,"A",,"R",56,"A",,"A",,"A",,"A",,"A",
430485, 1,"R",39,"A",,"A",,"R",39,"A",,"A",,"A",,"A",,"A",
430485, 2,"R",39,"A",,"A",,"R",39,"A",,"A",,"A",,"A",,"A",
430485, 3,"R",39,"A",,"A",,"R",39,"A",,"A",,"A",,"A",,"A",
430564, 1,"R",24,"A",,"A",,"R",24,"A",,"A",,"A",,"A",,"A",
430564, 2,"R",24,"A",,"A",,"R",24,"A",,"A",,"A",,"A",,"A",
430582, 1,"R",407,"A",,"A",,"R",407,"A",,"A",,"A",,"A",,"A",
430582, 2,"R",407,"A",,"A",,"R",407,"A",,"A",,"A",,"A",,"A",
430670, 1,"R",308,"A",,"A",,"R",308,"A",,"A",,"A",,"A",,"A",
430670, 2,"R",36,"A",,"A",,"R",36,"A",,"A",,"A",,"A",,"A",
430670, 3,"R",36,"A",,"A",,"R",36,"A",,"A",,"A",,"A",,"A",
430670,12,"R",272,"A",,"A",,"R",272,"A",,"A",,"A",,"A",,"A",
430704, 1,"R",105,"A",,"A",,"R",105,"A",,"A",,"A",,"A",,"A",
430704, 2,"R",4,"A",,"A",,"R",4,"A",,"A",,"A",,"A",,"A",
430704, 3,"R",4,"A",,"A",,"R",4,"A",,"A",,"A",,"A",,"A",
430704,12,"R",101,"A",,"A",,"R",101,"A",,"A",,"A",,"A",,"A",
430795, 1,"R",170,"A",,"A",,"R",170,"A",,"A",,"A",,"A",,"A",
430795, 2,"R",170,"A",,"A",,"R",170,"A",,"A",,"A",,"A",,"A",
430795, 3,"R",170,"A",,"A",,"R",170,"A",,"A",,"A",,"A",,"A",
430810, 1,"R",337,"A",,"A",,"R",337,"A",,"A",,"A",,"A",,"A",
430810, 2,"R",283,"A",,"A",,"R",283,"A",,"A",,"A",,"A",,"A",
430810, 3,"R",277,"A",,"A",,"R",277,"A",,"A",,"A",,"A",,"A",
430810,11,"R",6,"A",,"A",,"R",6,"A",,"A",,"A",,"A",,"A",
430810,12,"R",54,"A",,"A",,"R",54,"A",,"A",,"A",,"A",,"A",
430883, 1,"R",39,"A",,"A",,"R",39,"A",,"A",,"A",,"A",,"A",
430883, 2,"R",39,"A",,"A",,"R",39,"A",,"A",,"A",,"A",,"A",
430883, 3,"R",39,"A",,"A",,"R",39,"A",,"A",,"A",,"A",,"A",
430908, 1,"R",61,"A",,"A",,"R",61,"A",,"A",,"A",,"A",,"A",
430908, 2,"R",61,"A",,"A",,"R",61,"A",,"A",,"A",,"A",,"A",
430908, 3,"R",61,"A",,"A",,"R",61,"A",,"A",,"A",,"A",,"A",
430935, 1,"R",611,"A",,"A",,"R",611,"A",,"A",,"A",,"A",,"A",
430935, 2,"R",611,"A",,"A",,"R",611,"A",,"A",,"A",,"A",,"A",
430935, 3,"R",611,"A",,"A",,"R",611,"A",,"A",,"A",,"A",,"A",
430971, 1,"R",43,"A",,"A",,"R",43,"A",,"A",,"A",,"A",,"A",
430971, 2,"R",43,"A",,"A",,"R",43,"A",,"A",,"A",,"A",,"A",
430971, 3,"R",43,"A",,"A",,"R",43,"A",,"A",,"A",,"A",,"A",
431017, 1,"R",89,"A",,"A",,"R",89,"A",,"A",,"A",,"A",,"A",
431017, 2,"R",89,"A",,"A",,"R",89,"A",,"A",,"A",,"A",,"A",
431017, 3,"R",89,"A",,"A",,"R",89,"A",,"A",,"A",,"A",,"A",
431071, 1,"R",44,"A",,"A",,"R",44,"A",,"A",,"A",,"A",,"A",
431071, 2,"R",44,"A",,"A",,"R",44,"A",,"A",,"A",,"A",,"A",
431099, 1,"R",124,"A",,"A",,"R",124,"A",,"A",,"A",,"A",,"A",
431099, 2,"R",124,"A",,"A",,"R",124,"A",,"A",,"A",,"A",,"A",
431105, 1,"R",129,"A",,"A",,"R",129,"A",,"A",,"A",,"A",,"A",
431105, 2,"R",129,"A",,"A",,"R",129,"A",,"A",,"A",,"A",,"A",
431105, 3,"R",129,"A",,"A",,"R",129,"A",,"A",,"A",,"A",,"A",
431123, 1,"R",181,"A",,"A",,"R",181,"A",,"A",,"A",,"A",,"A",
431123, 2,"R",181,"A",,"A",,"R",181,"A",,"A",,"A",,"A",,"A",
431141, 1,"R",1133,"A",,"A",,"R",1133,"A",,"A",,"A",,"A",,"A",
431141, 2,"R",1133,"A",,"A",,"R",1133,"A",,"A",,"A",,"A",,"A",
431141, 3,"R",1133,"A",,"A",,"R",1133,"A",,"A",,"A",,"A",,"A",
431169, 1,"R",91,"R",9,"R",0,"R",82,"R",9,"R",0,"R",0,"R",0,"R",0
431169, 2,"R",91,"R",9,"R",0,"R",82,"R",9,"R",0,"R",0,"R",0,"R",0
431169, 3,"R",91,"R",9,"R",0,"R",82,"R",9,"R",0,"R",0,"R",0,"R",0
431187, 1,"R",65,"A",,"A",,"R",65,"A",,"A",,"A",,"A",,"A",
431187, 2,"R",65,"A",,"A",,"R",65,"A",,"A",,"A",,"A",,"A",
431187, 3,"R",65,"A",,"A",,"R",65,"A",,"A",,"A",,"A",,"A",
431196, 1,"R",129,"A",,"A",,"R",129,"A",,"A",,"A",,"A",,"A",
431196, 2,"R",129,"A",,"A",,"R",129,"A",,"A",,"A",,"A",,"A",
431196, 3,"R",129,"A",,"A",,"R",129,"A",,"A",,"A",,"A",,"A",
431266, 1,"R",123,"A",,"A",,"R",123,"A",,"A",,"A",,"A",,"A",
431266, 2,"R",123,"A",,"A",,"R",123,"A",,"A",,"A",,"A",,"A",
431266, 3,"R",123,"A",,"A",,"R",123,"A",,"A",,"A",,"A",,"A",
431275, 1,"R",87,"A",,"A",,"R",87,"A",,"A",,"A",,"A",,"A",
431275, 2,"R",87,"A",,"A",,"R",87,"A",,"A",,"A",,"A",,"A",
431275, 3,"R",87,"A",,"A",,"R",87,"A",,"A",,"A",,"A",,"A",
431284, 1,"R",67,"A",,"A",,"R",67,"A",,"A",,"A",,"A",,"A",
431284, 2,"R",67,"A",,"A",,"R",67,"A",,"A",,"A",,"A",,"A",
431558, 1,"R",335,"A",,"A",,"R",335,"A",,"A",,"A",,"A",,"A",
431558, 2,"R",335,"A",,"A",,"R",335,"A",,"A",,"A",,"A",,"A",
431558, 3,"R",324,"A",,"A",,"R",324,"A",,"A",,"A",,"A",,"A",
431558,11,"R",11,"A",,"A",,"R",11,"A",,"A",,"A",,"A",,"A",
431600, 1,"R",173,"A",,"A",,"R",173,"A",,"A",,"A",,"A",,"A",
431600, 2,"R",173,"A",,"A",,"R",173,"A",,"A",,"A",,"A",,"A",
431716, 1,"R",369,"A",,"A",,"R",369,"A",,"A",,"A",,"A",,"A",
431716, 2,"R",369,"A",,"A",,"R",369,"A",,"A",,"A",,"A",,"A",
431716, 3,"R",369,"A",,"A",,"R",369,"A",,"A",,"A",,"A",,"A",
431929, 1,"R",111,"A",,"A",,"R",111,"A",,"A",,"A",,"A",,"A",
431929, 2,"R",111,"A",,"A",,"R",111,"A",,"A",,"A",,"A",,"A",
431929, 3,"R",111,"A",,"A",,"R",111,"A",,"A",,"A",,"A",,"A",
431956, 1,"R",165,"A",,"A",,"R",165,"A",,"A",,"A",,"A",,"A",
431956, 2,"R",165,"A",,"A",,"R",165,"A",,"A",,"A",,"A",,"A",
431965, 1,"R",57,"A",,"A",,"R",57,"A",,"A",,"A",,"A",,"A",
431965, 2,"R",57,"A",,"A",,"R",57,"A",,"A",,"A",,"A",,"A",
431983, 1,"R",101,"A",,"A",,"R",101,"A",,"A",,"A",,"A",,"A",
431983, 2,"R",101,"A",,"A",,"R",101,"A",,"A",,"A",,"A",,"A",
431983, 3,"R",101,"A",,"A",,"R",101,"A",,"A",,"A",,"A",,"A",
432074, 1,"R",240,"A",,"A",,"R",240,"A",,"A",,"A",,"A",,"A",
432074, 2,"R",240,"A",,"A",,"R",240,"A",,"A",,"A",,"A",,"A",
432074, 3,"R",140,"A",,"A",,"R",140,"A",,"A",,"A",,"A",,"A",
432074,11,"R",100,"A",,"A",,"R",100,"A",,"A",,"A",,"A",,"A",
432117, 1,"R",106,"A",,"A",,"R",106,"A",,"A",,"A",,"A",,"A",
432117, 2,"R",106,"A",,"A",,"R",106,"A",,"A",,"A",,"A",,"A",
432223, 1,"R",73,"R",29,"R",11,"R",33,"R",27,"R",2,"R",0,"R",0,"R",0
432223, 2,"R",64,"R",27,"R",10,"R",27,"R",25,"R",2,"R",0,"R",0,"R",0
432223, 3,"R",64,"R",27,"R",10,"R",27,"R",25,"R",2,"R",0,"R",0,"R",0
432223,12,"R",9,"R",2,"R",1,"R",6,"R",2,"R",0,"R",0,"R",0,"R",0
432269, 1,"R",51,"A",,"A",,"R",51,"A",,"A",,"A",,"A",,"A",
432269, 2,"R",51,"A",,"A",,"R",51,"A",,"A",,"A",,"A",,"A",
432348, 1,"R",146,"R",0,"R",0,"R",146,"A",,"A",,"A",,"A",,"A",
432348,12,"R",146,"R",0,"R",0,"R",146,"A",,"A",,"A",,"A",,"A",
432384, 1,"R",510,"A",,"A",,"R",510,"A",,"A",,"A",,"A",,"A",
432384, 2,"R",510,"A",,"A",,"R",510,"A",,"A",,"A",,"A",,"A",
432384, 3,"R",510,"A",,"A",,"R",510,"A",,"A",,"A",,"A",,"A",
432524, 1,"R",118,"A",,"A",,"R",118,"A",,"A",,"A",,"A",,"A",
432524, 2,"R",118,"A",,"A",,"R",118,"A",,"A",,"A",,"A",,"A",
432524, 3,"R",109,"A",,"A",,"R",109,"A",,"A",,"A",,"A",,"A",
432524,11,"R",9,"A",,"A",,"R",9,"A",,"A",,"A",,"A",,"A",
433004, 1,"R",293,"A",,"A",,"R",293,"A",,"A",,"A",,"A",,"A",
433004, 2,"R",293,"A",,"A",,"R",293,"A",,"A",,"A",,"A",,"A",
433004, 3,"R",293,"A",,"A",,"R",293,"A",,"A",,"A",,"A",,"A",
433013, 1,"R",338,"Z",0,"R",231,"R",107,"A",,"A",,"A",,"A",,"A",
433013, 2,"R",338,"Z",0,"R",231,"R",107,"A",,"A",,"A",,"A",,"A",
433013, 3,"R",338,"Z",0,"R",231,"R",107,"A",,"A",,"A",,"A",,"A",
433040, 1,"R",35,"A",,"A",,"R",35,"A",,"A",,"A",,"A",,"A",
433040, 2,"R",35,"A",,"A",,"R",35,"A",,"A",,"A",,"A",,"A",
433040, 3,"R",35,"A",,"A",,"R",35,"A",,"A",,"A",,"A",,"A",
433068, 1,"R",336,"A",,"A",,"R",336,"A",,"A",,"A",,"A",,"A",
433068, 2,"R",336,"A",,"A",,"R",336,"A",,"A",,"A",,"A",,"A",
433068, 3,"R",336,"A",,"A",,"R",336,"A",,"A",,"A",,"A",,"A",
433101, 1,"R",607,"A",,"A",,"R",607,"A",,"A",,"A",,"A",,"A",
433101, 2,"R",607,"A",,"A",,"R",607,"A",,"A",,"A",,"A",,"A",
433138, 1,"R",177,"A",,"A",,"R",177,"A",,"A",,"A",,"A",,"A",
433138, 2,"R",177,"A",,"A",,"R",177,"A",,"A",,"A",,"A",,"A",
433138, 3,"R",177,"A",,"A",,"R",177,"A",,"A",,"A",,"A",,"A",
433165, 1,"R",4,"A",,"A",,"R",4,"A",,"A",,"A",,"A",,"A",
433165, 2,"R",4,"A",,"A",,"R",4,"A",,"A",,"A",,"A",,"A",
433174, 1,"R",467,"R",39,"R",151,"R",277,"R",33,"R",6,"Z",0,"Z",0,"R",0
433174, 2,"R",467,"R",39,"R",151,"R",277,"R",33,"R",6,"Z",0,"Z",0,"R",0
433174, 3,"R",466,"R",38,"R",151,"R",277,"R",32,"R",6,"Z",0,"Z",0,"R",0
433174,11,"R",1,"R",1,"Z",0,"R",0,"R",1,"Z",0,"Z",0,"Z",0,"R",0
433387, 1,"R",121437,"R",121437,"A",,"A",,"R",8090,"R",113124,"R",5,"R",218,"R",0
433387, 2,"R",88921,"R",88921,"A",,"A",,"R",5758,"R",83010,"R",4,"R",149,"R",0
433387, 3,"R",88921,"R",88921,"A",,"A",,"R",5758,"R",83010,"R",4,"R",149,"R",0
433387,12,"R",32516,"R",32516,"A",,"A",,"R",2332,"R",30114,"R",1,"R",69,"R",0
433420, 1,"R",306,"R",122,"R",0,"R",184,"R",122,"R",0,"R",0,"R",0,"R",0
433420, 2,"R",292,"R",114,"R",0,"R",178,"R",114,"R",0,"R",0,"R",0,"R",0
433420, 3,"R",292,"R",114,"R",0,"R",178,"R",114,"R",0,"R",0,"R",0,"R",0
433420,12,"R",14,"R",8,"R",0,"R",6,"R",8,"R",0,"R",0,"R",0,"R",0
433536, 1,"R",454,"R",344,"R",74,"R",36,"R",331,"R",13,"Z",0,"Z",0,"R",0
433536, 2,"R",416,"R",306,"R",74,"R",36,"R",295,"R",11,"Z",0,"Z",0,"R",0
433536, 3,"R",412,"R",302,"R",74,"R",36,"R",291,"R",11,"Z",0,"Z",0,"R",0
433536,11,"R",4,"R",4,"Z",0,"R",0,"R",4,"Z",0,"Z",0,"Z",0,"R",0
433536,12,"R",38,"R",38,"Z",0,"R",0,"R",36,"R",2,"Z",0,"Z",0,"R",0
433660, 1,"R",15031,"R",935,"R",6053,"R",8043,"R",912,"R",23,"Z",0,"Z",0,"R",0
433660, 2,"R",13877,"R",654,"R",5821,"R",7402,"R",637,"R",17,"Z",0,"Z",0,"R",0
433660, 3,"R",13639,"R",598,"R",5747,"R",7294,"R",581,"R",17,"Z",0,"Z",0,"R",0
433660,11,"R",238,"R",56,"R",74,"R",108,"R",56,"R",0,"Z",0,"Z",0,"R",0
433660,12,"R",1154,"R",281,"R",232,"R",641,"R",275,"R",6,"Z",0,"Z",0,"R",0
433970, 1,"R",50,"A",,"A",,"R",50,"A",,"A",,"A",,"A",,"A",
433970, 2,"R",50,"A",,"A",,"R",50,"A",,"A",,"A",,"A",,"A",
434016, 1,"R",130,"R",0,"R",0,"R",130,"A",,"A",,"A",,"A",,"A",
434016, 2,"R",130,"R",0,"R",0,"R",130,"A",,"A",,"A",,"A",,"A",
434016, 3,"R",103,"R",0,"R",0,"R",103,"A",,"A",,"A",,"A",,"A",
434016,11,"R",27,"R",0,"R",0,"R",27,"A",,"A",,"A",,"A",,"A",
434061, 1,"R",6282,"R",298,"R",797,"R",5187,"R",294,"R",1,"R",0,"R",3,"R",0
434061, 2,"R",6282,"R",298,"R",797,"R",5187,"R",294,"R",1,"R",0,"R",3,"R",0
434061, 3,"R",4968,"R",280,"R",789,"R",3899,"R",277,"R",1,"R",0,"R",2,"R",0
434061,11,"R",1314,"R",18,"R",8,"R",1288,"R",17,"R",0,"R",0,"R",1,"R",0
434140, 1,"R",551,"R",0,"R",36,"R",515,"A",,"A",,"A",,"A",,"A",
434140, 2,"R",551,"R",0,"R",36,"R",515,"A",,"A",,"A",,"A",,"A",
434140, 3,"R",551,"R",0,"R",36,"R",515,"A",,"A",,"A",,"A",,"A",
434159, 1,"R",388,"A",,"A",,"R",388,"A",,"A",,"A",,"A",,"A",
434159, 2,"R",388,"A",,"A",,"R",388,"A",,"A",,"A",,"A",,"A",
434159, 3,"R",388,"A",,"A",,"R",388,"A",,"A",,"A",,"A",,"A",
434274, 1,"R",84,"A",,"A",,"R",84,"A",,"A",,"A",,"A",,"A",
434274, 2,"R",84,"A",,"A",,"R",84,"A",,"A",,"A",,"A",,"A",
434283, 1,"R",57,"A",,"A",,"R",57,"A",,"A",,"A",,"A",,"A",
434283, 2,"R",57,"A",,"A",,"R",57,"A",,"A",,"A",,"A",,"A",
434292, 1,"R",2,"A",,"A",,"R",2,"A",,"A",,"A",,"A",,"A",
434292, 2,"R",2,"A",,"A",,"R",2,"A",,"A",,"A",,"A",,"A",
434308, 1,"R",335,"A",,"A",,"R",335,"A",,"A",,"A",,"A",,"A",
434308, 2,"R",335,"A",,"A",,"R",335,"A",,"A",,"A",,"A",,"A",
434344, 1,"R",231,"A",,"A",,"R",231,"A",,"A",,"A",,"A",,"A",
434344, 2,"R",231,"A",,"A",,"R",231,"A",,"A",,"A",,"A",,"A",
434362, 1,"R",41,"A",,"A",,"R",41,"A",,"A",,"A",,"A",,"A",
434362, 2,"R",41,"A",,"A",,"R",41,"A",,"A",,"A",,"A",,"A",
434432, 1,"R",11,"A",,"A",,"R",11,"A",,"A",,"A",,"A",,"A",
434432, 2,"R",11,"A",,"A",,"R",11,"A",,"A",,"A",,"A",,"A",
434432, 3,"R",11,"A",,"A",,"R",11,"A",,"A",,"A",,"A",,"A",
434441, 1,"R",82,"A",,"A",,"R",82,"A",,"A",,"A",,"A",,"A",
434441,12,"R",82,"A",,"A",,"R",82,"A",,"A",,"A",,"A",,"A",
434469, 1,"R",54,"A",,"A",,"R",54,"A",,"A",,"A",,"A",,"A",
434469, 2,"R",54,"A",,"A",,"R",54,"A",,"A",,"A",,"A",,"A",
434496, 1,"R",74,"A",,"A",,"R",74,"A",,"A",,"A",,"A",,"A",
434496, 2,"R",74,"A",,"A",,"R",74,"A",,"A",,"A",,"A",,"A",
434520, 1,"R",134,"A",,"A",,"R",134,"A",,"A",,"A",,"A",,"A",
434520, 2,"R",134,"A",,"A",,"R",134,"A",,"A",,"A",,"A",,"A",
434539, 1,"R",173,"R",0,"R",35,"R",138,"A",,"A",,"A",,"A",,"A",
434539, 2,"R",173,"R",0,"R",35,"R",138,"A",,"A",,"A",,"A",,"A",
434539, 3,"R",173,"R",0,"R",35,"R",138,"A",,"A",,"A",,"A",,"A",
434584, 1,"R",335,"R",96,"R",151,"R",88,"R",92,"R",4,"R",0,"Z",0,"R",0
434584, 2,"R",335,"R",96,"R",151,"R",88,"R",92,"R",4,"R",0,"Z",0,"R",0
434584, 3,"R",152,"R",30,"R",62,"R",60,"R",28,"R",2,"R",0,"Z",0,"R",0
434584,11,"R",183,"R",66,"R",89,"R",28,"R",64,"R",2,"R",0,"Z",0,"R",0
434672, 1,"R",18830,"R",2482,"R",3465,"R",12883,"R",2456,"R",26,"R",0,"R",0,"R",0
434672, 2,"R",18830,"R",2482,"R",3465,"R",12883,"R",2456,"R",26,"R",0,"R",0,"R",0
434672, 3,"R",16784,"R",2178,"R",3273,"R",11333,"R",2152,"R",26,"R",0,"R",0,"R",0
434672,11,"R",2046,"R",304,"R",192,"R",1550,"R",304,"R",0,"R",0,"R",0,"R",0
434715, 1,"R",207,"Z",0,"R",85,"R",122,"A",,"A",,"A",,"A",,"A",
434715,12,"R",207,"Z",0,"R",85,"R",122,"A",,"A",,"A",,"A",,"A",
434751, 1,"R",104,"R",2,"R",30,"R",72,"R",2,"R",0,"R",0,"R",0,"R",0
434751, 2,"R",104,"R",2,"R",30,"R",72,"R",2,"R",0,"R",0,"R",0,"R",0
434751, 3,"R",84,"R",1,"R",30,"R",53,"R",1,"R",0,"R",0,"R",0,"R",0
434751,11,"R",20,"R",1,"R",0,"R",19,"R",1,"R",0,"R",0,"R",0,"R",0
434821, 1,"R",861,"A",,"A",,"R",861,"A",,"A",,"A",,"A",,"A",
434821, 2,"R",861,"A",,"A",,"R",861,"A",,"A",,"A",,"A",,"A",
434821, 3,"R",861,"A",,"A",,"R",861,"A",,"A",,"A",,"A",,"A",
434830, 1,"R",200,"A",,"A",,"R",200,"A",,"A",,"A",,"A",,"A",
434830, 2,"R",200,"A",,"A",,"R",200,"A",,"A",,"A",,"A",,"A",
434900, 1,"R",292,"A",,"A",,"R",292,"A",,"A",,"A",,"A",,"A",
434900, 2,"R",292,"A",,"A",,"R",292,"A",,"A",,"A",,"A",,"A",
434900, 3,"R",292,"A",,"A",,"R",292,"A",,"A",,"A",,"A",,"A",
434937, 1,"R",21,"A",,"A",,"R",21,"A",,"A",,"A",,"A",,"A",
434937, 2,"R",21,"A",,"A",,"R",21,"A",,"A",,"A",,"A",,"A",
434937, 3,"R",21,"A",,"A",,"R",21,"A",,"A",,"A",,"A",,"A",
434973, 1,"R",1,"R",1,"R",0,"R",0,"R",1,"R",0,"R",0,"R",0,"R",0
434973, 2,"R",1,"R",1,"R",0,"R",0,"R",1,"R",0,"R",0,"R",0,"R",0
434973, 3,"R",1,"R",1,"R",0,"R",0,"R",1,"R",0,"R",0,"R",0,"R",0
435000, 1,"R",890,"A",,"A",,"R",890,"A",,"A",,"A",,"A",,"A",
435000, 2,"R",28,"A",,"A",,"R",28,"A",,"A",,"A",,"A",,"A",
435000, 3,"R",28,"A",,"A",,"R",28,"A",,"A",,"A",,"A",,"A",
435000,12,"R",862,"A",,"A",,"R",862,"A",,"A",,"A",,"A",,"A",
436003, 1,"R",44,"A",,"A",,"R",44,"A",,"A",,"A",,"A",,"A",
436003, 2,"R",44,"A",,"A",,"R",44,"A",,"A",,"A",,"A",,"A",
436021, 1,"R",57,"A",,"A",,"R",57,"A",,"A",,"A",,"A",,"A",
436021,12,"R",57,"A",,"A",,"R",57,"A",,"A",,"A",,"A",,"A",
436030, 1,"R",212,"A",,"A",,"R",212,"A",,"A",,"A",,"A",,"A",
436030, 2,"R",212,"A",,"A",,"R",212,"A",,"A",,"A",,"A",,"A",
436100, 1,"R",14,"A",,"A",,"R",14,"A",,"A",,"A",,"A",,"A",
436100, 2,"R",14,"A",,"A",,"R",14,"A",,"A",,"A",,"A",,"A",
436261, 1,"R",67,"R",0,"R",12,"R",55,"A",,"A",,"A",,"A",,"A",
436261,12,"R",67,"R",0,"R",12,"R",55,"A",,"A",,"A",,"A",,"A",
436270, 1,"R",86,"A",,"A",,"R",86,"A",,"A",,"A",,"A",,"A",
436270, 2,"R",86,"A",,"A",,"R",86,"A",,"A",,"A",,"A",,"A",
436304, 1,"R",3470,"R",194,"R",604,"R",2672,"R",186,"R",2,"R",0,"R",1,"R",5
436304, 2,"R",3470,"R",194,"R",604,"R",2672,"R",186,"R",2,"R",0,"R",1,"R",5
436304, 3,"R",2273,"R",130,"R",576,"R",1567,"R",123,"R",2,"R",0,"R",0,"R",5
436304,11,"R",1197,"R",64,"R",28,"R",1105,"R",63,"R",0,"R",0,"R",1,"R",0
436429, 1,"R",3806,"R",1646,"R",280,"R",1880,"R",365,"R",1274,"R",0,"R",7,"R",0
436429, 2,"R",3806,"R",1646,"R",280,"R",1880,"R",365,"R",1274,"R",0,"R",7,"R",0
436429, 3,"R",3806,"R",1646,"R",280,"R",1880,"R",365,"R",1274,"R",0,"R",7,"R",0
436553, 1,"R",277,"A",,"A",,"R",277,"A",,"A",,"A",,"A",,"A",
436553, 2,"R",277,"A",,"A",,"R",277,"A",,"A",,"A",,"A",,"A",
436599, 1,"R",101,"A",,"A",,"R",101,"A",,"A",,"A",,"A",,"A",
436599, 2,"R",101,"A",,"A",,"R",101,"A",,"A",,"A",,"A",,"A",
436599, 3,"R",101,"A",,"A",,"R",101,"A",,"A",,"A",,"A",,"A",
436614, 1,"R",78,"R",16,"R",41,"R",21,"R",9,"R",7,"Z",0,"Z",0,"R",0
436614, 2,"R",46,"R",0,"R",34,"R",12,"A",,"A",,"A",,"A",,"A",
436614, 3,"R",46,"R",0,"R",34,"R",12,"A",,"A",,"A",,"A",,"A",
436614,12,"R",32,"R",16,"R",7,"R",9,"R",9,"R",7,"Z",0,"Z",0,"R",0
436632, 1,"R",159,"A",,"A",,"R",159,"A",,"A",,"A",,"A",,"A",
436632, 2,"R",159,"A",,"A",,"R",159,"A",,"A",,"A",,"A",,"A",
436641, 1,"R",108,"A",,"A",,"R",108,"A",,"A",,"A",,"A",,"A",
436641, 2,"R",108,"A",,"A",,"R",108,"A",,"A",,"A",,"A",,"A",
436650, 1,"R",98,"A",,"A",,"R",98,"A",,"A",,"A",,"A",,"A",
436650, 2,"R",98,"A",,"A",,"R",98,"A",,"A",,"A",,"A",,"A",
436775, 1,"R",169,"A",,"A",,"R",169,"A",,"A",,"A",,"A",,"A",
436775, 2,"R",169,"A",,"A",,"R",169,"A",,"A",,"A",,"A",,"A",
436818, 1,"R",865,"R",7,"R",85,"R",773,"R",7,"Z",0,"Z",0,"Z",0,"R",0
436818, 2,"R",865,"R",7,"R",85,"R",773,"R",7,"Z",0,"Z",0,"Z",0,"R",0
436818, 3,"R",840,"R",6,"R",84,"R",750,"R",6,"Z",0,"Z",0,"Z",0,"R",0
436818,11,"R",25,"R",1,"R",1,"R",23,"R",1,"Z",0,"Z",0,"Z",0,"R",0
436827, 1,"R",571,"Z",0,"R",6,"R",565,"A",,"A",,"A",,"A",,"A",
436827, 2,"R",571,"Z",0,"R",6,"R",565,"A",,"A",,"A",,"A",,"A",
436827, 3,"R",542,"Z",0,"R",6,"R",536,"A",,"A",,"A",,"A",,"A",
436827,11,"R",29,"Z",0,"Z",0,"R",29,"A",,"A",,"A",,"A",,"A",
436836, 1,"R",1977,"R",3,"R",156,"R",1818,"R",3,"Z",0,"Z",0,"Z",0,"R",0
436836, 2,"R",1977,"R",3,"R",156,"R",1818,"R",3,"Z",0,"Z",0,"Z",0,"R",0
436836, 3,"R",1858,"R",3,"R",153,"R",1702,"R",3,"Z",0,"Z",0,"Z",0,"R",0
436836,11,"R",119,"Z",0,"R",3,"R",116,"A",,"A",,"A",,"A",,"A",
437097, 1,"R",507,"R",503,"R",0,"R",4,"R",34,"R",246,"R",14,"R",209,"R",0
437097, 2,"R",321,"R",321,"R",0,"R",0,"R",26,"R",159,"R",11,"R",125,"R",0
437097, 3,"R",318,"R",318,"R",0,"R",0,"R",26,"R",156,"R",11,"R",125,"R",0
437097,11,"R",3,"R",3,"R",0,"R",0,"Z",0,"R",3,"Z",0,"Z",0,"R",0
437097,12,"R",186,"R",182,"R",0,"R",4,"R",8,"R",87,"R",3,"R",84,"R",0
437103, 1,"R",8242,"R",935,"R",2882,"R",4425,"R",906,"R",24,"R",0,"R",5,"R",0
437103, 2,"R",8242,"R",935,"R",2882,"R",4425,"R",906,"R",24,"R",0,"R",5,"R",0
437103, 3,"R",7709,"R",785,"R",2687,"R",4237,"R",759,"R",22,"R",0,"R",4,"R",0
437103,11,"R",533,"R",150,"R",195,"R",188,"R",147,"R",2,"R",0,"R",1,"R",0
437237, 1,"R",74,"A",,"A",,"R",74,"A",,"A",,"A",,"A",,"A",
437237, 2,"R",74,"A",,"A",,"R",74,"A",,"A",,"A",,"A",,"A",
437316, 1,"R",335,"R",0,"R",22,"R",313,"A",,"A",,"A",,"A",,"A",
437316, 2,"R",335,"R",0,"R",22,"R",313,"A",,"A",,"A",,"A",,"A",
437316, 3,"R",335,"R",0,"R",22,"R",313,"A",,"A",,"A",,"A",,"A",
437325, 1,"R",269,"R",268,"R",1,"R",0,"R",216,"R",51,"R",0,"R",1,"R",0
437325, 2,"R",245,"R",244,"R",1,"R",0,"R",197,"R",46,"R",0,"R",1,"R",0
437325, 3,"R",244,"R",243,"R",1,"R",0,"R",196,"R",46,"R",0,"R",1,"R",0
437325,11,"R",1,"R",1,"R",0,"R",0,"R",1,"R",0,"R",0,"R",0,"R",0
437325,12,"R",24,"R",24,"R",0,"R",0,"R",19,"R",5,"R",0,"R",0,"R",0
437556, 1,"R",549,"A",,"A",,"R",549,"A",,"A",,"A",,"A",,"A",
437556, 2,"R",549,"A",,"A",,"R",549,"A",,"A",,"A",,"A",,"A",
437608, 1,"R",165,"A",,"A",,"R",165,"A",,"A",,"A",,"A",,"A",
437608, 2,"R",165,"A",,"A",,"R",165,"A",,"A",,"A",,"A",,"A",
437635, 1,"R",435,"A",,"A",,"R",435,"A",,"A",,"A",,"A",,"A",
437635, 2,"R",435,"A",,"A",,"R",435,"A",,"A",,"A",,"A",,"A",
437635, 3,"R",435,"A",,"A",,"R",435,"A",,"A",,"A",,"A",,"A",
437705, 1,"R",16,"A",,"A",,"R",16,"A",,"A",,"A",,"A",,"A",
437705, 2,"R",16,"A",,"A",,"R",16,"A",,"A",,"A",,"A",,"A",
437705, 3,"R",16,"A",,"A",,"R",16,"A",,"A",,"A",,"A",,"A",
437723, 1,"R",97,"A",,"A",,"R",97,"A",,"A",,"A",,"A",,"A",
437723, 2,"R",97,"A",,"A",,"R",97,"A",,"A",,"A",,"A",,"A",
437732, 1,"R",225,"R",10,"R",47,"R",168,"R",10,"R",0,"R",0,"R",0,"R",0
437732, 2,"R",225,"R",10,"R",47,"R",168,"R",10,"R",0,"R",0,"R",0,"R",0
437732, 3,"R",225,"R",10,"R",47,"R",168,"R",10,"R",0,"R",0,"R",0,"R",0
437750, 1,"R",77,"A",,"A",,"R",77,"A",,"A",,"A",,"A",,"A",
437750, 2,"R",77,"A",,"A",,"R",77,"A",,"A",,"A",,"A",,"A",
437750, 3,"R",77,"A",,"A",,"R",77,"A",,"A",,"A",,"A",,"A",
437769, 1,"R",171,"A",,"A",,"R",171,"A",,"A",,"A",,"A",,"A",
437769, 2,"R",171,"A",,"A",,"R",171,"A",,"A",,"A",,"A",,"A",
437769, 3,"R",171,"A",,"A",,"R",171,"A",,"A",,"A",,"A",,"A",
437778, 1,"R",222,"A",,"A",,"R",222,"A",,"A",,"A",,"A",,"A",
437778, 2,"R",222,"A",,"A",,"R",222,"A",,"A",,"A",,"A",,"A",
437857, 1,"R",126,"A",,"A",,"R",126,"A",,"A",,"A",,"A",,"A",
437857, 2,"R",126,"A",,"A",,"R",126,"A",,"A",,"A",,"A",,"A",
437936, 1,"R",629,"Z",0,"R",203,"R",426,"A",,"A",,"A",,"A",,"A",
437936, 2,"R",629,"Z",0,"R",203,"R",426,"A",,"A",,"A",,"A",,"A",
437936, 3,"R",629,"Z",0,"R",203,"R",426,"A",,"A",,"A",,"A",,"A",
438151, 1,"R",399,"R",123,"R",276,"R",0,"R",10,"R",113,"Z",0,"Z",0,"R",0
438151, 2,"R",324,"R",123,"R",201,"R",0,"R",10,"R",113,"Z",0,"Z",0,"R",0
438151, 3,"R",324,"R",123,"R",201,"R",0,"R",10,"R",113,"Z",0,"Z",0,"R",0
438151,12,"R",75,"R",0,"R",75,"R",0,"A",,"A",,"A",,"A",,"A",
438179, 1,"R",290,"A",,"A",,"R",290,"A",,"A",,"A",,"A",,"A",
438179, 2,"R",290,"A",,"A",,"R",290,"A",,"A",,"A",,"A",,"A",
438179, 3,"R",290,"A",,"A",,"R",290,"A",,"A",,"A",,"A",,"A",
438221, 1,"R",263,"Z",0,"R",237,"R",26,"A",,"A",,"A",,"A",,"A",
438221, 2,"R",263,"Z",0,"R",237,"R",26,"A",,"A",,"A",,"A",,"A",
438221, 3,"R",263,"Z",0,"R",237,"R",26,"A",,"A",,"A",,"A",,"A",
438258, 1,"R",362,"Z",0,"R",228,"R",134,"A",,"A",,"A",,"A",,"A",
438258, 2,"R",362,"Z",0,"R",228,"R",134,"A",,"A",,"A",,"A",,"A",
438258, 3,"R",362,"Z",0,"R",228,"R",134,"A",,"A",,"A",,"A",,"A",
438285, 1,"R",319,"A",,"A",,"R",319,"A",,"A",,"A",,"A",,"A",
438285, 2,"R",319,"A",,"A",,"R",319,"A",,"A",,"A",,"A",,"A",
438285, 3,"R",319,"A",,"A",,"R",319,"A",,"A",,"A",,"A",,"A",
438337, 1,"R",215,"A",,"A",,"R",215,"A",,"A",,"A",,"A",,"A",
438337, 2,"R",215,"A",,"A",,"R",215,"A",,"A",,"A",,"A",,"A",
438498, 1,"R",2096,"R",202,"R",36,"R",1858,"R",84,"R",117,"R",1,"R",0,"R",0
438498, 2,"R",1817,"R",148,"R",25,"R",1644,"R",63,"R",85,"R",0,"R",0,"R",0
438498, 3,"R",1791,"R",148,"R",25,"R",1618,"R",63,"R",85,"R",0,"R",0,"R",0
438498,11,"R",26,"R",0,"R",0,"R",26,"A",,"A",,"A",,"A",,"A",
438498,12,"R",279,"R",54,"R",11,"R",214,"R",21,"R",32,"R",1,"R",0,"R",0
438504, 1,"R",1362,"A",,"A",,"R",1362,"A",,"A",,"A",,"A",,"A",
438504, 2,"R",1362,"A",,"A",,"R",1362,"A",,"A",,"A",,"A",,"A",
438504, 3,"R",1362,"A",,"A",,"R",1362,"A",,"A",,"A",,"A",,"A",
438586, 1,"R",1806,"R",1540,"R",147,"R",119,"R",117,"R",1422,"R",0,"R",1,"R",0
438586, 2,"R",1603,"R",1357,"R",135,"R",111,"R",89,"R",1267,"R",0,"R",1,"R",0
438586, 3,"R",1602,"R",1357,"R",134,"R",111,"R",89,"R",1267,"R",0,"R",1,"R",0
438586,11,"R",1,"R",0,"R",1,"R",0,"A",,"A",,"A",,"A",,"A",
438586,12,"R",203,"R",183,"R",12,"R",8,"R",28,"R",155,"R",0,"R",0,"R",0
438674, 1,"R",51,"A",,"A",,"R",51,"A",,"A",,"A",,"A",,"A",
438674, 2,"R",51,"A",,"A",,"R",51,"A",,"A",,"A",,"A",,"A",
438708, 1,"R",483,"R",55,"R",134,"R",294,"R",55,"Z",0,"Z",0,"Z",0,"R",0
438708, 2,"R",483,"R",55,"R",134,"R",294,"R",55,"Z",0,"Z",0,"Z",0,"R",0
438708, 3,"R",252,"R",36,"R",116,"R",100,"R",36,"Z",0,"Z",0,"Z",0,"R",0
438708,11,"R",231,"R",19,"R",18,"R",194,"R",19,"Z",0,"Z",0,"Z",0,"R",0
438735, 1,"R",168,"A",,"A",,"R",168,"A",,"A",,"A",,"A",,"A",
438735, 2,"R",168,"A",,"A",,"R",168,"A",,"A",,"A",,"A",,"A",
438805, 1,"R",63,"A",,"A",,"R",63,"A",,"A",,"A",,"A",,"A",
438805, 2,"R",63,"A",,"A",,"R",63,"A",,"A",,"A",,"A",,"A",
438869, 1,"R",39,"A",,"A",,"R",39,"A",,"A",,"A",,"A",,"A",
438869, 2,"R",39,"A",,"A",,"R",39,"A",,"A",,"A",,"A",,"A",
438869, 3,"R",39,"A",,"A",,"R",39,"A",,"A",,"A",,"A",,"A",
438984, 1,"R",65,"A",,"A",,"R",65,"A",,"A",,"A",,"A",,"A",
438984, 2,"R",65,"A",,"A",,"R",65,"A",,"A",,"A",,"A",,"A",
439020, 1,"R",58,"A",,"A",,"R",58,"A",,"A",,"A",,"A",,"A",
439020, 2,"R",19,"A",,"A",,"R",19,"A",,"A",,"A",,"A",,"A",
439020, 3,"R",19,"A",,"A",,"R",19,"A",,"A",,"A",,"A",,"A",
439020,12,"R",39,"A",,"A",,"R",39,"A",,"A",,"A",,"A",,"A",
439118, 1,"R",337,"Z",0,"R",198,"R",139,"A",,"A",,"A",,"A",,"A",
439118, 2,"R",337,"Z",0,"R",198,"R",139,"A",,"A",,"A",,"A",,"A",
439118, 3,"R",337,"Z",0,"R",198,"R",139,"A",,"A",,"A",,"A",,"A",
439145, 1,"R",4453,"R",406,"R",9,"R",4038,"R",387,"R",16,"R",0,"R",0,"R",3
439145, 2,"R",4453,"R",406,"R",9,"R",4038,"R",387,"R",16,"R",0,"R",0,"R",3
439145, 3,"R",3750,"R",338,"R",8,"R",3404,"R",320,"R",15,"R",0,"R",0,"R",3
439145,11,"R",703,"R",68,"R",1,"R",634,"R",67,"R",1,"R",0,"R",0,"R",0
439190, 1,"R",3396,"R",363,"R",618,"R",2415,"R",360,"R",3,"R",0,"R",0,"R",0
439190, 2,"R",3396,"R",363,"R",618,"R",2415,"R",360,"R",3,"R",0,"R",0,"R",0
439190, 3,"R",2191,"R",263,"R",448,"R",1480,"R",261,"R",2,"R",0,"R",0,"R",0
439190,11,"R",1205,"R",100,"R",170,"R",935,"R",99,"R",1,"R",0,"R",0,"R",0
439288, 1,"R",1008,"R",16,"R",118,"R",874,"R",7,"R",9,"R",0,"R",0,"R",0
439288, 2,"R",974,"R",13,"R",114,"R",847,"R",5,"R",8,"R",0,"R",0,"R",0
439288, 3,"R",969,"R",13,"R",114,"R",842,"R",5,"R",8,"R",0,"R",0,"R",0
439288,11,"R",5,"R",0,"R",0,"R",5,"A",,"A",,"A",,"A",,"A",
439288,12,"R",34,"R",3,"R",4,"R",27,"R",2,"R",1,"R",0,"R",0,"R",0
439367, 1,"R",628,"A",,"A",,"R",628,"A",,"A",,"A",,"A",,"A",
439367, 2,"R",628,"A",,"A",,"R",628,"A",,"A",,"A",,"A",,"A",
439367, 3,"R",628,"A",,"A",,"R",628,"A",,"A",,"A",,"A",,"A",
439394, 1,"R",95,"A",,"A",,"R",95,"A",,"A",,"A",,"A",,"A",
439394,12,"R",95,"A",,"A",,"R",95,"A",,"A",,"A",,"A",,"A",
439446, 1,"R",134,"A",,"A",,"R",134,"A",,"A",,"A",,"A",,"A",
439446, 2,"R",35,"A",,"A",,"R",35,"A",,"A",,"A",,"A",,"A",
439446, 3,"R",35,"A",,"A",,"R",35,"A",,"A",,"A",,"A",,"A",
439446,12,"R",99,"A",,"A",,"R",99,"A",,"A",,"A",,"A",,"A",
439455, 1,"R",266,"A",,"A",,"R",266,"A",,"A",,"A",,"A",,"A",
439455, 2,"R",266,"A",,"A",,"R",266,"A",,"A",,"A",,"A",,"A",
439473, 1,"R",293,"A",,"A",,"R",293,"A",,"A",,"A",,"A",,"A",
439473, 2,"R",293,"A",,"A",,"R",293,"A",,"A",,"A",,"A",,"A",
439491, 1,"R",287,"A",,"A",,"R",287,"A",,"A",,"A",,"A",,"A",
439491, 2,"R",287,"A",,"A",,"R",287,"A",,"A",,"A",,"A",,"A",
439507, 1,"R",60,"A",,"A",,"R",60,"A",,"A",,"A",,"A",,"A",
439507, 2,"R",60,"A",,"A",,"R",60,"A",,"A",,"A",,"A",,"A",
439570, 1,"R",578,"R",282,"R",8,"R",288,"R",265,"R",17,"R",0,"R",0,"R",0
439570, 2,"R",578,"R",282,"R",8,"R",288,"R",265,"R",17,"R",0,"R",0,"R",0
439570, 3,"R",121,"R",93,"R",3,"R",25,"R",90,"R",3,"R",0,"R",0,"R",0
439570,11,"R",457,"R",189,"R",5,"R",263,"R",175,"R",14,"R",0,"R",0,"R",0
439613, 1,"R",157,"R",12,"R",62,"R",83,"R",11,"R",1,"R",0,"R",0,"R",0
439613, 2,"R",157,"R",12,"R",62,"R",83,"R",11,"R",1,"R",0,"R",0,"R",0
439613, 3,"R",123,"R",9,"R",54,"R",60,"R",8,"R",1,"R",0,"R",0,"R",0
439613,11,"R",34,"R",3,"R",8,"R",23,"R",3,"R",0,"R",0,"R",0,"R",0
439622, 1,"R",360,"A",,"A",,"R",360,"A",,"A",,"A",,"A",,"A",
439622, 2,"R",360,"A",,"A",,"R",360,"A",,"A",,"A",,"A",,"A",
439622, 3,"R",360,"A",,"A",,"R",360,"A",,"A",,"A",,"A",,"A",
439668, 1,"R",134,"A",,"A",,"R",134,"A",,"A",,"A",,"A",,"A",
439668, 2,"R",134,"A",,"A",,"R",134,"A",,"A",,"A",,"A",,"A",
439686, 1,"R",58,"A",,"A",,"R",58,"A",,"A",,"A",,"A",,"A",
439686, 2,"R",58,"A",,"A",,"R",58,"A",,"A",,"A",,"A",,"A",
439701, 1,"R",660,"R",213,"R",247,"R",200,"R",64,"R",145,"Z",0,"R",4,"R",0
439701, 2,"R",362,"R",104,"R",165,"R",93,"R",38,"R",64,"Z",0,"R",2,"R",0
439701, 3,"R",362,"R",104,"R",165,"R",93,"R",38,"R",64,"Z",0,"R",2,"R",0
439701,12,"R",298,"R",109,"R",82,"R",107,"R",26,"R",81,"Z",0,"R",2,"R",0
439738, 1,"R",287,"A",,"A",,"R",287,"A",,"A",,"A",,"A",,"A",
439738, 2,"R",287,"A",,"A",,"R",287,"A",,"A",,"A",,"A",,"A",
439738, 3,"R",287,"A",,"A",,"R",287,"A",,"A",,"A",,"A",,"A",
439747, 1,"R",273,"A",,"A",,"R",273,"A",,"A",,"A",,"A",,"A",
439747, 2,"R",273,"A",,"A",,"R",273,"A",,"A",,"A",,"A",,"A",
439774, 1,"R",36,"A",,"A",,"R",36,"A",,"A",,"A",,"A",,"A",
439774, 2,"R",36,"A",,"A",,"R",36,"A",,"A",,"A",,"A",,"A",
439783, 1,"R",186,"A",,"A",,"R",186,"A",,"A",,"A",,"A",,"A",
439783, 2,"R",67,"A",,"A",,"R",67,"A",,"A",,"A",,"A",,"A",
439783, 3,"R",65,"A",,"A",,"R",65,"A",,"A",,"A",,"A",,"A",
439783,11,"R",2,"A",,"A",,"R",2,"A",,"A",,"A",,"A",,"A",
439783,12,"R",119,"A",,"A",,"R",119,"A",,"A",,"A",,"A",,"A",
439792, 1,"R",431,"R",0,"R",197,"R",234,"A",,"A",,"A",,"A",,"A",
439792, 2,"R",431,"R",0,"R",197,"R",234,"A",,"A",,"A",,"A",,"A",
439792, 3,"R",431,"R",0,"R",197,"R",234,"A",,"A",,"A",,"A",,"A",
439817, 1,"R",133,"R",37,"R",21,"R",75,"R",30,"R",6,"Z",0,"R",1,"R",0
439817,12,"R",133,"R",37,"R",21,"R",75,"R",30,"R",6,"Z",0,"R",1,"R",0
439844, 1,"R",54,"A",,"A",,"R",54,"A",,"A",,"A",,"A",,"A",
439844, 2,"R",54,"A",,"A",,"R",54,"A",,"A",,"A",,"A",,"A",
439862, 1,"R",62,"R",4,"R",3,"R",55,"R",2,"R",0,"R",0,"R",2,"R",0
439862, 2,"R",59,"R",1,"R",3,"R",55,"R",0,"R",0,"R",0,"R",1,"R",0
439862, 3,"R",59,"R",1,"R",3,"R",55,"R",0,"R",0,"R",0,"R",1,"R",0
439862,12,"R",3,"R",3,"R",0,"R",0,"R",2,"R",0,"R",0,"R",1,"R",0
439871, 1,"R",109,"A",,"A",,"R",109,"A",,"A",,"A",,"A",,"A",
439871, 2,"R",109,"A",,"A",,"R",109,"A",,"A",,"A",,"A",,"A",
439871, 3,"R",109,"A",,"A",,"R",109,"A",,"A",,"A",,"A",,"A",
439899, 1,"R",46,"A",,"A",,"R",46,"A",,"A",,"A",,"A",,"A",
439899, 2,"R",46,"A",,"A",,"R",46,"A",,"A",,"A",,"A",,"A",
439899, 3,"R",46,"A",,"A",,"R",46,"A",,"A",,"A",,"A",,"A",
439914, 1,"R",29,"A",,"A",,"R",29,"A",,"A",,"A",,"A",,"A",
439914,12,"R",29,"A",,"A",,"R",29,"A",,"A",,"A",,"A",,"A",
439932, 1,"R",29,"A",,"A",,"R",29,"A",,"A",,"A",,"A",,"A",
439932, 2,"R",29,"A",,"A",,"R",29,"A",,"A",,"A",,"A",,"A",
439969, 1,"R",165,"A",,"A",,"R",165,"A",,"A",,"A",,"A",,"A",
439969, 2,"R",29,"A",,"A",,"R",29,"A",,"A",,"A",,"A",,"A",
439969, 3,"R",28,"A",,"A",,"R",28,"A",,"A",,"A",,"A",,"A",
439969,11,"R",1,"A",,"A",,"R",1,"A",,"A",,"A",,"A",,"A",
439969,12,"R",136,"A",,"A",,"R",136,"A",,"A",,"A",,"A",,"A",
439996, 1,"R",124,"A",,"A",,"R",124,"A",,"A",,"A",,"A",,"A",
439996, 2,"R",124,"A",,"A",,"R",124,"A",,"A",,"A",,"A",,"A",
440004, 1,"R",26,"A",,"A",,"R",26,"A",,"A",,"A",,"A",,"A",
440004,12,"R",26,"A",,"A",,"R",26,"A",,"A",,"A",,"A",,"A",
440031, 1,"R",617,"R",29,"R",31,"R",557,"R",0,"R",0,"R",0,"R",29,"R",0
440031,12,"R",617,"R",29,"R",31,"R",557,"R",0,"R",0,"R",0,"R",29,"R",0
440059, 1,"R",768,"A",,"A",,"R",768,"A",,"A",,"A",,"A",,"A",
440059, 2,"R",768,"A",,"A",,"R",768,"A",,"A",,"A",,"A",,"A",
440059, 3,"R",768,"A",,"A",,"R",768,"A",,"A",,"A",,"A",,"A",
440101, 1,"R",126,"A",,"A",,"R",126,"A",,"A",,"A",,"A",,"A",
440101, 2,"R",126,"A",,"A",,"R",126,"A",,"A",,"A",,"A",,"A",
440217, 1,"R",43,"A",,"A",,"R",43,"A",,"A",,"A",,"A",,"A",
440217, 2,"R",43,"A",,"A",,"R",43,"A",,"A",,"A",,"A",,"A",
440217, 3,"R",43,"A",,"A",,"R",43,"A",,"A",,"A",,"A",,"A",
440226, 1,"R",58,"A",,"A",,"R",58,"A",,"A",,"A",,"A",,"A",
440226, 2,"R",58,"A",,"A",,"R",58,"A",,"A",,"A",,"A",,"A",
440262, 1,"R",188,"A",,"A",,"R",188,"A",,"A",,"A",,"A",,"A",
440262, 2,"R",188,"A",,"A",,"R",188,"A",,"A",,"A",,"A",,"A",
440262, 3,"R",188,"A",,"A",,"R",188,"A",,"A",,"A",,"A",,"A",
440271, 1,"R",60,"A",,"A",,"R",60,"A",,"A",,"A",,"A",,"A",
440271, 2,"R",60,"A",,"A",,"R",60,"A",,"A",,"A",,"A",,"A",
440271, 3,"R",60,"A",,"A",,"R",60,"A",,"A",,"A",,"A",,"A",
440396, 1,"R",198,"R",6,"R",15,"R",177,"R",0,"R",6,"R",0,"R",0,"R",0
440396, 2,"R",160,"A",,"A",,"R",160,"A",,"A",,"A",,"A",,"A",
440396, 3,"R",148,"A",,"A",,"R",148,"A",,"A",,"A",,"A",,"A",
440396,11,"R",12,"A",,"A",,"R",12,"A",,"A",,"A",,"A",,"A",
440396,12,"R",38,"R",6,"R",15,"R",17,"R",0,"R",6,"R",0,"R",0,"R",0
440402, 1,"R",2270,"R",318,"R",851,"R",1101,"R",282,"R",21,"R",0,"R",4,"R",11
440402, 2,"R",2270,"R",318,"R",851,"R",1101,"R",282,"R",21,"R",0,"R",4,"R",11
440402, 3,"R",1465,"R",154,"R",717,"R",594,"R",147,"R",5,"R",0,"R",0,"R",2
440402,11,"R",805,"R",164,"R",134,"R",507,"R",135,"R",16,"R",0,"R",4,"R",9
440411, 1,"R",49,"R",0,"R",0,"R",49,"A",,"A",,"A",,"A",,"A",
440411,12,"R",49,"R",0,"R",0,"R",49,"A",,"A",,"A",,"A",,"A",
440420, 1,"R",4,"R",2,"R",2,"R",0,"R",1,"R",1,"R",0,"R",0,"R",0
440420, 2,"R",4,"R",2,"R",2,"R",0,"R",1,"R",1,"R",0,"R",0,"R",0
440420, 3,"R",4,"R",2,"R",2,"R",0,"R",1,"R",1,"R",0,"R",0,"R",0
440651, 1,"R",826,"A",,"A",,"R",826,"A",,"A",,"A",,"A",,"A",
440651, 2,"R",826,"A",,"A",,"R",826,"A",,"A",,"A",,"A",,"A",
440651, 3,"R",826,"A",,"A",,"R",826,"A",,"A",,"A",,"A",,"A",
440730, 1,"R",427,"A",,"A",,"R",427,"A",,"A",,"A",,"A",,"A",
440730, 2,"R",427,"A",,"A",,"R",427,"A",,"A",,"A",,"A",,"A",
440730, 3,"R",427,"A",,"A",,"R",427,"A",,"A",,"A",,"A",,"A",
440749, 1,"R",269,"R",173,"R",24,"R",72,"R",93,"R",79,"Z",0,"Z",0,"R",1
440749, 2,"R",269,"R",173,"R",24,"R",72,"R",93,"R",79,"Z",0,"Z",0,"R",1
440749, 3,"R",172,"R",142,"R",17,"R",13,"R",66,"R",76,"Z",0,"Z",0,"R",0
440749,11,"R",97,"R",31,"R",7,"R",59,"R",27,"R",3,"Z",0,"Z",0,"R",1
440758, 1,"R",30,"R",30,"Z",0,"R",0,"R",29,"R",1,"Z",0,"Z",0,"R",0
440758, 2,"R",30,"R",30,"Z",0,"R",0,"R",29,"R",1,"Z",0,"Z",0,"R",0
440758, 3,"R",30,"R",30,"Z",0,"R",0,"R",29,"R",1,"Z",0,"Z",0,"R",0
440776, 1,"R",23,"R",0,"R",15,"R",8,"A",,"A",,"A",,"A",,"A",
440776, 2,"R",23,"R",0,"R",15,"R",8,"A",,"A",,"A",,"A",,"A",
440776, 3,"R",23,"R",0,"R",15,"R",8,"A",,"A",,"A",,"A",,"A",
440794, 1,"R",584,"R",0,"R",19,"R",565,"A",,"A",,"A",,"A",,"A",
440794, 2,"R",505,"R",0,"R",19,"R",486,"A",,"A",,"A",,"A",,"A",
440794, 3,"R",445,"R",0,"R",19,"R",426,"A",,"A",,"A",,"A",,"A",
440794,11,"R",60,"R",0,"R",0,"R",60,"A",,"A",,"A",,"A",,"A",
440794,12,"R",79,"A",,"A",,"R",79,"A",,"A",,"A",,"A",,"A",
440819, 1,"R",53,"A",,"A",,"R",53,"A",,"A",,"A",,"A",,"A",
440819, 2,"R",53,"A",,"A",,"R",53,"A",,"A",,"A",,"A",,"A",
440828, 1,"R",1259,"R",0,"R",225,"R",1034,"A",,"A",,"A",,"A",,"A",
440828, 2,"R",978,"R",0,"R",218,"R",760,"A",,"A",,"A",,"A",,"A",
440828, 3,"R",946,"R",0,"R",216,"R",730,"A",,"A",,"A",,"A",,"A",
440828,11,"R",32,"R",0,"R",2,"R",30,"A",,"A",,"A",,"A",,"A",
440828,12,"R",281,"R",0,"R",7,"R",274,"A",,"A",,"A",,"A",,"A",
440855, 1,"R",74,"A",,"A",,"R",74,"A",,"A",,"A",,"A",,"A",
440855, 2,"R",74,"A",,"A",,"R",74,"A",,"A",,"A",,"A",,"A",
440916, 1,"R",619,"A",,"A",,"R",619,"A",,"A",,"A",,"A",,"A",
440916,12,"R",619,"A",,"A",,"R",619,"A",,"A",,"A",,"A",,"A",
440989, 1,"R",677,"A",,"A",,"R",677,"A",,"A",,"A",,"A",,"A",
440989, 2,"R",677,"A",,"A",,"R",677,"A",,"A",,"A",,"A",,"A",
441025, 1,"R",557,"Z",0,"R",399,"R",158,"A",,"A",,"A",,"A",,"A",
441025, 2,"R",557,"Z",0,"R",399,"R",158,"A",,"A",,"A",,"A",,"A",
441025, 3,"R",557,"Z",0,"R",399,"R",158,"A",,"A",,"A",,"A",,"A",
441052, 1,"R",1027,"A",,"A",,"R",1027,"A",,"A",,"A",,"A",,"A",
441052, 2,"R",1027,"A",,"A",,"R",1027,"A",,"A",,"A",,"A",,"A",
441052, 3,"R",1027,"A",,"A",,"R",1027,"A",,"A",,"A",,"A",,"A",
441070, 1,"R",140,"A",,"A",,"R",140,"A",,"A",,"A",,"A",,"A",
441070, 2,"R",140,"A",,"A",,"R",140,"A",,"A",,"A",,"A",,"A",
441070, 3,"R",124,"A",,"A",,"R",124,"A",,"A",,"A",,"A",,"A",
441070,11,"R",16,"A",,"A",,"R",16,"A",,"A",,"A",,"A",,"A",
441104, 1,"R",273,"R",26,"R",44,"R",203,"R",17,"R",9,"R",0,"R",0,"R",0
441104,12,"R",273,"R",26,"R",44,"R",203,"R",17,"R",9,"R",0,"R",0,"R",0
441131, 1,"R",242,"A",,"A",,"R",242,"A",,"A",,"A",,"A",,"A",
441131,12,"R",242,"A",,"A",,"R",242,"A",,"A",,"A",,"A",,"A",
441168, 1,"R",27,"A",,"A",,"R",27,"A",,"A",,"A",,"A",,"A",
441168, 2,"R",27,"A",,"A",,"R",27,"A",,"A",,"A",,"A",,"A",
441210, 1,"R",573,"A",,"A",,"R",573,"A",,"A",,"A",,"A",,"A",
441210, 2,"R",573,"A",,"A",,"R",573,"A",,"A",,"A",,"A",,"A",
441210, 3,"R",573,"A",,"A",,"R",573,"A",,"A",,"A",,"A",,"A",
441229, 1,"R",821,"A",,"A",,"R",821,"A",,"A",,"A",,"A",,"A",
441229, 2,"R",821,"A",,"A",,"R",821,"A",,"A",,"A",,"A",,"A",
441229, 3,"R",703,"A",,"A",,"R",703,"A",,"A",,"A",,"A",,"A",
441229,11,"R",118,"A",,"A",,"R",118,"A",,"A",,"A",,"A",,"A",
441238, 1,"R",90,"A",,"A",,"R",90,"A",,"A",,"A",,"A",,"A",
441238,12,"R",90,"A",,"A",,"R",90,"A",,"A",,"A",,"A",,"A",
441256, 1,"R",34,"A",,"A",,"R",34,"A",,"A",,"A",,"A",,"A",
441256, 2,"R",34,"A",,"A",,"R",34,"A",,"A",,"A",,"A",,"A",
441362, 1,"R",158,"A",,"A",,"R",158,"A",,"A",,"A",,"A",,"A",
441362, 2,"R",158,"A",,"A",,"R",158,"A",,"A",,"A",,"A",,"A",
441371, 1,"R",18893,"R",18643,"R",0,"R",250,"R",1952,"R",16691,"Z",0,"Z",0,"R",0
441371, 2,"R",18893,"R",18643,"R",0,"R",250,"R",1952,"R",16691,"Z",0,"Z",0,"R",0
441371, 3,"R",18893,"R",18643,"R",0,"R",250,"R",1952,"R",16691,"Z",0,"Z",0,"R",0
441380, 1,"R",69,"A",,"A",,"R",69,"A",,"A",,"A",,"A",,"A",
441380, 2,"R",69,"A",,"A",,"R",69,"A",,"A",,"A",,"A",,"A",
441414, 1,"R",172,"A",,"A",,"R",172,"A",,"A",,"A",,"A",,"A",
441414, 2,"R",172,"A",,"A",,"R",172,"A",,"A",,"A",,"A",,"A",
441414, 3,"R",172,"A",,"A",,"R",172,"A",,"A",,"A",,"A",,"A",
441423, 1,"R",268,"A",,"A",,"R",268,"A",,"A",,"A",,"A",,"A",
441423, 2,"R",268,"A",,"A",,"R",268,"A",,"A",,"A",,"A",,"A",
441423, 3,"R",268,"A",,"A",,"R",268,"A",,"A",,"A",,"A",,"A",
441487, 1,"R",63,"A",,"A",,"R",63,"A",,"A",,"A",,"A",,"A",
441487, 2,"R",63,"A",,"A",,"R",63,"A",,"A",,"A",,"A",,"A",
441487, 3,"R",63,"A",,"A",,"R",63,"A",,"A",,"A",,"A",,"A",
441496, 1,"R",154,"A",,"A",,"R",154,"A",,"A",,"A",,"A",,"A",
441496, 2,"R",154,"A",,"A",,"R",154,"A",,"A",,"A",,"A",,"A",
441502, 1,"R",324,"A",,"A",,"R",324,"A",,"A",,"A",,"A",,"A",
441502, 2,"R",324,"A",,"A",,"R",324,"A",,"A",,"A",,"A",,"A",
441511, 1,"R",554,"R",536,"R",7,"R",11,"R",407,"R",120,"R",0,"R",0,"R",9
441511, 2,"R",389,"R",379,"R",3,"R",7,"R",270,"R",100,"R",0,"R",0,"R",9
441511, 3,"R",389,"R",379,"R",3,"R",7,"R",270,"R",100,"R",0,"R",0,"R",9
441511,12,"R",165,"R",157,"R",4,"R",4,"R",137,"R",20,"R",0,"R",0,"R",0
441548, 1,"R",77,"A",,"A",,"R",77,"A",,"A",,"A",,"A",,"A",
441548, 2,"R",77,"A",,"A",,"R",77,"A",,"A",,"A",,"A",,"A",
441575, 1,"R",416,"A",,"A",,"R",416,"A",,"A",,"A",,"A",,"A",
441575, 2,"R",416,"A",,"A",,"R",416,"A",,"A",,"A",,"A",,"A",
441593, 1,"R",50,"A",,"A",,"R",50,"A",,"A",,"A",,"A",,"A",
441593, 2,"R",50,"A",,"A",,"R",50,"A",,"A",,"A",,"A",,"A",
441593, 3,"R",50,"A",,"A",,"R",50,"A",,"A",,"A",,"A",,"A",
441609, 1,"R",78,"A",,"A",,"R",78,"A",,"A",,"A",,"A",,"A",
441609, 2,"R",78,"A",,"A",,"R",78,"A",,"A",,"A",,"A",,"A",
441609, 3,"R",78,"A",,"A",,"R",78,"A",,"A",,"A",,"A",,"A",
441618, 1,"R",20,"A",,"A",,"R",20,"A",,"A",,"A",,"A",,"A",
441618, 2,"R",20,"A",,"A",,"R",20,"A",,"A",,"A",,"A",,"A",
441636, 1,"R",425,"A",,"A",,"R",425,"A",,"A",,"A",,"A",,"A",
441636, 2,"R",410,"A",,"A",,"R",410,"A",,"A",,"A",,"A",,"A",
441636, 3,"R",410,"A",,"A",,"R",410,"A",,"A",,"A",,"A",,"A",
441636,12,"R",15,"A",,"A",,"R",15,"A",,"A",,"A",,"A",,"A",
441645, 1,"R",133,"A",,"A",,"R",133,"A",,"A",,"A",,"A",,"A",
441645, 2,"R",133,"A",,"A",,"R",133,"A",,"A",,"A",,"A",,"A",
441663, 1,"R",322,"A",,"A",,"R",322,"A",,"A",,"A",,"A",,"A",
441663, 2,"R",322,"A",,"A",,"R",322,"A",,"A",,"A",,"A",,"A",
441672, 1,"R",65,"R",4,"R",4,"R",57,"R",4,"R",0,"R",0,"R",0,"R",0
441672, 2,"R",65,"R",4,"R",4,"R",57,"R",4,"R",0,"R",0,"R",0,"R",0
441672, 3,"R",65,"R",4,"R",4,"R",57,"R",4,"R",0,"R",0,"R",0,"R",0
441690, 1,"R",249,"A",,"A",,"R",249,"A",,"A",,"A",,"A",,"A",
441690, 2,"R",240,"A",,"A",,"R",240,"A",,"A",,"A",,"A",,"A",
441690, 3,"R",197,"A",,"A",,"R",197,"A",,"A",,"A",,"A",,"A",
441690,11,"R",43,"A",,"A",,"R",43,"A",,"A",,"A",,"A",,"A",
441690,12,"R",9,"A",,"A",,"R",9,"A",,"A",,"A",,"A",,"A",
441706, 1,"R",29,"A",,"A",,"R",29,"A",,"A",,"A",,"A",,"A",
441706, 2,"R",29,"A",,"A",,"R",29,"A",,"A",,"A",,"A",,"A",
441742, 1,"R",835,"A",,"A",,"R",835,"A",,"A",,"A",,"A",,"A",
441742, 2,"R",835,"A",,"A",,"R",835,"A",,"A",,"A",,"A",,"A",
441742, 3,"R",835,"A",,"A",,"R",835,"A",,"A",,"A",,"A",,"A",
441760, 1,"R",3265,"R",393,"R",866,"R",2006,"R",389,"R",4,"Z",0,"Z",0,"R",0
441760, 2,"R",3265,"R",393,"R",866,"R",2006,"R",389,"R",4,"Z",0,"Z",0,"R",0
441760, 3,"R",2717,"R",218,"R",794,"R",1705,"R",214,"R",4,"Z",0,"Z",0,"R",0
441760,11,"R",548,"R",175,"R",72,"R",301,"R",175,"Z",0,"Z",0,"Z",0,"R",0
441788, 1,"R",481,"A",,"A",,"R",481,"A",,"A",,"A",,"A",,"A",
441788, 2,"R",481,"A",,"A",,"R",481,"A",,"A",,"A",,"A",,"A",
441830, 1,"R",81,"A",,"A",,"R",81,"A",,"A",,"A",,"A",,"A",
441830, 2,"R",81,"A",,"A",,"R",81,"A",,"A",,"A",,"A",,"A",
441858, 1,"R",235,"R",0,"R",45,"R",190,"A",,"A",,"A",,"A",,"A",
441858, 2,"R",235,"R",0,"R",45,"R",190,"A",,"A",,"A",,"A",,"A",
441858, 3,"R",235,"R",0,"R",45,"R",190,"A",,"A",,"A",,"A",,"A",
441876, 1,"R",211,"A",,"A",,"R",211,"A",,"A",,"A",,"A",,"A",
441876, 2,"R",211,"A",,"A",,"R",211,"A",,"A",,"A",,"A",,"A",
441900, 1,"R",4930,"R",879,"R",1629,"R",2422,"R",824,"R",55,"R",0,"R",0,"R",0
441900, 2,"R",4930,"R",879,"R",1629,"R",2422,"R",824,"R",55,"R",0,"R",0,"R",0
441900, 3,"R",3950,"R",782,"R",1559,"R",1609,"R",729,"R",53,"R",0,"R",0,"R",0
441900,11,"R",980,"R",97,"R",70,"R",813,"R",95,"R",2,"R",0,"R",0,"R",0
441937, 1,"R",7488,"R",71,"R",2601,"R",4816,"R",71,"R",0,"Z",0,"R",0,"R",0
441937, 2,"R",7120,"R",71,"R",2522,"R",4527,"R",71,"R",0,"Z",0,"R",0,"R",0
441937, 3,"R",7105,"R",66,"R",2521,"R",4518,"R",66,"R",0,"Z",0,"R",0,"R",0
441937,11,"R",15,"R",5,"R",1,"R",9,"R",5,"R",0,"Z",0,"R",0,"R",0
441937,12,"R",368,"R",0,"R",79,"R",289,"A",,"A",,"A",,"A",,"A",
441982, 1,"R",390,"A",,"A",,"R",390,"A",,"A",,"A",,"A",,"A",
441982, 2,"R",390,"A",,"A",,"R",390,"A",,"A",,"A",,"A",,"A",
441982, 3,"R",340,"A",,"A",,"R",340,"A",,"A",,"A",,"A",,"A",
441982,11,"R",50,"A",,"A",,"R",50,"A",,"A",,"A",,"A",,"A",
442064, 1,"R",77,"A",,"A",,"R",77,"A",,"A",,"A",,"A",,"A",
442064,12,"R",77,"A",,"A",,"R",77,"A",,"A",,"A",,"A",,"A",
442073, 1,"R",489,"A",,"A",,"R",489,"A",,"A",,"A",,"A",,"A",
442073, 2,"R",489,"A",,"A",,"R",489,"A",,"A",,"A",,"A",,"A",
442134, 1,"R",397,"R",0,"R",7,"R",390,"A",,"A",,"A",,"A",,"A",
442134, 2,"R",397,"R",0,"R",7,"R",390,"A",,"A",,"A",,"A",,"A",
442134, 3,"R",397,"R",0,"R",7,"R",390,"A",,"A",,"A",,"A",,"A",
442161, 1,"R",54,"R",39,"R",5,"R",10,"R",37,"R",2,"R",0,"R",0,"R",0
442161, 2,"R",51,"R",36,"R",5,"R",10,"R",34,"R",2,"R",0,"R",0,"R",0
442161, 3,"R",51,"R",36,"R",5,"R",10,"R",34,"R",2,"R",0,"R",0,"R",0
442161,12,"R",3,"R",3,"R",0,"R",0,"R",3,"R",0,"R",0,"R",0,"R",0
442213, 1,"R",81,"A",,"A",,"R",81,"A",,"A",,"A",,"A",,"A",
442213, 2,"R",81,"A",,"A",,"R",81,"A",,"A",,"A",,"A",,"A",
442240, 1,"R",364,"A",,"A",,"R",364,"A",,"A",,"A",,"A",,"A",
442240, 2,"R",364,"A",,"A",,"R",364,"A",,"A",,"A",,"A",,"A",
442295, 1,"R",250,"Z",0,"R",25,"R",225,"A",,"A",,"A",,"A",,"A",
442295,12,"R",250,"Z",0,"R",25,"R",225,"A",,"A",,"A",,"A",,"A",
442329, 1,"R",894,"A",,"A",,"R",894,"A",,"A",,"A",,"A",,"A",
442329, 2,"R",894,"A",,"A",,"R",894,"A",,"A",,"A",,"A",,"A",
442356, 1,"R",1800,"R",567,"R",464,"R",769,"R",552,"R",15,"R",0,"R",0,"R",0
442356, 2,"R",1693,"R",460,"R",464,"R",769,"R",447,"R",13,"Z",0,"Z",0,"R",0
442356, 3,"R",1588,"R",439,"R",443,"R",706,"R",426,"R",13,"Z",0,"Z",0,"R",0
442356,11,"R",105,"R",21,"R",21,"R",63,"R",21,"R",0,"Z",0,"Z",0,"R",0
442356,12,"R",107,"R",107,"Z",0,"R",0,"R",105,"R",2,"R",0,"R",0,"R",0
442383, 1,"R",108,"R",0,"R",19,"R",89,"A",,"A",,"A",,"A",,"A",
442383, 2,"R",108,"R",0,"R",19,"R",89,"A",,"A",,"A",,"A",,"A",
442383, 3,"R",108,"R",0,"R",19,"R",89,"A",,"A",,"A",,"A",,"A",
442392, 1,"R",168,"Z",0,"R",168,"R",0,"A",,"A",,"A",,"A",,"A",
442392,12,"R",168,"Z",0,"R",168,"R",0,"A",,"A",,"A",,"A",,"A",
442426, 1,"R",467,"R",77,"R",390,"R",0,"R",53,"R",24,"Z",0,"Z",0,"R",0
442426, 2,"R",467,"R",77,"R",390,"R",0,"R",53,"R",24,"Z",0,"Z",0,"R",0
442426, 3,"R",467,"R",77,"R",390,"R",0,"R",53,"R",24,"Z",0,"Z",0,"R",0
442435, 1,"R",30,"R",0,"R",15,"R",15,"A",,"A",,"A",,"A",,"A",
442435, 2,"R",30,"R",0,"R",15,"R",15,"A",,"A",,"A",,"A",,"A",
442435, 3,"R",30,"R",0,"R",15,"R",15,"A",,"A",,"A",,"A",,"A",
442523, 1,"R",81,"A",,"A",,"R",81,"A",,"A",,"A",,"A",,"A",
442523, 2,"R",81,"A",,"A",,"R",81,"A",,"A",,"A",,"A",,"A",
442523, 3,"R",78,"A",,"A",,"R",78,"A",,"A",,"A",,"A",,"A",
442523,11,"R",3,"A",,"A",,"R",3,"A",,"A",,"A",,"A",,"A",
442569, 1,"R",8059,"R",8059,"A",,"A",,"R",175,"R",7814,"R",0,"R",4,"R",66
442569, 2,"R",6707,"R",6707,"A",,"A",,"R",130,"R",6527,"R",0,"R",1,"R",49
442569, 3,"R",6627,"R",6627,"A",,"A",,"R",126,"R",6454,"R",0,"R",1,"R",46
442569,11,"R",80,"R",80,"A",,"A",,"R",4,"R",73,"R",0,"R",0,"R",3
442569,12,"R",1352,"R",1352,"A",,"A",,"R",45,"R",1287,"R",0,"R",3,"R",17
442602, 1,"R",351,"R",0,"R",50,"R",301,"A",,"A",,"A",,"A",,"A",
442602, 2,"R",351,"R",0,"R",50,"R",301,"A",,"A",,"A",,"A",,"A",
442602, 3,"R",351,"R",0,"R",50,"R",301,"A",,"A",,"A",,"A",,"A",
442611, 1,"R",1121,"A",,"A",,"R",1121,"A",,"A",,"A",,"A",,"A",
442611, 2,"R",1121,"A",,"A",,"R",1121,"A",,"A",,"A",,"A",,"A",
442639, 1,"R",224,"A",,"A",,"R",224,"A",,"A",,"A",,"A",,"A",
442639, 2,"R",43,"A",,"A",,"R",43,"A",,"A",,"A",,"A",,"A",
442639, 3,"R",43,"A",,"A",,"R",43,"A",,"A",,"A",,"A",,"A",
442639,12,"R",181,"A",,"A",,"R",181,"A",,"A",,"A",,"A",,"A",
442657, 1,"R",133,"A",,"A",,"R",133,"A",,"A",,"A",,"A",,"A",
442657, 2,"R",133,"A",,"A",,"R",133,"A",,"A",,"A",,"A",,"A",
442718, 1,"R",254,"R",137,"R",78,"R",39,"R",29,"R",108,"Z",0,"Z",0,"R",0
442718, 2,"R",254,"R",137,"R",78,"R",39,"R",29,"R",108,"Z",0,"Z",0,"R",0
442718, 3,"R",254,"R",137,"R",78,"R",39,"R",29,"R",108,"Z",0,"Z",0,"R",0
442781, 1,"R",462,"R",15,"R",14,"R",433,"R",12,"R",3,"R",0,"R",0,"R",0
442781, 2,"R",462,"R",15,"R",14,"R",433,"R",12,"R",3,"R",0,"R",0,"R",0
442781, 3,"R",310,"R",4,"R",12,"R",294,"R",4,"R",0,"R",0,"R",0,"R",0
442781,11,"R",152,"R",11,"R",2,"R",139,"R",8,"R",3,"R",0,"R",0,"R",0
442806, 1,"R",2005,"A",,"A",,"R",2005,"A",,"A",,"A",,"A",,"A",
442806,12,"R",2005,"A",,"A",,"R",2005,"A",,"A",,"A",,"A",,"A",
442815, 1,"R",89,"A",,"A",,"R",89,"A",,"A",,"A",,"A",,"A",
442815, 2,"R",89,"A",,"A",,"R",89,"A",,"A",,"A",,"A",,"A",
442842, 1,"R",186,"R",0,"R",65,"R",121,"A",,"A",,"A",,"A",,"A",
442842, 2,"R",48,"R",0,"R",43,"R",5,"A",,"A",,"A",,"A",,"A",
442842, 3,"R",44,"R",0,"R",39,"R",5,"A",,"A",,"A",,"A",,"A",
442842,11,"R",4,"R",0,"R",4,"R",0,"A",,"A",,"A",,"A",,"A",
442842,12,"R",138,"R",0,"R",22,"R",116,"A",,"A",,"A",,"A",,"A",
442879, 1,"R",903,"R",336,"R",0,"R",567,"R",94,"R",240,"R",0,"R",2,"R",0
442879, 2,"R",903,"R",336,"R",0,"R",567,"R",94,"R",240,"R",0,"R",2,"R",0
442879, 3,"R",903,"R",336,"R",0,"R",567,"R",94,"R",240,"R",0,"R",2,"R",0
442888, 1,"R",158,"A",,"A",,"R",158,"A",,"A",,"A",,"A",,"A",
442888, 2,"R",158,"A",,"A",,"R",158,"A",,"A",,"A",,"A",,"A",
442888, 3,"R",158,"A",,"A",,"R",158,"A",,"A",,"A",,"A",,"A",
442897, 1,"R",48,"R",42,"R",2,"R",4,"R",23,"R",19,"R",0,"R",0,"R",0
442897, 2,"R",38,"R",36,"R",2,"R",0,"R",19,"R",17,"R",0,"R",0,"R",0
442897, 3,"R",38,"R",36,"R",2,"R",0,"R",19,"R",17,"R",0,"R",0,"R",0
442897,12,"R",10,"R",6,"R",0,"R",4,"R",4,"R",2,"R",0,"R",0,"R",0
442930, 1,"R",894,"R",56,"R",32,"R",806,"R",51,"R",3,"R",0,"R",0,"R",2
442930, 2,"R",847,"R",41,"R",16,"R",790,"R",38,"R",1,"R",0,"R",0,"R",2
442930, 3,"R",847,"R",41,"R",16,"R",790,"R",38,"R",1,"R",0,"R",0,"R",2
442930,12,"R",47,"R",15,"R",16,"R",16,"R",13,"R",2,"R",0,"R",0,"R",0
442949, 1,"R",31,"A",,"A",,"R",31,"A",,"A",,"A",,"A",,"A",
442949, 2,"R",31,"A",,"A",,"R",31,"A",,"A",,"A",,"A",,"A",
442949, 3,"R",31,"A",,"A",,"R",31,"A",,"A",,"A",,"A",,"A",
442967, 1,"R",71,"R",0,"R",0,"R",71,"A",,"A",,"A",,"A",,"A",
442967, 2,"R",71,"R",0,"R",0,"R",71,"A",,"A",,"A",,"A",,"A",
442967, 3,"R",71,"R",0,"R",0,"R",71,"A",,"A",,"A",,"A",,"A",
442976, 1,"R",125,"A",,"A",,"R",125,"A",,"A",,"A",,"A",,"A",
442976, 2,"R",125,"A",,"A",,"R",125,"A",,"A",,"A",,"A",,"A",
442985, 1,"R",26,"A",,"A",,"R",26,"A",,"A",,"A",,"A",,"A",
442985, 2,"R",26,"A",,"A",,"R",26,"A",,"A",,"A",,"A",,"A",
443021, 1,"R",134,"A",,"A",,"R",134,"A",,"A",,"A",,"A",,"A",
443021, 2,"R",134,"A",,"A",,"R",134,"A",,"A",,"A",,"A",,"A",
443030, 1,"R",67,"A",,"A",,"R",67,"A",,"A",,"A",,"A",,"A",
443030,12,"R",67,"A",,"A",,"R",67,"A",,"A",,"A",,"A",,"A",
443049, 1,"R",196,"R",24,"R",59,"R",113,"R",0,"R",0,"R",0,"R",0,"R",24
443049, 2,"R",55,"R",12,"R",41,"R",2,"R",0,"R",0,"R",0,"R",0,"R",12
443049, 3,"R",55,"R",12,"R",41,"R",2,"R",0,"R",0,"R",0,"R",0,"R",12
443049,12,"R",141,"R",12,"R",18,"R",111,"R",0,"R",0,"R",0,"R",0,"R",12
443058, 1,"R",102,"R",96,"Z",0,"R",6,"R",5,"R",82,"Z",0,"R",9,"R",0
443058, 2,"R",20,"R",14,"Z",0,"R",6,"R",3,"R",11,"Z",0,"Z",0,"R",0
443058, 3,"R",20,"R",14,"Z",0,"R",6,"R",3,"R",11,"Z",0,"Z",0,"R",0
443058,12,"R",82,"R",82,"Z",0,"R",0,"R",2,"R",71,"Z",0,"R",9,"R",0
443076, 1,"R",143,"R",3,"Z",0,"R",140,"Z",0,"R",3,"Z",0,"Z",0,"R",0
443076,12,"R",143,"R",3,"Z",0,"R",140,"Z",0,"R",3,"Z",0,"Z",0,"R",0
443100, 1,"R",107,"A",,"A",,"R",107,"A",,"A",,"A",,"A",,"A",
443100, 2,"R",107,"A",,"A",,"R",107,"A",,"A",,"A",,"A",,"A",
443128, 1,"R",558,"Z",0,"R",267,"R",291,"A",,"A",,"A",,"A",,"A",
443128,12,"R",558,"Z",0,"R",267,"R",291,"A",,"A",,"A",,"A",,"A",
443137, 1,"R",324,"A",,"A",,"R",324,"A",,"A",,"A",,"A",,"A",
443137, 2,"R",324,"A",,"A",,"R",324,"A",,"A",,"A",,"A",,"A",
443146, 1,"R",116,"A",,"A",,"R",116,"A",,"A",,"A",,"A",,"A",
443146, 2,"R",116,"A",,"A",,"R",116,"A",,"A",,"A",,"A",,"A",
443173, 1,"R",21,"A",,"A",,"R",21,"A",,"A",,"A",,"A",,"A",
443173, 2,"R",21,"A",,"A",,"R",21,"A",,"A",,"A",,"A",,"A",
443207, 1,"R",178,"A",,"A",,"R",178,"A",,"A",,"A",,"A",,"A",
443207, 2,"R",178,"A",,"A",,"R",178,"A",,"A",,"A",,"A",,"A",
443216, 1,"R",227,"A",,"A",,"R",227,"A",,"A",,"A",,"A",,"A",
443216, 2,"R",227,"A",,"A",,"R",227,"A",,"A",,"A",,"A",,"A",
443225, 1,"R",142,"A",,"A",,"R",142,"A",,"A",,"A",,"A",,"A",
443225, 2,"R",142,"A",,"A",,"R",142,"A",,"A",,"A",,"A",,"A",
443234, 1,"R",156,"A",,"A",,"R",156,"A",,"A",,"A",,"A",,"A",
443234, 2,"R",156,"A",,"A",,"R",156,"A",,"A",,"A",,"A",,"A",
443252, 1,"R",1424,"A",,"A",,"R",1424,"A",,"A",,"A",,"A",,"A",
443252, 2,"R",1424,"A",,"A",,"R",1424,"A",,"A",,"A",,"A",,"A",
443261, 1,"R",133,"A",,"A",,"R",133,"A",,"A",,"A",,"A",,"A",
443261, 2,"R",133,"A",,"A",,"R",133,"A",,"A",,"A",,"A",,"A",
443261, 3,"R",133,"A",,"A",,"R",133,"A",,"A",,"A",,"A",,"A",
443289, 1,"R",199,"A",,"A",,"R",199,"A",,"A",,"A",,"A",,"A",
443289, 2,"R",199,"A",,"A",,"R",199,"A",,"A",,"A",,"A",,"A",
443298, 1,"R",100,"A",,"A",,"R",100,"A",,"A",,"A",,"A",,"A",
443298, 2,"R",100,"A",,"A",,"R",100,"A",,"A",,"A",,"A",,"A",
443322, 1,"R",249,"A",,"A",,"R",249,"A",,"A",,"A",,"A",,"A",
443322, 2,"R",249,"A",,"A",,"R",249,"A",,"A",,"A",,"A",,"A",
443331, 1,"R",1991,"Z",0,"R",819,"R",1172,"A",,"A",,"A",,"A",,"A",
443331, 2,"R",1991,"Z",0,"R",819,"R",1172,"A",,"A",,"A",,"A",,"A",
443331, 3,"R",1991,"Z",0,"R",819,"R",1172,"A",,"A",,"A",,"A",,"A",
443340, 1,"R",47,"R",1,"R",1,"R",45,"R",0,"Z",0,"Z",0,"R",1,"R",0
443340, 2,"R",31,"R",1,"R",1,"R",29,"R",0,"Z",0,"Z",0,"R",1,"R",0
443340, 3,"R",31,"R",1,"R",1,"R",29,"R",0,"Z",0,"Z",0,"R",1,"R",0
443340,12,"R",16,"A",,"A",,"R",16,"A",,"A",,"A",,"A",,"A",
443377, 1,"R",78,"A",,"A",,"R",78,"A",,"A",,"A",,"A",,"A",
443377, 2,"R",78,"A",,"A",,"R",78,"A",,"A",,"A",,"A",,"A",
443377, 3,"R",78,"A",,"A",,"R",78,"A",,"A",,"A",,"A",,"A",
443410, 1,"R",970,"A",,"A",,"R",970,"A",,"A",,"A",,"A",,"A",
443410, 2,"R",874,"A",,"A",,"R",874,"A",,"A",,"A",,"A",,"A",
443410, 3,"R",873,"A",,"A",,"R",873,"A",,"A",,"A",,"A",,"A",
443410,11,"R",1,"A",,"A",,"R",1,"A",,"A",,"A",,"A",,"A",
443410,12,"R",96,"A",,"A",,"R",96,"A",,"A",,"A",,"A",,"A",
443483, 1,"R",95,"A",,"A",,"R",95,"A",,"A",,"A",,"A",,"A",
443483, 2,"R",95,"A",,"A",,"R",95,"A",,"A",,"A",,"A",,"A",
443492, 1,"R",1828,"R",55,"R",598,"R",1175,"R",53,"R",2,"R",0,"R",0,"R",0
443492, 2,"R",1828,"R",55,"R",598,"R",1175,"R",53,"R",2,"R",0,"R",0,"R",0
443492, 3,"R",1248,"R",49,"R",597,"R",602,"R",47,"R",2,"R",0,"R",0,"R",0
443492,11,"R",580,"R",6,"R",1,"R",573,"R",6,"R",0,"R",0,"R",0,"R",0
443562, 1,"R",533,"A",,"A",,"R",533,"A",,"A",,"A",,"A",,"A",
443562, 2,"R",416,"A",,"A",,"R",416,"A",,"A",,"A",,"A",,"A",
443562, 3,"R",416,"A",,"A",,"R",416,"A",,"A",,"A",,"A",,"A",
443562,12,"R",117,"A",,"A",,"R",117,"A",,"A",,"A",,"A",,"A",
443571, 1,"R",184,"A",,"A",,"R",184,"A",,"A",,"A",,"A",,"A",
443571, 2,"R",184,"A",,"A",,"R",184,"A",,"A",,"A",,"A",,"A",
443571, 3,"R",184,"A",,"A",,"R",184,"A",,"A",,"A",,"A",,"A",
443599, 1,"R",729,"R",729,"A",,"A",,"R",37,"R",671,"R",7,"R",9,"R",5
443599, 2,"R",474,"R",474,"A",,"A",,"R",25,"R",434,"R",6,"R",4,"R",5
443599, 3,"R",464,"R",464,"A",,"A",,"R",24,"R",426,"R",6,"R",4,"R",4
443599,11,"R",10,"R",10,"A",,"A",,"R",1,"R",8,"R",0,"R",0,"R",1
443599,12,"R",255,"R",255,"A",,"A",,"R",12,"R",237,"R",1,"R",5,"R",0
443632, 1,"R",126,"R",0,"R",126,"R",0,"A",,"A",,"A",,"A",,"A",
443632, 2,"R",126,"R",0,"R",126,"R",0,"A",,"A",,"A",,"A",,"A",
443641, 1,"R",154,"A",,"A",,"R",154,"A",,"A",,"A",,"A",,"A",
443641, 2,"R",154,"A",,"A",,"R",154,"A",,"A",,"A",,"A",,"A",
443650, 1,"R",470,"Z",0,"R",248,"R",222,"A",,"A",,"A",,"A",,"A",
443650, 2,"R",470,"Z",0,"R",248,"R",222,"A",,"A",,"A",,"A",,"A",
443650, 3,"R",470,"Z",0,"R",248,"R",222,"A",,"A",,"A",,"A",,"A",
443669, 1,"R",165,"A",,"A",,"R",165,"A",,"A",,"A",,"A",,"A",
443669, 2,"R",165,"A",,"A",,"R",165,"A",,"A",,"A",,"A",,"A",
443678, 1,"R",46,"A",,"A",,"R",46,"A",,"A",,"A",,"A",,"A",
443678, 2,"R",46,"A",,"A",,"R",46,"A",,"A",,"A",,"A",,"A",
443696, 1,"R",16,"R",0,"R",12,"R",4,"A",,"A",,"A",,"A",,"A",
443696, 2,"R",16,"R",0,"R",12,"R",4,"A",,"A",,"A",,"A",,"A",
443696, 3,"R",16,"R",0,"R",12,"R",4,"A",,"A",,"A",,"A",,"A",
443702, 1,"R",76,"A",,"A",,"R",76,"A",,"A",,"A",,"A",,"A",
443702,12,"R",76,"A",,"A",,"R",76,"A",,"A",,"A",,"A",,"A",
443748, 1,"R",434,"R",0,"R",0,"R",434,"A",,"A",,"A",,"A",,"A",
443748, 2,"R",434,"R",0,"R",0,"R",434,"A",,"A",,"A",,"A",,"A",
443748, 3,"R",434,"R",0,"R",0,"R",434,"A",,"A",,"A",,"A",,"A",
443766, 1,"R",3081,"R",2741,"R",167,"R",173,"R",2139,"R",602,"Z",0,"Z",0,"R",0
443766, 2,"R",2584,"R",2259,"R",165,"R",160,"R",1755,"R",504,"Z",0,"Z",0,"R",0
443766, 3,"R",2584,"R",2259,"R",165,"R",160,"R",1755,"R",504,"Z",0,"Z",0,"R",0
443766,12,"R",497,"R",482,"R",2,"R",13,"R",384,"R",98,"Z",0,"Z",0,"R",0
443784, 1,"R",2261,"R",1971,"R",253,"R",37,"R",1781,"R",190,"Z",0,"Z",0,"R",0
443784, 2,"R",1928,"R",1649,"R",248,"R",31,"R",1502,"R",147,"Z",0,"Z",0,"R",0
443784, 3,"R",1927,"R",1648,"R",248,"R",31,"R",1501,"R",147,"Z",0,"Z",0,"R",0
443784,11,"R",1,"R",1,"R",0,"R",0,"R",1,"R",0,"Z",0,"Z",0,"R",0
443784,12,"R",333,"R",322,"R",5,"R",6,"R",279,"R",43,"Z",0,"Z",0,"R",0
443951, 1,"R",68,"A",,"A",,"R",68,"A",,"A",,"A",,"A",,"A",
443951, 2,"R",68,"A",,"A",,"R",68,"A",,"A",,"A",,"A",,"A",
443979, 1,"R",122,"A",,"A",,"R",122,"A",,"A",,"A",,"A",,"A",
443979, 2,"R",122,"A",,"A",,"R",122,"A",,"A",,"A",,"A",,"A",
444051, 1,"R",99,"A",,"A",,"R",99,"A",,"A",,"A",,"A",,"A",
444051, 2,"R",99,"A",,"A",,"R",99,"A",,"A",,"A",,"A",,"A",
444088, 1,"R",312,"A",,"A",,"R",312,"A",,"A",,"A",,"A",,"A",
444088, 2,"R",312,"A",,"A",,"R",312,"A",,"A",,"A",,"A",,"A",
444088, 3,"R",312,"A",,"A",,"R",312,"A",,"A",,"A",,"A",,"A",
444103, 1,"R",26,"R",11,"R",2,"R",13,"R",2,"R",8,"Z",0,"R",1,"R",0
444103,12,"R",26,"R",11,"R",2,"R",13,"R",2,"R",8,"Z",0,"R",1,"R",0
444130, 1,"R",10535,"R",10535,"A",,"A",,"R",851,"R",9384,"R",38,"R",262,"R",0
444130, 2,"R",70,"R",70,"A",,"A",,"R",9,"R",61,"Z",0,"Z",0,"R",0
444130, 3,"R",70,"R",70,"A",,"A",,"R",9,"R",61,"Z",0,"Z",0,"R",0
444130,12,"R",10465,"R",10465,"A",,"A",,"R",842,"R",9323,"R",38,"R",262,"R",0
444194, 1,"R",128,"A",,"A",,"R",128,"A",,"A",,"A",,"A",,"A",
444194, 2,"R",128,"A",,"A",,"R",128,"A",,"A",,"A",,"A",,"A",
444200, 1,"R",204,"A",,"A",,"R",204,"A",,"A",,"A",,"A",,"A",
444200, 2,"R",204,"A",,"A",,"R",204,"A",,"A",,"A",,"A",,"A",
444219, 1,"R",8575,"R",1023,"R",1824,"R",5728,"R",1015,"R",0,"R",5,"R",3,"R",0
444219, 2,"R",8575,"R",1023,"R",1824,"R",5728,"R",1015,"R",0,"R",5,"R",3,"R",0
444219, 3,"R",7811,"R",907,"R",1787,"R",5117,"R",899,"R",0,"R",5,"R",3,"R",0
444219,11,"R",764,"R",116,"R",37,"R",611,"R",116,"R",0,"R",0,"R",0,"R",0
444228, 1,"R",29,"A",,"A",,"R",29,"A",,"A",,"A",,"A",,"A",
444228, 2,"R",29,"A",,"A",,"R",29,"A",,"A",,"A",,"A",,"A",
444255, 1,"R",142,"R",0,"R",57,"R",85,"A",,"A",,"A",,"A",,"A",
444255, 2,"R",142,"R",0,"R",57,"R",85,"A",,"A",,"A",,"A",,"A",
444255, 3,"R",142,"R",0,"R",57,"R",85,"A",,"A",,"A",,"A",,"A",
444264, 1,"R",203,"A",,"A",,"R",203,"A",,"A",,"A",,"A",,"A",
444264, 2,"R",203,"A",,"A",,"R",203,"A",,"A",,"A",,"A",,"A",
444282, 1,"R",50,"A",,"A",,"R",50,"A",,"A",,"A",,"A",,"A",
444282, 2,"R",50,"A",,"A",,"R",50,"A",,"A",,"A",,"A",,"A",
444291, 1,"R",71,"A",,"A",,"R",71,"A",,"A",,"A",,"A",,"A",
444291, 2,"R",71,"A",,"A",,"R",71,"A",,"A",,"A",,"A",,"A",
444307, 1,"R",55,"A",,"A",,"R",55,"A",,"A",,"A",,"A",,"A",
444307, 2,"R",55,"A",,"A",,"R",55,"A",,"A",,"A",,"A",,"A",
444316, 1,"R",85,"A",,"A",,"R",85,"A",,"A",,"A",,"A",,"A",
444316, 2,"R",85,"A",,"A",,"R",85,"A",,"A",,"A",,"A",,"A",
444325, 1,"R",29,"A",,"A",,"R",29,"A",,"A",,"A",,"A",,"A",
444325, 2,"R",29,"A",,"A",,"R",29,"A",,"A",,"A",,"A",,"A",
444334, 1,"R",9,"A",,"A",,"R",9,"A",,"A",,"A",,"A",,"A",
444334, 2,"R",9,"A",,"A",,"R",9,"A",,"A",,"A",,"A",,"A",
444334, 3,"R",9,"A",,"A",,"R",9,"A",,"A",,"A",,"A",,"A",
444343, 1,"R",9,"R",0,"R",8,"R",1,"A",,"A",,"A",,"A",,"A",
444343, 2,"R",9,"R",0,"R",8,"R",1,"A",,"A",,"A",,"A",,"A",
444343, 3,"R",9,"R",0,"R",8,"R",1,"A",,"A",,"A",,"A",,"A",
444361, 1,"R",96,"A",,"A",,"R",96,"A",,"A",,"A",,"A",,"A",
444361, 2,"R",96,"A",,"A",,"R",96,"A",,"A",,"A",,"A",,"A",
444361, 3,"R",96,"A",,"A",,"R",96,"A",,"A",,"A",,"A",,"A",
444370, 1,"R",66,"A",,"A",,"R",66,"A",,"A",,"A",,"A",,"A",
444370, 2,"R",66,"A",,"A",,"R",66,"A",,"A",,"A",,"A",,"A",
444398, 1,"R",154,"R",6,"R",38,"R",110,"R",6,"R",0,"R",0,"R",0,"R",0
444398, 2,"R",154,"R",6,"R",38,"R",110,"R",6,"R",0,"R",0,"R",0,"R",0
444398, 3,"R",154,"R",6,"R",38,"R",110,"R",6,"R",0,"R",0,"R",0,"R",0
444404, 1,"R",25,"A",,"A",,"R",25,"A",,"A",,"A",,"A",,"A",
444404, 2,"R",25,"A",,"A",,"R",25,"A",,"A",,"A",,"A",,"A",
444413, 1,"R",125,"A",,"A",,"R",125,"A",,"A",,"A",,"A",,"A",
444413, 2,"R",108,"A",,"A",,"R",108,"A",,"A",,"A",,"A",,"A",
444413, 3,"R",108,"A",,"A",,"R",108,"A",,"A",,"A",,"A",,"A",
444413,12,"R",17,"A",,"A",,"R",17,"A",,"A",,"A",,"A",,"A",
444440, 1,"R",87,"A",,"A",,"R",87,"A",,"A",,"A",,"A",,"A",
444440, 2,"R",87,"A",,"A",,"R",87,"A",,"A",,"A",,"A",,"A",
444468, 1,"R",12,"A",,"A",,"R",12,"A",,"A",,"A",,"A",,"A",
444468, 2,"R",12,"A",,"A",,"R",12,"A",,"A",,"A",,"A",,"A",
444486, 1,"R",494,"A",,"A",,"R",494,"A",,"A",,"A",,"A",,"A",
444486, 2,"R",494,"A",,"A",,"R",494,"A",,"A",,"A",,"A",,"A",
444510, 1,"R",119,"A",,"A",,"R",119,"A",,"A",,"A",,"A",,"A",
444510, 2,"R",119,"A",,"A",,"R",119,"A",,"A",,"A",,"A",,"A",
444529, 1,"R",33,"A",,"A",,"R",33,"A",,"A",,"A",,"A",,"A",
444529, 2,"R",33,"A",,"A",,"R",33,"A",,"A",,"A",,"A",,"A",
444556, 1,"R",506,"A",,"A",,"R",506,"A",,"A",,"A",,"A",,"A",
444556, 2,"R",506,"A",,"A",,"R",506,"A",,"A",,"A",,"A",,"A",
444556, 3,"R",506,"A",,"A",,"R",506,"A",,"A",,"A",,"A",,"A",
444565, 1,"R",339,"A",,"A",,"R",339,"A",,"A",,"A",,"A",,"A",
444565, 2,"R",339,"A",,"A",,"R",339,"A",,"A",,"A",,"A",,"A",
444565, 3,"R",333,"A",,"A",,"R",333,"A",,"A",,"A",,"A",,"A",
444565,11,"R",6,"A",,"A",,"R",6,"A",,"A",,"A",,"A",,"A",
444583, 1,"R",828,"A",,"A",,"R",828,"A",,"A",,"A",,"A",,"A",
444583, 2,"R",828,"A",,"A",,"R",828,"A",,"A",,"A",,"A",,"A",
444592, 1,"R",157,"A",,"A",,"R",157,"A",,"A",,"A",,"A",,"A",
444592, 2,"R",157,"A",,"A",,"R",157,"A",,"A",,"A",,"A",,"A",
444635, 1,"R",85,"A",,"A",,"R",85,"A",,"A",,"A",,"A",,"A",
444635, 2,"R",85,"A",,"A",,"R",85,"A",,"A",,"A",,"A",,"A",
444644, 1,"R",15,"A",,"A",,"R",15,"A",,"A",,"A",,"A",,"A",
444644, 2,"R",15,"A",,"A",,"R",15,"A",,"A",,"A",,"A",,"A",
444662, 1,"R",108,"A",,"A",,"R",108,"A",,"A",,"A",,"A",,"A",
444662, 2,"R",108,"A",,"A",,"R",108,"A",,"A",,"A",,"A",,"A",
444671, 1,"R",184,"A",,"A",,"R",184,"A",,"A",,"A",,"A",,"A",
444671, 2,"R",184,"A",,"A",,"R",184,"A",,"A",,"A",,"A",,"A",
444680, 1,"R",26,"A",,"A",,"R",26,"A",,"A",,"A",,"A",,"A",
444680, 2,"R",26,"A",,"A",,"R",26,"A",,"A",,"A",,"A",,"A",
444699, 1,"R",55,"A",,"A",,"R",55,"A",,"A",,"A",,"A",,"A",
444699,12,"R",55,"A",,"A",,"R",55,"A",,"A",,"A",,"A",,"A",
444714, 1,"R",143,"A",,"A",,"R",143,"A",,"A",,"A",,"A",,"A",
444714, 2,"R",143,"A",,"A",,"R",143,"A",,"A",,"A",,"A",,"A",
444714, 3,"R",143,"A",,"A",,"R",143,"A",,"A",,"A",,"A",,"A",
444732, 1,"R",24,"A",,"A",,"R",24,"A",,"A",,"A",,"A",,"A",
444732, 2,"R",24,"A",,"A",,"R",24,"A",,"A",,"A",,"A",,"A",
444778, 1,"R",80,"R",37,"R",31,"R",12,"R",28,"R",9,"R",0,"R",0,"R",0
444778, 2,"R",52,"R",27,"R",20,"R",5,"R",21,"R",6,"R",0,"R",0,"R",0
444778, 3,"R",52,"R",27,"R",20,"R",5,"R",21,"R",6,"R",0,"R",0,"R",0
444778,12,"R",28,"R",10,"R",11,"R",7,"R",7,"R",3,"R",0,"R",0,"R",0
444787, 1,"R",527,"R",19,"R",508,"R",0,"R",11,"R",8,"R",0,"R",0,"R",0
444787, 2,"R",527,"R",19,"R",508,"R",0,"R",11,"R",8,"R",0,"R",0,"R",0
444787, 3,"R",527,"R",19,"R",508,"R",0,"R",11,"R",8,"R",0,"R",0,"R",0
444796, 1,"R",118,"A",,"A",,"R",118,"A",,"A",,"A",,"A",,"A",
444796, 2,"R",118,"A",,"A",,"R",118,"A",,"A",,"A",,"A",,"A",
444811, 1,"R",206,"A",,"A",,"R",206,"A",,"A",,"A",,"A",,"A",
444811, 2,"R",206,"A",,"A",,"R",206,"A",,"A",,"A",,"A",,"A",
444857, 1,"R",68,"A",,"A",,"R",68,"A",,"A",,"A",,"A",,"A",
444857, 2,"R",68,"A",,"A",,"R",68,"A",,"A",,"A",,"A",,"A",
444866, 1,"R",95,"A",,"A",,"R",95,"A",,"A",,"A",,"A",,"A",
444866, 2,"R",95,"A",,"A",,"R",95,"A",,"A",,"A",,"A",,"A",
444866, 3,"R",95,"A",,"A",,"R",95,"A",,"A",,"A",,"A",,"A",
444893, 1,"R",219,"A",,"A",,"R",219,"A",,"A",,"A",,"A",,"A",
444893, 2,"R",219,"A",,"A",,"R",219,"A",,"A",,"A",,"A",,"A",
444936, 1,"R",246,"A",,"A",,"R",246,"A",,"A",,"A",,"A",,"A",
444936, 2,"R",246,"A",,"A",,"R",246,"A",,"A",,"A",,"A",,"A",
444945, 1,"R",160,"A",,"A",,"R",160,"A",,"A",,"A",,"A",,"A",
444945, 2,"R",160,"A",,"A",,"R",160,"A",,"A",,"A",,"A",,"A",
444954, 1,"R",1873,"R",295,"R",433,"R",1145,"R",212,"R",83,"Z",0,"Z",0,"R",0
444954, 2,"R",1873,"R",295,"R",433,"R",1145,"R",212,"R",83,"Z",0,"Z",0,"R",0
444954, 3,"R",1399,"R",280,"R",427,"R",692,"R",198,"R",82,"Z",0,"Z",0,"R",0
444954,11,"R",474,"R",15,"R",6,"R",453,"R",14,"R",1,"Z",0,"Z",0,"R",0
444972, 1,"R",60,"A",,"A",,"R",60,"A",,"A",,"A",,"A",,"A",
444972, 2,"R",60,"A",,"A",,"R",60,"A",,"A",,"A",,"A",,"A",
444972, 3,"R",60,"A",,"A",,"R",60,"A",,"A",,"A",,"A",,"A",
444990, 1,"R",396,"A",,"A",,"R",396,"A",,"A",,"A",,"A",,"A",
444990, 2,"R",396,"A",,"A",,"R",396,"A",,"A",,"A",,"A",,"A",
444990, 3,"R",395,"A",,"A",,"R",395,"A",,"A",,"A",,"A",,"A",
444990,11,"R",1,"A",,"A",,"R",1,"A",,"A",,"A",,"A",,"A",
445027, 1,"R",8777,"R",8777,"A",,"A",,"R",500,"R",8240,"R",0,"R",37,"R",0
445027, 2,"R",7940,"R",7940,"A",,"A",,"R",431,"R",7481,"R",0,"R",28,"R",0
445027, 3,"R",7932,"R",7932,"A",,"A",,"R",431,"R",7473,"R",0,"R",28,"R",0
445027,11,"R",8,"R",8,"A",,"A",,"R",0,"R",8,"R",0,"R",0,"R",0
445027,12,"R",837,"R",837,"A",,"A",,"R",69,"R",759,"R",0,"R",9,"R",0
445054, 1,"R",35,"A",,"A",,"R",35,"A",,"A",,"A",,"A",,"A",
445054,12,"R",35,"A",,"A",,"R",35,"A",,"A",,"A",,"A",,"A",
445133, 1,"R",349,"R",53,"R",122,"R",174,"R",53,"R",0,"R",0,"R",0,"R",0
445133, 2,"R",257,"R",39,"R",100,"R",118,"R",39,"R",0,"R",0,"R",0,"R",0
445133, 3,"R",257,"R",39,"R",100,"R",118,"R",39,"R",0,"R",0,"R",0,"R",0
445133,12,"R",92,"R",14,"R",22,"R",56,"R",14,"R",0,"R",0,"R",0,"R",0
445188, 1,"R",8544,"R",0,"R",178,"R",8366,"A",,"A",,"A",,"A",,"A",
445188, 2,"R",7881,"R",0,"R",178,"R",7703,"A",,"A",,"A",,"A",,"A",
445188, 3,"R",7881,"R",0,"R",178,"R",7703,"A",,"A",,"A",,"A",,"A",
445188,12,"R",663,"A",,"A",,"R",663,"A",,"A",,"A",,"A",,"A",
445203, 1,"R",448,"Z",0,"R",448,"R",0,"A",,"A",,"A",,"A",,"A",
445203, 2,"R",448,"Z",0,"R",448,"R",0,"A",,"A",,"A",,"A",,"A",
445203, 3,"R",448,"Z",0,"R",448,"R",0,"A",,"A",,"A",,"A",,"A",
445212, 1,"R",250,"A",,"A",,"R",250,"A",,"A",,"A",,"A",,"A",
445212, 2,"R",250,"A",,"A",,"R",250,"A",,"A",,"A",,"A",,"A",
445230, 1,"R",707,"R",0,"R",18,"R",689,"A",,"A",,"A",,"A",,"A",
445230, 2,"R",707,"R",0,"R",18,"R",689,"A",,"A",,"A",,"A",,"A",
445230, 3,"R",707,"R",0,"R",18,"R",689,"A",,"A",,"A",,"A",,"A",
445249, 1,"R",265,"Z",0,"R",262,"R",3,"A",,"A",,"A",,"A",,"A",
445249, 2,"R",265,"Z",0,"R",262,"R",3,"A",,"A",,"A",,"A",,"A",
445249, 3,"R",265,"Z",0,"R",262,"R",3,"A",,"A",,"A",,"A",,"A",
445258, 1,"R",314,"A",,"A",,"R",314,"A",,"A",,"A",,"A",,"A",
445258, 2,"R",314,"A",,"A",,"R",314,"A",,"A",,"A",,"A",,"A",
445267, 1,"R",3863,"R",1720,"R",380,"R",1763,"R",1527,"R",185,"R",0,"R",8,"R",0
445267, 2,"R",3558,"R",1590,"R",289,"R",1679,"R",1416,"R",166,"R",0,"R",8,"R",0
445267, 3,"R",1773,"R",1355,"R",275,"R",143,"R",1211,"R",138,"R",0,"R",6,"R",0
445267,11,"R",1785,"R",235,"R",14,"R",1536,"R",205,"R",28,"R",0,"R",2,"R",0
445267,12,"R",305,"R",130,"R",91,"R",84,"R",111,"R",19,"R",0,"R",0,"R",0
445300, 1,"R",47,"R",12,"R",6,"R",29,"R",8,"R",4,"R",0,"R",0,"R",0
445300, 2,"R",47,"R",12,"R",6,"R",29,"R",8,"R",4,"R",0,"R",0,"R",0
445300, 3,"R",47,"R",12,"R",6,"R",29,"R",8,"R",4,"R",0,"R",0,"R",0
445364, 1,"R",586,"A",,"A",,"R",586,"A",,"A",,"A",,"A",,"A",
445364, 2,"R",586,"A",,"A",,"R",586,"A",,"A",,"A",,"A",,"A",
445461, 1,"R",383,"A",,"A",,"R",383,"A",,"A",,"A",,"A",,"A",
445461, 2,"R",383,"A",,"A",,"R",383,"A",,"A",,"A",,"A",,"A",
445461, 3,"R",383,"A",,"A",,"R",383,"A",,"A",,"A",,"A",,"A",
445498, 1,"R",41,"A",,"A",,"R",41,"A",,"A",,"A",,"A",,"A",
445498, 2,"R",41,"A",,"A",,"R",41,"A",,"A",,"A",,"A",,"A",
445540, 1,"R",55,"A",,"A",,"R",55,"A",,"A",,"A",,"A",,"A",
445540, 2,"R",55,"A",,"A",,"R",55,"A",,"A",,"A",,"A",,"A",
445638, 1,"R",55,"A",,"A",,"R",55,"A",,"A",,"A",,"A",,"A",
445638, 2,"R",55,"A",,"A",,"R",55,"A",,"A",,"A",,"A",,"A",
445647, 1,"R",113,"A",,"A",,"R",113,"A",,"A",,"A",,"A",,"A",
445647, 2,"R",113,"A",,"A",,"R",113,"A",,"A",,"A",,"A",,"A",
445656, 1,"R",156,"A",,"A",,"R",156,"A",,"A",,"A",,"A",,"A",
445656, 2,"R",156,"A",,"A",,"R",156,"A",,"A",,"A",,"A",,"A",
445692, 1,"R",430,"R",0,"R",123,"R",307,"A",,"A",,"A",,"A",,"A",
445692, 2,"R",430,"R",0,"R",123,"R",307,"A",,"A",,"A",,"A",,"A",
445692, 3,"R",430,"R",0,"R",123,"R",307,"A",,"A",,"A",,"A",,"A",
445708, 1,"R",1681,"R",5,"R",1,"R",1675,"R",2,"R",2,"R",1,"R",0,"R",0
445708, 2,"R",1681,"R",5,"R",1,"R",1675,"R",2,"R",2,"R",1,"R",0,"R",0
445708, 3,"R",1681,"R",5,"R",1,"R",1675,"R",2,"R",2,"R",1,"R",0,"R",0
445735, 1,"R",1724,"R",0,"R",276,"R",1448,"A",,"A",,"A",,"A",,"A",
445735, 2,"R",656,"R",0,"R",276,"R",380,"A",,"A",,"A",,"A",,"A",
445735, 3,"R",656,"R",0,"R",276,"R",380,"A",,"A",,"A",,"A",,"A",
445735,12,"R",1068,"R",0,"R",0,"R",1068,"A",,"A",,"A",,"A",,"A",
445744, 1,"R",400,"R",0,"R",225,"R",175,"A",,"A",,"A",,"A",,"A",
445744, 2,"R",400,"R",0,"R",225,"R",175,"A",,"A",,"A",,"A",,"A",
445744, 3,"R",400,"R",0,"R",225,"R",175,"A",,"A",,"A",,"A",,"A",
445762, 1,"R",188,"A",,"A",,"R",188,"A",,"A",,"A",,"A",,"A",
445762, 2,"R",188,"A",,"A",,"R",188,"A",,"A",,"A",,"A",,"A",
445780, 1,"R",23,"A",,"A",,"R",23,"A",,"A",,"A",,"A",,"A",
445780, 2,"R",23,"A",,"A",,"R",23,"A",,"A",,"A",,"A",,"A",
445799, 1,"R",1086,"A",,"A",,"R",1086,"A",,"A",,"A",,"A",,"A",
445799, 2,"R",1086,"A",,"A",,"R",1086,"A",,"A",,"A",,"A",,"A",
445841, 1,"R",126,"A",,"A",,"R",126,"A",,"A",,"A",,"A",,"A",
445841, 2,"R",126,"A",,"A",,"R",126,"A",,"A",,"A",,"A",,"A",
445850, 1,"R",106,"A",,"A",,"R",106,"A",,"A",,"A",,"A",,"A",
445850, 2,"R",106,"A",,"A",,"R",106,"A",,"A",,"A",,"A",,"A",
445869, 1,"R",300,"R",237,"R",0,"R",63,"R",28,"R",182,"R",0,"R",27,"R",0
445869,12,"R",300,"R",237,"R",0,"R",63,"R",28,"R",182,"R",0,"R",27,"R",0
445911, 1,"R",679,"A",,"A",,"R",679,"A",,"A",,"A",,"A",,"A",
445911, 2,"R",679,"A",,"A",,"R",679,"A",,"A",,"A",,"A",,"A",
445948, 1,"R",1067,"R",0,"R",955,"R",112,"A",,"A",,"A",,"A",,"A",
445948, 2,"R",1067,"R",0,"R",955,"R",112,"A",,"A",,"A",,"A",,"A",
445948, 3,"R",1067,"R",0,"R",955,"R",112,"A",,"A",,"A",,"A",,"A",
445957, 1,"R",249,"A",,"A",,"R",249,"A",,"A",,"A",,"A",,"A",
445957, 2,"R",249,"A",,"A",,"R",249,"A",,"A",,"A",,"A",,"A",
446002, 1,"R",90,"A",,"A",,"R",90,"A",,"A",,"A",,"A",,"A",
446002,12,"R",90,"A",,"A",,"R",90,"A",,"A",,"A",,"A",,"A",
446039, 1,"R",34,"A",,"A",,"R",34,"A",,"A",,"A",,"A",,"A",
446039,12,"R",34,"A",,"A",,"R",34,"A",,"A",,"A",,"A",,"A",
446048, 1,"R",1122,"R",2,"Z",0,"R",1120,"R",1,"R",1,"Z",0,"Z",0,"R",0
446048, 2,"R",1087,"R",1,"Z",0,"R",1086,"R",1,"Z",0,"Z",0,"Z",0,"R",0
446048, 3,"R",1070,"R",1,"Z",0,"R",1069,"R",1,"Z",0,"Z",0,"Z",0,"R",0
446048,11,"R",17,"R",0,"Z",0,"R",17,"A",,"A",,"A",,"A",,"A",
446048,12,"R",35,"R",1,"Z",0,"R",34,"Z",0,"R",1,"Z",0,"Z",0,"R",0
446084, 1,"R",121,"A",,"A",,"R",121,"A",,"A",,"A",,"A",,"A",
446084, 2,"R",121,"A",,"A",,"R",121,"A",,"A",,"A",,"A",,"A",
446093, 1,"R",136,"A",,"A",,"R",136,"A",,"A",,"A",,"A",,"A",
446093, 2,"R",136,"A",,"A",,"R",136,"A",,"A",,"A",,"A",,"A",
446109, 1,"R",235,"R",2,"R",123,"R",110,"R",2,"R",0,"R",0,"R",0,"R",0
446109, 2,"R",235,"R",2,"R",123,"R",110,"R",2,"R",0,"R",0,"R",0,"R",0
446109, 3,"R",235,"R",2,"R",123,"R",110,"R",2,"R",0,"R",0,"R",0,"R",0
446118, 1,"R",531,"A",,"A",,"R",531,"A",,"A",,"A",,"A",,"A",
446118, 2,"R",531,"A",,"A",,"R",531,"A",,"A",,"A",,"A",,"A",
446118, 3,"R",531,"A",,"A",,"R",531,"A",,"A",,"A",,"A",,"A",
446127, 1,"R",265,"A",,"A",,"R",265,"A",,"A",,"A",,"A",,"A",
446127, 2,"R",265,"A",,"A",,"R",265,"A",,"A",,"A",,"A",,"A",
446127, 3,"R",265,"A",,"A",,"R",265,"A",,"A",,"A",,"A",,"A",
446136, 1,"R",167,"R",3,"R",16,"R",148,"R",3,"Z",0,"Z",0,"Z",0,"R",0
446136, 2,"R",167,"R",3,"R",16,"R",148,"R",3,"Z",0,"Z",0,"Z",0,"R",0
446136, 3,"R",167,"R",3,"R",16,"R",148,"R",3,"Z",0,"Z",0,"Z",0,"R",0
446163, 1,"R",75,"R",22,"R",45,"R",8,"R",8,"R",13,"R",0,"R",1,"R",0
446163, 2,"R",75,"R",22,"R",45,"R",8,"R",8,"R",13,"R",0,"R",1,"R",0
446163, 3,"R",75,"R",22,"R",45,"R",8,"R",8,"R",13,"R",0,"R",1,"R",0
446206, 1,"R",26,"A",,"A",,"R",26,"A",,"A",,"A",,"A",,"A",
446206, 2,"R",26,"A",,"A",,"R",26,"A",,"A",,"A",,"A",,"A",
446206, 3,"R",26,"A",,"A",,"R",26,"A",,"A",,"A",,"A",,"A",
446224, 1,"R",60,"A",,"A",,"R",60,"A",,"A",,"A",,"A",,"A",
446224, 2,"R",4,"A",,"A",,"R",4,"A",,"A",,"A",,"A",,"A",
446224, 3,"R",4,"A",,"A",,"R",4,"A",,"A",,"A",,"A",,"A",
446224,12,"R",56,"A",,"A",,"R",56,"A",,"A",,"A",,"A",,"A",
446233, 1,"R",218,"R",85,"R",14,"R",119,"R",14,"R",70,"Z",0,"R",1,"R",0
446233, 2,"R",217,"R",84,"R",14,"R",119,"R",14,"R",69,"Z",0,"R",1,"R",0
446233, 3,"R",208,"R",84,"R",14,"R",110,"R",14,"R",69,"Z",0,"R",1,"R",0
446233,11,"R",9,"Z",0,"Z",0,"R",9,"A",,"A",,"A",,"A",,"A",
446233,12,"R",1,"R",1,"Z",0,"R",0,"Z",0,"R",1,"Z",0,"Z",0,"R",0
446242, 1,"R",117,"A",,"A",,"R",117,"A",,"A",,"A",,"A",,"A",
446242, 2,"R",117,"A",,"A",,"R",117,"A",,"A",,"A",,"A",,"A",
446251, 1,"R",69,"A",,"A",,"R",69,"A",,"A",,"A",,"A",,"A",
446251, 2,"R",69,"A",,"A",,"R",69,"A",,"A",,"A",,"A",,"A",
446260, 1,"R",380,"A",,"A",,"R",380,"A",,"A",,"A",,"A",,"A",
446260, 2,"R",380,"A",,"A",,"R",380,"A",,"A",,"A",,"A",,"A",
446288, 1,"R",80,"A",,"A",,"R",80,"A",,"A",,"A",,"A",,"A",
446288, 2,"R",80,"A",,"A",,"R",80,"A",,"A",,"A",,"A",,"A",
446303, 1,"R",45,"A",,"A",,"R",45,"A",,"A",,"A",,"A",,"A",
446303, 2,"R",45,"A",,"A",,"R",45,"A",,"A",,"A",,"A",,"A",
446349, 1,"R",30,"A",,"A",,"R",30,"A",,"A",,"A",,"A",,"A",
446349, 2,"R",30,"A",,"A",,"R",30,"A",,"A",,"A",,"A",,"A",
446349, 3,"R",30,"A",,"A",,"R",30,"A",,"A",,"A",,"A",,"A",
446385, 1,"R",296,"A",,"A",,"R",296,"A",,"A",,"A",,"A",,"A",
446385, 2,"R",296,"A",,"A",,"R",296,"A",,"A",,"A",,"A",,"A",
446385, 3,"R",296,"A",,"A",,"R",296,"A",,"A",,"A",,"A",,"A",
446394, 1,"R",51,"A",,"A",,"R",51,"A",,"A",,"A",,"A",,"A",
446394, 2,"R",27,"A",,"A",,"R",27,"A",,"A",,"A",,"A",,"A",
446394, 3,"R",27,"A",,"A",,"R",27,"A",,"A",,"A",,"A",,"A",
446394,12,"R",24,"A",,"A",,"R",24,"A",,"A",,"A",,"A",,"A",
446455, 1,"R",31,"A",,"A",,"R",31,"A",,"A",,"A",,"A",,"A",
446455, 2,"R",31,"A",,"A",,"R",31,"A",,"A",,"A",,"A",,"A",
446516, 1,"R",16,"A",,"A",,"R",16,"A",,"A",,"A",,"A",,"A",
446516, 2,"R",16,"A",,"A",,"R",16,"A",,"A",,"A",,"A",,"A",
446525, 1,"R",197,"A",,"A",,"R",197,"A",,"A",,"A",,"A",,"A",
446525, 2,"R",197,"A",,"A",,"R",197,"A",,"A",,"A",,"A",,"A",
446525, 3,"R",197,"A",,"A",,"R",197,"A",,"A",,"A",,"A",,"A",
446534, 1,"R",34,"A",,"A",,"R",34,"A",,"A",,"A",,"A",,"A",
446534, 2,"R",34,"A",,"A",,"R",34,"A",,"A",,"A",,"A",,"A",
446552, 1,"R",1341,"A",,"A",,"R",1341,"A",,"A",,"A",,"A",,"A",
446552, 2,"R",1341,"A",,"A",,"R",1341,"A",,"A",,"A",,"A",,"A",
446552, 3,"R",1341,"A",,"A",,"R",1341,"A",,"A",,"A",,"A",,"A",
446561, 1,"R",1391,"R",19,"R",0,"R",1372,"R",18,"R",1,"R",0,"R",0,"R",0
446561, 2,"R",1230,"R",19,"R",0,"R",1211,"R",18,"R",1,"R",0,"R",0,"R",0
446561, 3,"R",1230,"R",19,"R",0,"R",1211,"R",18,"R",1,"R",0,"R",0,"R",0
446561,12,"R",161,"R",0,"R",0,"R",161,"A",,"A",,"A",,"A",,"A",
446589, 1,"R",473,"A",,"A",,"R",473,"A",,"A",,"A",,"A",,"A",
446589, 2,"R",473,"A",,"A",,"R",473,"A",,"A",,"A",,"A",,"A",
446589, 3,"R",396,"A",,"A",,"R",396,"A",,"A",,"A",,"A",,"A",
446589,11,"R",77,"A",,"A",,"R",77,"A",,"A",,"A",,"A",,"A",
446598, 1,"R",35,"R",0,"R",35,"R",0,"A",,"A",,"A",,"A",,"A",
446598, 2,"R",35,"R",0,"R",35,"R",0,"A",,"A",,"A",,"A",,"A",
446598, 3,"R",35,"R",0,"R",35,"R",0,"A",,"A",,"A",,"A",,"A",
446604, 1,"R",1940,"A",,"A",,"R",1940,"A",,"A",,"A",,"A",,"A",
446604, 2,"R",1940,"A",,"A",,"R",1940,"A",,"A",,"A",,"A",,"A",
446604, 3,"R",1940,"A",,"A",,"R",1940,"A",,"A",,"A",,"A",,"A",
446640, 1,"R",4803,"R",70,"R",3762,"R",971,"R",16,"R",47,"R",0,"R",7,"R",0
446640, 2,"R",985,"R",14,"R",0,"R",971,"R",10,"R",4,"R",0,"R",0,"R",0
446640, 3,"R",565,"R",14,"R",0,"R",551,"R",10,"R",4,"R",0,"R",0,"R",0
446640,11,"R",420,"R",0,"R",0,"R",420,"A",,"A",,"A",,"A",,"A",
446640,12,"R",3818,"R",56,"R",3762,"R",0,"R",6,"R",43,"R",0,"R",7,"R",0
446677, 1,"R",61,"Z",0,"R",61,"R",0,"A",,"A",,"A",,"A",,"A",
446677, 2,"R",61,"Z",0,"R",61,"R",0,"A",,"A",,"A",,"A",,"A",
446677, 3,"R",61,"Z",0,"R",61,"R",0,"A",,"A",,"A",,"A",,"A",
446774, 1,"R",6273,"R",247,"R",821,"R",5205,"R",232,"R",15,"R",0,"R",0,"R",0
446774, 2,"R",6273,"R",247,"R",821,"R",5205,"R",232,"R",15,"R",0,"R",0,"R",0
446774, 3,"R",1796,"R",190,"R",756,"R",850,"R",175,"R",15,"R",0,"R",0,"R",0
446774,11,"R",4477,"R",57,"R",65,"R",4355,"R",57,"R",0,"R",0,"R",0,"R",0
446996, 1,"R",60,"A",,"A",,"R",60,"A",,"A",,"A",,"A",,"A",
446996, 2,"R",60,"A",,"A",,"R",60,"A",,"A",,"A",,"A",,"A",
447014, 1,"R",259,"R",121,"R",8,"R",130,"R",83,"R",38,"Z",0,"Z",0,"R",0
447014, 2,"R",259,"R",121,"R",8,"R",130,"R",83,"R",38,"Z",0,"Z",0,"R",0
447014, 3,"R",259,"R",121,"R",8,"R",130,"R",83,"R",38,"Z",0,"Z",0,"R",0
447023, 1,"R",688,"A",,"A",,"R",688,"A",,"A",,"A",,"A",,"A",
447023, 2,"R",688,"A",,"A",,"R",688,"A",,"A",,"A",,"A",,"A",
447050, 1,"R",790,"R",720,"R",70,"R",0,"R",313,"R",404,"R",0,"R",2,"R",1
447050, 2,"R",73,"R",59,"R",14,"R",0,"R",29,"R",30,"R",0,"R",0,"R",0
447050, 3,"R",57,"R",57,"R",0,"R",0,"R",27,"R",30,"R",0,"R",0,"R",0
447050,11,"R",16,"R",2,"R",14,"R",0,"R",2,"R",0,"R",0,"R",0,"R",0
447050,12,"R",717,"R",661,"R",56,"R",0,"R",284,"R",374,"R",0,"R",2,"R",1
447148, 1,"R",162,"A",,"A",,"R",162,"A",,"A",,"A",,"A",,"A",
447148, 2,"R",162,"A",,"A",,"R",162,"A",,"A",,"A",,"A",,"A",
447166, 1,"R",65,"A",,"A",,"R",65,"A",,"A",,"A",,"A",,"A",
447166, 2,"R",65,"A",,"A",,"R",65,"A",,"A",,"A",,"A",,"A",
447175, 1,"R",48,"A",,"A",,"R",48,"A",,"A",,"A",,"A",,"A",
447175, 2,"R",48,"A",,"A",,"R",48,"A",,"A",,"A",,"A",,"A",
447263, 1,"R",723,"R",78,"R",257,"R",388,"R",58,"R",20,"R",0,"R",0,"R",0
447263, 2,"R",723,"R",78,"R",257,"R",388,"R",58,"R",20,"R",0,"R",0,"R",0
447263, 3,"R",723,"R",78,"R",257,"R",388,"R",58,"R",20,"R",0,"R",0,"R",0
447379, 1,"R",386,"A",,"A",,"R",386,"A",,"A",,"A",,"A",,"A",
447379, 2,"R",386,"A",,"A",,"R",386,"A",,"A",,"A",,"A",,"A",
447379, 3,"R",386,"A",,"A",,"R",386,"A",,"A",,"A",,"A",,"A",
447403, 1,"R",494,"A",,"A",,"R",494,"A",,"A",,"A",,"A",,"A",
447403, 2,"R",494,"A",,"A",,"R",494,"A",,"A",,"A",,"A",,"A",
447421, 1,"R",136,"Z",0,"R",130,"R",6,"A",,"A",,"A",,"A",,"A",
447421, 2,"R",136,"Z",0,"R",130,"R",6,"A",,"A",,"A",,"A",,"A",
447421, 3,"R",136,"Z",0,"R",130,"R",6,"A",,"A",,"A",,"A",,"A",
447430, 1,"R",115,"A",,"A",,"R",115,"A",,"A",,"A",,"A",,"A",
447430, 2,"R",115,"A",,"A",,"R",115,"A",,"A",,"A",,"A",,"A",
447449, 1,"R",42,"A",,"A",,"R",42,"A",,"A",,"A",,"A",,"A",
447449, 2,"R",42,"A",,"A",,"R",42,"A",,"A",,"A",,"A",,"A",
447458, 1,"R",603,"A",,"A",,"R",603,"A",,"A",,"A",,"A",,"A",
447458, 2,"R",603,"A",,"A",,"R",603,"A",,"A",,"A",,"A",,"A",
447458, 3,"R",603,"A",,"A",,"R",603,"A",,"A",,"A",,"A",,"A",
447467, 1,"R",97,"A",,"A",,"R",97,"A",,"A",,"A",,"A",,"A",
447467, 2,"R",97,"A",,"A",,"R",97,"A",,"A",,"A",,"A",,"A",
447582, 1,"R",1169,"R",390,"R",592,"R",187,"R",384,"R",6,"R",0,"R",0,"R",0
447582, 2,"R",1169,"R",390,"R",592,"R",187,"R",384,"R",6,"R",0,"R",0,"R",0
447582, 3,"R",845,"R",350,"R",342,"R",153,"R",345,"R",5,"R",0,"R",0,"R",0
447582,11,"R",324,"R",40,"R",250,"R",34,"R",39,"R",1,"R",0,"R",0,"R",0
447591, 1,"R",600,"A",,"A",,"R",600,"A",,"A",,"A",,"A",,"A",
447591, 2,"R",600,"A",,"A",,"R",600,"A",,"A",,"A",,"A",,"A",
447591, 3,"R",600,"A",,"A",,"R",600,"A",,"A",,"A",,"A",,"A",
447607, 1,"R",647,"A",,"A",,"R",647,"A",,"A",,"A",,"A",,"A",
447607, 2,"R",647,"A",,"A",,"R",647,"A",,"A",,"A",,"A",,"A",
447616, 1,"R",606,"A",,"A",,"R",606,"A",,"A",,"A",,"A",,"A",
447616, 2,"R",606,"A",,"A",,"R",606,"A",,"A",,"A",,"A",,"A",
447689, 1,"R",12508,"R",143,"R",421,"R",11944,"R",138,"R",5,"R",0,"R",0,"R",0
447689, 2,"R",12508,"R",143,"R",421,"R",11944,"R",138,"R",5,"R",0,"R",0,"R",0
447689, 3,"R",11676,"R",135,"R",416,"R",11125,"R",131,"R",4,"R",0,"R",0,"R",0
447689,11,"R",832,"R",8,"R",5,"R",819,"R",7,"R",1,"R",0,"R",0,"R",0
447698, 1,"R",88,"A",,"A",,"R",88,"A",,"A",,"A",,"A",,"A",
447698,12,"R",88,"A",,"A",,"R",88,"A",,"A",,"A",,"A",,"A",
447704, 1,"R",75,"A",,"A",,"R",75,"A",,"A",,"A",,"A",,"A",
447704, 2,"R",75,"A",,"A",,"R",75,"A",,"A",,"A",,"A",,"A",
447713, 1,"R",147,"A",,"A",,"R",147,"A",,"A",,"A",,"A",,"A",
447713, 2,"R",147,"A",,"A",,"R",147,"A",,"A",,"A",,"A",,"A",
447713, 3,"R",147,"A",,"A",,"R",147,"A",,"A",,"A",,"A",,"A",
447722, 1,"R",33,"A",,"A",,"R",33,"A",,"A",,"A",,"A",,"A",
447722, 2,"R",33,"A",,"A",,"R",33,"A",,"A",,"A",,"A",,"A",
447731, 1,"R",151,"A",,"A",,"R",151,"A",,"A",,"A",,"A",,"A",
447731, 2,"R",151,"A",,"A",,"R",151,"A",,"A",,"A",,"A",,"A",
447759, 1,"R",176,"A",,"A",,"R",176,"A",,"A",,"A",,"A",,"A",
447759, 2,"R",176,"A",,"A",,"R",176,"A",,"A",,"A",,"A",,"A",
447759, 3,"R",176,"A",,"A",,"R",176,"A",,"A",,"A",,"A",,"A",
447768, 1,"R",1280,"A",,"A",,"R",1280,"A",,"A",,"A",,"A",,"A",
447768, 2,"R",1280,"A",,"A",,"R",1280,"A",,"A",,"A",,"A",,"A",
447768, 3,"R",1280,"A",,"A",,"R",1280,"A",,"A",,"A",,"A",,"A",
447777, 1,"R",596,"R",0,"R",0,"R",596,"A",,"A",,"A",,"A",,"A",
447777, 2,"R",596,"R",0,"R",0,"R",596,"A",,"A",,"A",,"A",,"A",
447777, 3,"R",596,"R",0,"R",0,"R",596,"A",,"A",,"A",,"A",,"A",
447795, 1,"R",20,"A",,"A",,"R",20,"A",,"A",,"A",,"A",,"A",
447795, 2,"R",20,"A",,"A",,"R",20,"A",,"A",,"A",,"A",,"A",
447801, 1,"R",227,"A",,"A",,"R",227,"A",,"A",,"A",,"A",,"A",
447801,12,"R",227,"A",,"A",,"R",227,"A",,"A",,"A",,"A",,"A",
447810, 1,"R",301,"A",,"A",,"R",301,"A",,"A",,"A",,"A",,"A",
447810, 2,"R",301,"A",,"A",,"R",301,"A",,"A",,"A",,"A",,"A",
447847, 1,"R",317,"A",,"A",,"R",317,"A",,"A",,"A",,"A",,"A",
447847, 2,"R",317,"A",,"A",,"R",317,"A",,"A",,"A",,"A",,"A",
447847, 3,"R",233,"A",,"A",,"R",233,"A",,"A",,"A",,"A",,"A",
447847,11,"R",84,"A",,"A",,"R",84,"A",,"A",,"A",,"A",,"A",
447865, 1,"R",52,"A",,"A",,"R",52,"A",,"A",,"A",,"A",,"A",
447865, 2,"R",52,"A",,"A",,"R",52,"A",,"A",,"A",,"A",,"A",
447874, 1,"R",245,"A",,"A",,"R",245,"A",,"A",,"A",,"A",,"A",
447874, 2,"R",245,"A",,"A",,"R",245,"A",,"A",,"A",,"A",,"A",
447883, 1,"R",87,"A",,"A",,"R",87,"A",,"A",,"A",,"A",,"A",
447883, 2,"R",87,"A",,"A",,"R",87,"A",,"A",,"A",,"A",,"A",
447892, 1,"R",121,"A",,"A",,"R",121,"A",,"A",,"A",,"A",,"A",
447892, 2,"R",121,"A",,"A",,"R",121,"A",,"A",,"A",,"A",,"A",
447908, 1,"R",43,"A",,"A",,"R",43,"A",,"A",,"A",,"A",,"A",
447908, 2,"R",43,"A",,"A",,"R",43,"A",,"A",,"A",,"A",,"A",
447917, 1,"R",29,"A",,"A",,"R",29,"A",,"A",,"A",,"A",,"A",
447917, 2,"R",29,"A",,"A",,"R",29,"A",,"A",,"A",,"A",,"A",
447935, 1,"R",352,"A",,"A",,"R",352,"A",,"A",,"A",,"A",,"A",
447935, 2,"R",352,"A",,"A",,"R",352,"A",,"A",,"A",,"A",,"A",
447935, 3,"R",352,"A",,"A",,"R",352,"A",,"A",,"A",,"A",,"A",
447953, 1,"R",636,"R",622,"R",14,"R",0,"R",62,"R",378,"R",0,"R",182,"R",0
447953, 2,"R",447,"R",433,"R",14,"R",0,"R",44,"R",326,"R",0,"R",63,"R",0
447953, 3,"R",447,"R",433,"R",14,"R",0,"R",44,"R",326,"R",0,"R",63,"R",0
447953,12,"R",189,"R",189,"R",0,"R",0,"R",18,"R",52,"R",0,"R",119,"R",0
447962, 1,"R",226,"A",,"A",,"R",226,"A",,"A",,"A",,"A",,"A",
447962, 2,"R",226,"A",,"A",,"R",226,"A",,"A",,"A",,"A",,"A",
447971, 1,"R",103,"A",,"A",,"R",103,"A",,"A",,"A",,"A",,"A",
447971, 2,"R",103,"A",,"A",,"R",103,"A",,"A",,"A",,"A",,"A",
447980, 1,"R",87,"A",,"A",,"R",87,"A",,"A",,"A",,"A",,"A",
447980, 2,"R",87,"A",,"A",,"R",87,"A",,"A",,"A",,"A",,"A",
447999, 1,"R",166,"A",,"A",,"R",166,"A",,"A",,"A",,"A",,"A",
447999, 2,"R",166,"A",,"A",,"R",166,"A",,"A",,"A",,"A",,"A",
447999, 3,"R",166,"A",,"A",,"R",166,"A",,"A",,"A",,"A",,"A",
448017, 1,"R",139,"A",,"A",,"R",139,"A",,"A",,"A",,"A",,"A",
448017, 2,"R",139,"A",,"A",,"R",139,"A",,"A",,"A",,"A",,"A",
448026, 1,"R",108,"A",,"A",,"R",108,"A",,"A",,"A",,"A",,"A",
448026, 2,"R",108,"A",,"A",,"R",108,"A",,"A",,"A",,"A",,"A",
448044, 1,"R",1,"A",,"A",,"R",1,"A",,"A",,"A",,"A",,"A",
448044, 2,"R",1,"A",,"A",,"R",1,"A",,"A",,"A",,"A",,"A",
448071, 1,"R",210,"A",,"A",,"R",210,"A",,"A",,"A",,"A",,"A",
448071, 2,"R",210,"A",,"A",,"R",210,"A",,"A",,"A",,"A",,"A",
448123, 1,"R",153,"A",,"A",,"R",153,"A",,"A",,"A",,"A",,"A",
448123, 2,"R",153,"A",,"A",,"R",153,"A",,"A",,"A",,"A",,"A",
448150, 1,"R",34,"A",,"A",,"R",34,"A",,"A",,"A",,"A",,"A",
448150, 2,"R",34,"A",,"A",,"R",34,"A",,"A",,"A",,"A",,"A",
448196, 1,"R",139,"A",,"A",,"R",139,"A",,"A",,"A",,"A",,"A",
448196, 2,"R",139,"A",,"A",,"R",139,"A",,"A",,"A",,"A",,"A",
448220, 1,"R",132,"A",,"A",,"R",132,"A",,"A",,"A",,"A",,"A",
448220, 2,"R",132,"A",,"A",,"R",132,"A",,"A",,"A",,"A",,"A",
448239, 1,"R",179,"A",,"A",,"R",179,"A",,"A",,"A",,"A",,"A",
448239, 2,"R",179,"A",,"A",,"R",179,"A",,"A",,"A",,"A",,"A",
448239, 3,"R",179,"A",,"A",,"R",179,"A",,"A",,"A",,"A",,"A",
448248, 1,"R",2801,"A",,"A",,"R",2801,"A",,"A",,"A",,"A",,"A",
448248, 2,"R",2801,"A",,"A",,"R",2801,"A",,"A",,"A",,"A",,"A",
448248, 3,"R",1797,"A",,"A",,"R",1797,"A",,"A",,"A",,"A",,"A",
448248,11,"R",1004,"A",,"A",,"R",1004,"A",,"A",,"A",,"A",,"A",
448257, 1,"R",25,"A",,"A",,"R",25,"A",,"A",,"A",,"A",,"A",
448257, 2,"R",25,"A",,"A",,"R",25,"A",,"A",,"A",,"A",,"A",
448275, 1,"R",18,"A",,"A",,"R",18,"A",,"A",,"A",,"A",,"A",
448275, 2,"R",18,"A",,"A",,"R",18,"A",,"A",,"A",,"A",,"A",
448284, 1,"R",1609,"R",106,"R",0,"R",1503,"R",87,"R",19,"R",0,"R",0,"R",0
448284, 2,"R",496,"R",18,"R",0,"R",478,"R",15,"R",3,"R",0,"R",0,"R",0
448284, 3,"R",490,"R",17,"R",0,"R",473,"R",14,"R",3,"R",0,"R",0,"R",0
448284,11,"R",6,"R",1,"R",0,"R",5,"R",1,"R",0,"R",0,"R",0,"R",0
448284,12,"R",1113,"R",88,"R",0,"R",1025,"R",72,"R",16,"R",0,"R",0,"R",0
448309, 1,"R",35,"R",8,"R",27,"R",0,"R",8,"Z",0,"Z",0,"Z",0,"R",0
448309, 2,"R",22,"R",4,"R",18,"R",0,"R",4,"Z",0,"Z",0,"Z",0,"R",0
448309, 3,"R",22,"R",4,"R",18,"R",0,"R",4,"Z",0,"Z",0,"Z",0,"R",0
448309,12,"R",13,"R",4,"R",9,"R",0,"R",4,"Z",0,"Z",0,"Z",0,"R",0
448354, 1,"R",257,"A",,"A",,"R",257,"A",,"A",,"A",,"A",,"A",
448354, 2,"R",257,"A",,"A",,"R",257,"A",,"A",,"A",,"A",,"A",
448354, 3,"R",257,"A",,"A",,"R",257,"A",,"A",,"A",,"A",,"A",
448424, 1,"R",54,"A",,"A",,"R",54,"A",,"A",,"A",,"A",,"A",
448424, 2,"R",54,"A",,"A",,"R",54,"A",,"A",,"A",,"A",,"A",
448433, 1,"R",1278,"A",,"A",,"R",1278,"A",,"A",,"A",,"A",,"A",
448433, 2,"R",1278,"A",,"A",,"R",1278,"A",,"A",,"A",,"A",,"A",
448433, 3,"R",1278,"A",,"A",,"R",1278,"A",,"A",,"A",,"A",,"A",
448567, 1,"R",11,"R",8,"R",1,"R",2,"R",7,"R",1,"R",0,"R",0,"R",0
448567, 2,"R",11,"R",8,"R",1,"R",2,"R",7,"R",1,"R",0,"R",0,"R",0
448567, 3,"R",11,"R",8,"R",1,"R",2,"R",7,"R",1,"R",0,"R",0,"R",0
448594, 1,"R",4239,"R",977,"R",1129,"R",2133,"R",947,"R",0,"R",6,"R",24,"R",0
448594, 2,"R",4239,"R",977,"R",1129,"R",2133,"R",947,"R",0,"R",6,"R",24,"R",0
448594, 3,"R",3893,"R",868,"R",1119,"R",1906,"R",843,"R",0,"R",5,"R",20,"R",0
448594,11,"R",346,"R",109,"R",10,"R",227,"R",104,"R",0,"R",1,"R",4,"R",0
448600, 1,"R",324,"R",29,"R",278,"R",17,"R",27,"R",2,"R",0,"R",0,"R",0
448600, 2,"R",324,"R",29,"R",278,"R",17,"R",27,"R",2,"R",0,"R",0,"R",0
448600, 3,"R",324,"R",29,"R",278,"R",17,"R",27,"R",2,"R",0,"R",0,"R",0
448619, 1,"R",477,"A",,"A",,"R",477,"A",,"A",,"A",,"A",,"A",
448619, 2,"R",477,"A",,"A",,"R",477,"A",,"A",,"A",,"A",,"A",
448646, 1,"R",97,"A",,"A",,"R",97,"A",,"A",,"A",,"A",,"A",
448646, 2,"R",97,"A",,"A",,"R",97,"A",,"A",,"A",,"A",,"A",
448673, 1,"R",1729,"R",914,"R",514,"R",301,"R",859,"R",54,"R",0,"R",1,"R",0
448673, 2,"R",1725,"R",910,"R",514,"R",301,"R",855,"R",54,"R",0,"R",1,"R",0
448673, 3,"R",1723,"R",908,"R",514,"R",301,"R",853,"R",54,"R",0,"R",1,"R",0
448673,11,"R",2,"R",2,"R",0,"R",0,"R",2,"R",0,"R",0,"R",0,"R",0
448673,12,"R",4,"R",4,"R",0,"R",0,"R",4,"R",0,"R",0,"R",0,"R",0
448691, 1,"R",134,"R",61,"R",21,"R",52,"R",13,"R",41,"R",0,"R",7,"R",0
448691,12,"R",134,"R",61,"R",21,"R",52,"R",13,"R",41,"R",0,"R",7,"R",0
448707, 1,"R",96,"A",,"A",,"R",96,"A",,"A",,"A",,"A",,"A",
448707, 2,"R",96,"A",,"A",,"R",96,"A",,"A",,"A",,"A",,"A",
448716, 1,"R",66,"A",,"A",,"R",66,"A",,"A",,"A",,"A",,"A",
448716, 2,"R",66,"A",,"A",,"R",66,"A",,"A",,"A",,"A",,"A",
448752, 1,"R",143,"Z",0,"R",143,"R",0,"A",,"A",,"A",,"A",,"A",
448752, 2,"R",143,"Z",0,"R",143,"R",0,"A",,"A",,"A",,"A",,"A",
448752, 3,"R",143,"Z",0,"R",143,"R",0,"A",,"A",,"A",,"A",,"A",
448761, 1,"R",113,"R",0,"R",113,"R",0,"A",,"A",,"A",,"A",,"A",
448761, 2,"R",113,"R",0,"R",113,"R",0,"A",,"A",,"A",,"A",,"A",
448761, 3,"R",113,"R",0,"R",113,"R",0,"A",,"A",,"A",,"A",,"A",
448770, 1,"R",304,"A",,"A",,"R",304,"A",,"A",,"A",,"A",,"A",
448770, 2,"R",304,"A",,"A",,"R",304,"A",,"A",,"A",,"A",,"A",
448798, 1,"R",117,"A",,"A",,"R",117,"A",,"A",,"A",,"A",,"A",
448798, 2,"R",117,"A",,"A",,"R",117,"A",,"A",,"A",,"A",,"A",
448840, 1,"R",4727,"R",749,"R",2100,"R",1878,"R",732,"R",16,"R",0,"R",0,"R",1
448840, 2,"R",4153,"R",467,"R",1974,"R",1712,"R",462,"R",4,"R",0,"R",0,"R",1
448840, 3,"R",4073,"R",445,"R",1963,"R",1665,"R",440,"R",4,"R",0,"R",0,"R",1
448840,11,"R",80,"R",22,"R",11,"R",47,"R",22,"R",0,"R",0,"R",0,"R",0
448840,12,"R",574,"R",282,"R",126,"R",166,"R",270,"R",12,"R",0,"R",0,"R",0
448859, 1,"R",134,"A",,"A",,"R",134,"A",,"A",,"A",,"A",,"A",
448859, 2,"R",134,"A",,"A",,"R",134,"A",,"A",,"A",,"A",,"A",
448859, 3,"R",134,"A",,"A",,"R",134,"A",,"A",,"A",,"A",,"A",
448886, 1,"R",11584,"R",31,"R",6517,"R",5036,"R",18,"R",13,"R",0,"R",0,"R",0
448886, 2,"R",8702,"R",0,"R",5945,"R",2757,"A",,"A",,"A",,"A",,"A",
448886, 3,"R",8697,"R",0,"R",5943,"R",2754,"A",,"A",,"A",,"A",,"A",
448886,11,"R",5,"R",0,"R",2,"R",3,"A",,"A",,"A",,"A",,"A",
448886,12,"R",2882,"R",31,"R",572,"R",2279,"R",18,"R",13,"R",0,"R",0,"R",0
448895, 1,"R",417,"A",,"A",,"R",417,"A",,"A",,"A",,"A",,"A",
448895, 2,"R",417,"A",,"A",,"R",417,"A",,"A",,"A",,"A",,"A",
448974, 1,"R",29,"A",,"A",,"R",29,"A",,"A",,"A",,"A",,"A",
448974, 2,"R",29,"A",,"A",,"R",29,"A",,"A",,"A",,"A",,"A",
448983, 1,"R",108,"A",,"A",,"R",108,"A",,"A",,"A",,"A",,"A",
448983, 2,"R",108,"A",,"A",,"R",108,"A",,"A",,"A",,"A",,"A",
449038, 1,"R",2205,"R",1893,"R",266,"R",46,"R",1784,"R",108,"R",0,"R",0,"R",1
449038, 2,"R",1702,"R",1455,"R",219,"R",28,"R",1374,"R",80,"R",0,"R",0,"R",1
449038, 3,"R",1699,"R",1452,"R",219,"R",28,"R",1372,"R",79,"R",0,"R",0,"R",1
449038,11,"R",3,"R",3,"R",0,"R",0,"R",2,"R",1,"R",0,"R",0,"R",0
449038,12,"R",503,"R",438,"R",47,"R",18,"R",410,"R",28,"R",0,"R",0,"R",0
449074, 1,"R",497,"R",0,"R",4,"R",493,"A",,"A",,"A",,"A",,"A",
449074, 2,"R",497,"R",0,"R",4,"R",493,"A",,"A",,"A",,"A",,"A",
449074, 3,"R",497,"R",0,"R",4,"R",493,"A",,"A",,"A",,"A",,"A",
449083, 1,"R",134,"A",,"A",,"R",134,"A",,"A",,"A",,"A",,"A",
449083, 2,"R",134,"A",,"A",,"R",134,"A",,"A",,"A",,"A",,"A",
449083, 3,"R",134,"A",,"A",,"R",134,"A",,"A",,"A",,"A",,"A",
449092, 1,"R",182,"A",,"A",,"R",182,"A",,"A",,"A",,"A",,"A",
449092, 2,"R",182,"A",,"A",,"R",182,"A",,"A",,"A",,"A",,"A",
449092, 3,"R",182,"A",,"A",,"R",182,"A",,"A",,"A",,"A",,"A",
449117, 1,"R",377,"Z",0,"R",56,"R",321,"A",,"A",,"A",,"A",,"A",
449117, 2,"R",377,"Z",0,"R",56,"R",321,"A",,"A",,"A",,"A",,"A",
449117, 3,"R",377,"Z",0,"R",56,"R",321,"A",,"A",,"A",,"A",,"A",
449135, 1,"R",74,"A",,"A",,"R",74,"A",,"A",,"A",,"A",,"A",
449135, 2,"R",73,"A",,"A",,"R",73,"A",,"A",,"A",,"A",,"A",
449135, 3,"R",73,"A",,"A",,"R",73,"A",,"A",,"A",,"A",,"A",
449135,12,"R",1,"A",,"A",,"R",1,"A",,"A",,"A",,"A",,"A",
449250, 1,"R",321,"A",,"A",,"R",321,"A",,"A",,"A",,"A",,"A",
449250, 2,"R",321,"A",,"A",,"R",321,"A",,"A",,"A",,"A",,"A",
449250, 3,"R",321,"A",,"A",,"R",321,"A",,"A",,"A",,"A",,"A",
449311, 1,"R",140,"A",,"A",,"R",140,"A",,"A",,"A",,"A",,"A",
449311, 2,"R",140,"A",,"A",,"R",140,"A",,"A",,"A",,"A",,"A",
449320, 1,"R",531,"A",,"A",,"R",531,"A",,"A",,"A",,"A",,"A",
449320, 2,"R",531,"A",,"A",,"R",531,"A",,"A",,"A",,"A",,"A",
449339, 1,"R",46088,"R",46088,"A",,"A",,"R",637,"R",42990,"Z",0,"R",2461,"R",0
449339, 2,"R",37746,"R",37746,"A",,"A",,"R",459,"R",35193,"Z",0,"R",2094,"R",0
449339, 3,"R",36036,"R",36036,"A",,"A",,"R",450,"R",33572,"Z",0,"R",2014,"R",0
449339,11,"R",1710,"R",1710,"A",,"A",,"R",9,"R",1621,"Z",0,"R",80,"R",0
449339,12,"R",8342,"R",8342,"A",,"A",,"R",178,"R",7797,"Z",0,"R",367,"R",0
449348, 1,"R",128,"R",13,"R",27,"R",88,"R",7,"R",6,"R",0,"R",0,"R",0
449348, 2,"R",105,"R",13,"R",25,"R",67,"R",7,"R",6,"R",0,"R",0,"R",0
449348, 3,"R",105,"R",13,"R",25,"R",67,"R",7,"R",6,"R",0,"R",0,"R",0
449348,12,"R",23,"R",0,"R",2,"R",21,"A",,"A",,"A",,"A",,"A",
449357, 1,"R",90,"A",,"A",,"R",90,"A",,"A",,"A",,"A",,"A",
449357, 2,"R",90,"A",,"A",,"R",90,"A",,"A",,"A",,"A",,"A",
449357, 3,"R",90,"A",,"A",,"R",90,"A",,"A",,"A",,"A",,"A",
449366, 1,"R",334,"A",,"A",,"R",334,"A",,"A",,"A",,"A",,"A",
449366, 2,"R",334,"A",,"A",,"R",334,"A",,"A",,"A",,"A",,"A",
449384, 1,"R",371,"R",36,"R",0,"R",335,"R",21,"R",0,"R",0,"R",15,"R",0
449384, 2,"R",371,"R",36,"R",0,"R",335,"R",21,"R",0,"R",0,"R",15,"R",0
449384, 3,"R",226,"R",0,"R",0,"R",226,"A",,"A",,"A",,"A",,"A",
449384,11,"R",145,"R",36,"R",0,"R",109,"R",21,"R",0,"R",0,"R",15,"R",0
449393, 1,"R",60,"A",,"A",,"R",60,"A",,"A",,"A",,"A",,"A",
449393, 2,"R",60,"A",,"A",,"R",60,"A",,"A",,"A",,"A",,"A",
449445, 1,"R",103,"A",,"A",,"R",103,"A",,"A",,"A",,"A",,"A",
449445, 2,"R",103,"A",,"A",,"R",103,"A",,"A",,"A",,"A",,"A",
449445, 3,"R",103,"A",,"A",,"R",103,"A",,"A",,"A",,"A",,"A",
449454, 1,"R",46,"A",,"A",,"R",46,"A",,"A",,"A",,"A",,"A",
449454, 2,"R",46,"A",,"A",,"R",46,"A",,"A",,"A",,"A",,"A",
449454, 3,"R",46,"A",,"A",,"R",46,"A",,"A",,"A",,"A",,"A",
449463, 1,"R",208,"A",,"A",,"R",208,"A",,"A",,"A",,"A",,"A",
449463, 2,"R",208,"A",,"A",,"R",208,"A",,"A",,"A",,"A",,"A",
449472, 1,"R",49,"A",,"A",,"R",49,"A",,"A",,"A",,"A",,"A",
449472, 2,"R",49,"A",,"A",,"R",49,"A",,"A",,"A",,"A",,"A",
449481, 1,"R",52,"A",,"A",,"R",52,"A",,"A",,"A",,"A",,"A",
449481,12,"R",52,"A",,"A",,"R",52,"A",,"A",,"A",,"A",,"A",
449490, 1,"R",71,"A",,"A",,"R",71,"A",,"A",,"A",,"A",,"A",
449490, 2,"R",71,"A",,"A",,"R",71,"A",,"A",,"A",,"A",,"A",
449506, 1,"R",145,"Z",0,"R",67,"R",78,"A",,"A",,"A",,"A",,"A",
449506, 2,"R",145,"Z",0,"R",67,"R",78,"A",,"A",,"A",,"A",,"A",
449506, 3,"R",145,"Z",0,"R",67,"R",78,"A",,"A",,"A",,"A",,"A",
449524, 1,"R",135,"R",0,"R",135,"R",0,"A",,"A",,"A",,"A",,"A",
449524, 2,"R",135,"R",0,"R",135,"R",0,"A",,"A",,"A",,"A",,"A",
449524, 3,"R",135,"R",0,"R",135,"R",0,"A",,"A",,"A",,"A",,"A",
449533, 1,"R",25,"A",,"A",,"R",25,"A",,"A",,"A",,"A",,"A",
449533, 2,"R",25,"A",,"A",,"R",25,"A",,"A",,"A",,"A",,"A",
449597, 1,"R",9,"A",,"A",,"R",9,"A",,"A",,"A",,"A",,"A",
449597, 2,"R",9,"A",,"A",,"R",9,"A",,"A",,"A",,"A",,"A",
449603, 1,"R",155,"A",,"A",,"R",155,"A",,"A",,"A",,"A",,"A",
449603, 2,"R",155,"A",,"A",,"R",155,"A",,"A",,"A",,"A",,"A",
449612, 1,"R",125,"A",,"A",,"R",125,"A",,"A",,"A",,"A",,"A",
449612, 2,"R",125,"A",,"A",,"R",125,"A",,"A",,"A",,"A",,"A",
449612, 3,"R",125,"A",,"A",,"R",125,"A",,"A",,"A",,"A",,"A",
449658, 1,"R",106,"A",,"A",,"R",106,"A",,"A",,"A",,"A",,"A",
449658, 2,"R",106,"A",,"A",,"R",106,"A",,"A",,"A",,"A",,"A",
449658, 3,"R",106,"A",,"A",,"R",106,"A",,"A",,"A",,"A",,"A",
449667, 1,"R",38,"A",,"A",,"R",38,"A",,"A",,"A",,"A",,"A",
449667, 2,"R",38,"A",,"A",,"R",38,"A",,"A",,"A",,"A",,"A",
449676, 1,"R",247,"A",,"A",,"R",247,"A",,"A",,"A",,"A",,"A",
449676, 2,"R",247,"A",,"A",,"R",247,"A",,"A",,"A",,"A",,"A",
449685, 1,"R",178,"A",,"A",,"R",178,"A",,"A",,"A",,"A",,"A",
449685, 2,"R",178,"A",,"A",,"R",178,"A",,"A",,"A",,"A",,"A",
449700, 1,"R",249,"A",,"A",,"R",249,"A",,"A",,"A",,"A",,"A",
449700, 2,"R",249,"A",,"A",,"R",249,"A",,"A",,"A",,"A",,"A",
449719, 1,"R",127,"A",,"A",,"R",127,"A",,"A",,"A",,"A",,"A",
449719, 2,"R",127,"A",,"A",,"R",127,"A",,"A",,"A",,"A",,"A",
449728, 1,"R",85,"A",,"A",,"R",85,"A",,"A",,"A",,"A",,"A",
449728, 2,"R",85,"A",,"A",,"R",85,"A",,"A",,"A",,"A",,"A",
449764, 1,"R",172,"R",6,"R",0,"R",166,"R",0,"R",6,"R",0,"R",0,"R",0
449764, 2,"R",165,"R",2,"R",0,"R",163,"R",0,"R",2,"R",0,"R",0,"R",0
449764, 3,"R",165,"R",2,"R",0,"R",163,"R",0,"R",2,"R",0,"R",0,"R",0
449764,12,"R",7,"R",4,"R",0,"R",3,"R",0,"R",4,"R",0,"R",0,"R",0
449773, 1,"R",217,"A",,"A",,"R",217,"A",,"A",,"A",,"A",,"A",
449773, 2,"R",217,"A",,"A",,"R",217,"A",,"A",,"A",,"A",,"A",
449782, 1,"R",56,"A",,"A",,"R",56,"A",,"A",,"A",,"A",,"A",
449782, 2,"R",56,"A",,"A",,"R",56,"A",,"A",,"A",,"A",,"A",
449807, 1,"R",89,"A",,"A",,"R",89,"A",,"A",,"A",,"A",,"A",
449807, 2,"R",89,"A",,"A",,"R",89,"A",,"A",,"A",,"A",,"A",
449816, 1,"R",574,"A",,"A",,"R",574,"A",,"A",,"A",,"A",,"A",
449816, 2,"R",574,"A",,"A",,"R",574,"A",,"A",,"A",,"A",,"A",
449816, 3,"R",321,"A",,"A",,"R",321,"A",,"A",,"A",,"A",,"A",
449816,11,"R",253,"A",,"A",,"R",253,"A",,"A",,"A",,"A",,"A",
449834, 1,"R",29,"R",11,"R",1,"R",17,"R",4,"R",4,"R",0,"R",3,"R",0
449834,12,"R",29,"R",11,"R",1,"R",17,"R",4,"R",4,"R",0,"R",3,"R",0
449861, 1,"R",156,"A",,"A",,"R",156,"A",,"A",,"A",,"A",,"A",
449861, 2,"R",156,"A",,"A",,"R",156,"A",,"A",,"A",,"A",,"A",
449861, 3,"R",156,"A",,"A",,"R",156,"A",,"A",,"A",,"A",,"A",
449870, 1,"R",291,"A",,"A",,"R",291,"A",,"A",,"A",,"A",,"A",
449870, 2,"R",140,"A",,"A",,"R",140,"A",,"A",,"A",,"A",,"A",
449870, 3,"R",136,"A",,"A",,"R",136,"A",,"A",,"A",,"A",,"A",
449870,11,"R",4,"A",,"A",,"R",4,"A",,"A",,"A",,"A",,"A",
449870,12,"R",151,"A",,"A",,"R",151,"A",,"A",,"A",,"A",,"A",
449889, 1,"R",5503,"R",5503,"A",,"A",,"R",159,"R",5304,"R",6,"R",11,"R",23
449889, 2,"R",43,"R",43,"A",,"A",,"R",6,"R",37,"R",0,"R",0,"R",0
449889, 3,"R",43,"R",43,"A",,"A",,"R",6,"R",37,"R",0,"R",0,"R",0
449889,12,"R",5460,"R",5460,"A",,"A",,"R",153,"R",5267,"R",6,"R",11,"R",23
449898, 1,"R",880,"Z",0,"R",318,"R",562,"A",,"A",,"A",,"A",,"A",
449898, 2,"R",541,"Z",0,"R",277,"R",264,"A",,"A",,"A",,"A",,"A",
449898, 3,"R",541,"Z",0,"R",277,"R",264,"A",,"A",,"A",,"A",,"A",
449898,12,"R",339,"Z",0,"R",41,"R",298,"A",,"A",,"A",,"A",,"A",
449904, 1,"R",111,"A",,"A",,"R",111,"A",,"A",,"A",,"A",,"A",
449904, 2,"R",111,"A",,"A",,"R",111,"A",,"A",,"A",,"A",,"A",
449922, 1,"R",221,"A",,"A",,"R",221,"A",,"A",,"A",,"A",,"A",
449922,12,"R",221,"A",,"A",,"R",221,"A",,"A",,"A",,"A",,"A",
449931, 1,"R",612,"R",548,"R",22,"R",42,"R",467,"R",81,"R",0,"R",0,"R",0
449931, 2,"R",292,"R",269,"R",17,"R",6,"R",245,"R",24,"R",0,"R",0,"R",0
449931, 3,"R",292,"R",269,"R",17,"R",6,"R",245,"R",24,"R",0,"R",0,"R",0
449931,12,"R",320,"R",279,"R",5,"R",36,"R",222,"R",57,"R",0,"R",0,"R",0
449959, 1,"R",218,"A",,"A",,"R",218,"A",,"A",,"A",,"A",,"A",
449959, 2,"R",218,"A",,"A",,"R",218,"A",,"A",,"A",,"A",,"A",
449968, 1,"R",254,"A",,"A",,"R",254,"A",,"A",,"A",,"A",,"A",
449968, 2,"R",254,"A",,"A",,"R",254,"A",,"A",,"A",,"A",,"A",
449977, 1,"R",183,"A",,"A",,"R",183,"A",,"A",,"A",,"A",,"A",
449977, 2,"R",183,"A",,"A",,"R",183,"A",,"A",,"A",,"A",,"A",
449986, 1,"R",276,"A",,"A",,"R",276,"A",,"A",,"A",,"A",,"A",
449986, 2,"R",276,"A",,"A",,"R",276,"A",,"A",,"A",,"A",,"A",
449995, 1,"R",189,"A",,"A",,"R",189,"A",,"A",,"A",,"A",,"A",
449995, 2,"R",189,"A",,"A",,"R",189,"A",,"A",,"A",,"A",,"A",
450021, 1,"R",230,"A",,"A",,"R",230,"A",,"A",,"A",,"A",,"A",
450021, 2,"R",230,"A",,"A",,"R",230,"A",,"A",,"A",,"A",,"A",
450058, 1,"R",896,"R",0,"R",630,"R",266,"A",,"A",,"A",,"A",,"A",
450058, 2,"R",896,"R",0,"R",630,"R",266,"A",,"A",,"A",,"A",,"A",
450058, 3,"R",896,"R",0,"R",630,"R",266,"A",,"A",,"A",,"A",,"A",
450067, 1,"R",393,"R",0,"R",188,"R",205,"A",,"A",,"A",,"A",,"A",
450067, 2,"R",393,"R",0,"R",188,"R",205,"A",,"A",,"A",,"A",,"A",
450067, 3,"R",393,"R",0,"R",188,"R",205,"A",,"A",,"A",,"A",,"A",
450119, 1,"R",197,"A",,"A",,"R",197,"A",,"A",,"A",,"A",,"A",
450119, 2,"R",197,"A",,"A",,"R",197,"A",,"A",,"A",,"A",,"A",
450128, 1,"R",459,"R",150,"R",0,"R",309,"R",110,"R",40,"R",0,"R",0,"R",0
450128, 2,"R",459,"R",150,"R",0,"R",309,"R",110,"R",40,"R",0,"R",0,"R",0
450128, 3,"R",459,"R",150,"R",0,"R",309,"R",110,"R",40,"R",0,"R",0,"R",0
450182, 1,"R",126,"A",,"A",,"R",126,"A",,"A",,"A",,"A",,"A",
450182, 2,"R",126,"A",,"A",,"R",126,"A",,"A",,"A",,"A",,"A",
450298, 1,"R",351,"R",329,"R",22,"R",0,"R",227,"R",102,"R",0,"R",0,"R",0
450298, 2,"R",292,"R",271,"R",21,"R",0,"R",195,"R",76,"R",0,"R",0,"R",0
450298, 3,"R",291,"R",270,"R",21,"R",0,"R",195,"R",75,"R",0,"R",0,"R",0
450298,11,"R",1,"R",1,"R",0,"R",0,"R",0,"R",1,"R",0,"R",0,"R",0
450298,12,"R",59,"R",58,"R",1,"R",0,"R",32,"R",26,"R",0,"R",0,"R",0
450304, 1,"R",195,"A",,"A",,"R",195,"A",,"A",,"A",,"A",,"A",
450304,12,"R",195,"A",,"A",,"R",195,"A",,"A",,"A",,"A",,"A",
450377, 1,"R",1234,"R",1187,"R",47,"R",0,"R",1146,"R",41,"Z",0,"Z",0,"R",0
450377, 2,"R",957,"R",910,"R",47,"R",0,"R",877,"R",33,"Z",0,"Z",0,"R",0
450377, 3,"R",957,"R",910,"R",47,"R",0,"R",877,"R",33,"Z",0,"Z",0,"R",0
450377,12,"R",277,"R",277,"R",0,"R",0,"R",269,"R",8,"Z",0,"Z",0,"R",0
450395, 1,"R",128,"A",,"A",,"R",128,"A",,"A",,"A",,"A",,"A",
450395, 2,"R",128,"A",,"A",,"R",128,"A",,"A",,"A",,"A",,"A",
450401, 1,"R",348,"R",27,"R",0,"R",321,"R",27,"R",0,"R",0,"R",0,"R",0
450401, 2,"R",348,"R",27,"R",0,"R",321,"R",27,"R",0,"R",0,"R",0,"R",0
450483, 1,"R",18,"R",11,"R",4,"R",3,"R",5,"R",6,"R",0,"R",0,"R",0
450483, 2,"R",18,"R",11,"R",4,"R",3,"R",5,"R",6,"R",0,"R",0,"R",0
450483, 3,"R",18,"R",11,"R",4,"R",3,"R",5,"R",6,"R",0,"R",0,"R",0
450571, 1,"R",653,"R",372,"R",240,"R",41,"R",359,"R",13,"R",0,"R",0,"R",0
450571, 2,"R",650,"R",369,"R",240,"R",41,"R",356,"R",13,"R",0,"R",0,"R",0
450571, 3,"R",645,"R",364,"R",240,"R",41,"R",351,"R",13,"R",0,"R",0,"R",0
450571,11,"R",5,"R",5,"R",0,"R",0,"R",5,"R",0,"R",0,"R",0,"R",0
450571,12,"R",3,"R",3,"R",0,"R",0,"R",3,"R",0,"R",0,"R",0,"R",0
450599, 1,"R",59,"A",,"A",,"R",59,"A",,"A",,"A",,"A",,"A",
450599, 2,"R",59,"A",,"A",,"R",59,"A",,"A",,"A",,"A",,"A",
450605, 1,"R",79,"A",,"A",,"R",79,"A",,"A",,"A",,"A",,"A",
450605, 2,"R",79,"A",,"A",,"R",79,"A",,"A",,"A",,"A",,"A",
450614, 1,"R",89,"A",,"A",,"R",89,"A",,"A",,"A",,"A",,"A",
450614, 2,"R",89,"A",,"A",,"R",89,"A",,"A",,"A",,"A",,"A",
450632, 1,"R",150,"R",0,"R",14,"R",136,"A",,"A",,"A",,"A",,"A",
450632, 2,"R",150,"R",0,"R",14,"R",136,"A",,"A",,"A",,"A",,"A",
450641, 1,"R",183,"A",,"A",,"R",183,"A",,"A",,"A",,"A",,"A",
450641, 2,"R",183,"A",,"A",,"R",183,"A",,"A",,"A",,"A",,"A",
450650, 1,"R",204,"A",,"A",,"R",204,"A",,"A",,"A",,"A",,"A",
450650, 2,"R",204,"A",,"A",,"R",204,"A",,"A",,"A",,"A",,"A",
450696, 1,"R",367,"Z",0,"R",128,"R",239,"A",,"A",,"A",,"A",,"A",
450696, 2,"R",367,"Z",0,"R",128,"R",239,"A",,"A",,"A",,"A",,"A",
450696, 3,"R",367,"Z",0,"R",128,"R",239,"A",,"A",,"A",,"A",,"A",
450702, 1,"R",248,"Z",0,"R",128,"R",120,"A",,"A",,"A",,"A",,"A",
450702, 2,"R",248,"Z",0,"R",128,"R",120,"A",,"A",,"A",,"A",,"A",
450702, 3,"R",248,"Z",0,"R",128,"R",120,"A",,"A",,"A",,"A",,"A",
450711, 1,"R",92,"A",,"A",,"R",92,"A",,"A",,"A",,"A",,"A",
450711, 2,"R",92,"A",,"A",,"R",92,"A",,"A",,"A",,"A",,"A",
450720, 1,"R",429,"A",,"A",,"R",429,"A",,"A",,"A",,"A",,"A",
450720, 2,"R",429,"A",,"A",,"R",429,"A",,"A",,"A",,"A",,"A",
450933, 1,"R",21104,"R",21104,"A",,"A",,"R",1408,"R",19240,"R",2,"R",454,"R",0
450933, 2,"R",15245,"R",15245,"A",,"A",,"R",961,"R",14163,"R",2,"R",119,"R",0
450933, 3,"R",15159,"R",15159,"A",,"A",,"R",956,"R",14083,"R",2,"R",118,"R",0
450933,11,"R",86,"R",86,"A",,"A",,"R",5,"R",80,"R",0,"R",1,"R",0
450933,12,"R",5859,"R",5859,"A",,"A",,"R",447,"R",5077,"R",0,"R",335,"R",0
450951, 1,"R",113,"A",,"A",,"R",113,"A",,"A",,"A",,"A",,"A",
450951, 2,"R",113,"A",,"A",,"R",113,"A",,"A",,"A",,"A",,"A",
450960, 1,"R",334,"R",0,"R",11,"R",323,"A",,"A",,"A",,"A",,"A",
450960, 2,"R",334,"R",0,"R",11,"R",323,"A",,"A",,"A",,"A",,"A",
450960, 3,"R",334,"R",0,"R",11,"R",323,"A",,"A",,"A",,"A",,"A",
450979, 1,"R",6861,"R",6861,"A",,"A",,"R",949,"R",5831,"R",7,"R",72,"R",2
450979, 2,"R",4409,"R",4409,"A",,"A",,"R",636,"R",3725,"R",5,"R",43,"R",0
450979, 3,"R",3971,"R",3971,"A",,"A",,"R",521,"R",3411,"R",2,"R",37,"R",0
450979,11,"R",438,"R",438,"A",,"A",,"R",115,"R",314,"R",3,"R",6,"R",0
450979,12,"R",2452,"R",2452,"A",,"A",,"R",313,"R",2106,"R",2,"R",29,"R",2
450988, 1,"R",196,"A",,"A",,"R",196,"A",,"A",,"A",,"A",,"A",
450988, 2,"R",196,"A",,"A",,"R",196,"A",,"A",,"A",,"A",,"A",
451006, 1,"R",43,"A",,"A",,"R",43,"A",,"A",,"A",,"A",,"A",
451006, 2,"R",43,"A",,"A",,"R",43,"A",,"A",,"A",,"A",,"A",
451006, 3,"R",38,"A",,"A",,"R",38,"A",,"A",,"A",,"A",,"A",
451006,11,"R",5,"A",,"A",,"R",5,"A",,"A",,"A",,"A",,"A",
451033, 1,"R",9,"A",,"A",,"R",9,"A",,"A",,"A",,"A",,"A",
451033, 2,"R",9,"A",,"A",,"R",9,"A",,"A",,"A",,"A",,"A",
451042, 1,"R",43,"A",,"A",,"R",43,"A",,"A",,"A",,"A",,"A",
451042, 2,"R",43,"A",,"A",,"R",43,"A",,"A",,"A",,"A",,"A",
451051, 1,"R",83,"A",,"A",,"R",83,"A",,"A",,"A",,"A",,"A",
451051, 2,"R",83,"A",,"A",,"R",83,"A",,"A",,"A",,"A",,"A",
451079, 1,"R",59,"A",,"A",,"R",59,"A",,"A",,"A",,"A",,"A",
451079,12,"R",59,"A",,"A",,"R",59,"A",,"A",,"A",,"A",,"A",
451097, 1,"R",46,"A",,"A",,"R",46,"A",,"A",,"A",,"A",,"A",
451097, 2,"R",46,"A",,"A",,"R",46,"A",,"A",,"A",,"A",,"A",
451103, 1,"R",676,"A",,"A",,"R",676,"A",,"A",,"A",,"A",,"A",
451103, 2,"R",346,"A",,"A",,"R",346,"A",,"A",,"A",,"A",,"A",
451103, 3,"R",346,"A",,"A",,"R",346,"A",,"A",,"A",,"A",,"A",
451103,12,"R",330,"A",,"A",,"R",330,"A",,"A",,"A",,"A",,"A",
451121, 1,"R",131,"A",,"A",,"R",131,"A",,"A",,"A",,"A",,"A",
451121, 2,"R",131,"A",,"A",,"R",131,"A",,"A",,"A",,"A",,"A",
451149, 1,"R",379,"A",,"A",,"R",379,"A",,"A",,"A",,"A",,"A",
451149, 2,"R",379,"A",,"A",,"R",379,"A",,"A",,"A",,"A",,"A",
451158, 1,"R",484,"A",,"A",,"R",484,"A",,"A",,"A",,"A",,"A",
451158, 2,"R",484,"A",,"A",,"R",484,"A",,"A",,"A",,"A",,"A",
451167, 1,"R",140,"A",,"A",,"R",140,"A",,"A",,"A",,"A",,"A",
451167, 2,"R",140,"A",,"A",,"R",140,"A",,"A",,"A",,"A",,"A",
451194, 1,"R",28,"A",,"A",,"R",28,"A",,"A",,"A",,"A",,"A",
451194, 2,"R",28,"A",,"A",,"R",28,"A",,"A",,"A",,"A",,"A",
451228, 1,"R",257,"R",29,"R",0,"R",228,"R",29,"R",0,"R",0,"R",0,"R",0
451228, 2,"R",257,"R",29,"R",0,"R",228,"R",29,"R",0,"R",0,"R",0,"R",0
451237, 1,"R",167,"A",,"A",,"R",167,"A",,"A",,"A",,"A",,"A",
451237, 2,"R",167,"A",,"A",,"R",167,"A",,"A",,"A",,"A",,"A",
451255, 1,"R",13,"A",,"A",,"R",13,"A",,"A",,"A",,"A",,"A",
451255, 2,"R",13,"A",,"A",,"R",13,"A",,"A",,"A",,"A",,"A",
451264, 1,"R",130,"A",,"A",,"R",130,"A",,"A",,"A",,"A",,"A",
451264, 2,"R",130,"A",,"A",,"R",130,"A",,"A",,"A",,"A",,"A",
451282, 1,"R",93,"A",,"A",,"R",93,"A",,"A",,"A",,"A",,"A",
451282, 2,"R",93,"A",,"A",,"R",93,"A",,"A",,"A",,"A",,"A",
451291, 1,"R",24,"R",0,"R",24,"R",0,"A",,"A",,"A",,"A",,"A",
451291, 2,"R",24,"R",0,"R",24,"R",0,"A",,"A",,"A",,"A",,"A",
451334, 1,"R",242,"A",,"A",,"R",242,"A",,"A",,"A",,"A",,"A",
451334, 2,"R",242,"A",,"A",,"R",242,"A",,"A",,"A",,"A",,"A",
451343, 1,"R",114,"A",,"A",,"R",114,"A",,"A",,"A",,"A",,"A",
451343, 2,"R",114,"A",,"A",,"R",114,"A",,"A",,"A",,"A",,"A",
451352, 1,"R",230,"A",,"A",,"R",230,"A",,"A",,"A",,"A",,"A",
451352, 2,"R",230,"A",,"A",,"R",230,"A",,"A",,"A",,"A",,"A",
451370, 1,"R",61,"A",,"A",,"R",61,"A",,"A",,"A",,"A",,"A",
451370, 2,"R",61,"A",,"A",,"R",61,"A",,"A",,"A",,"A",,"A",
451370, 3,"R",61,"A",,"A",,"R",61,"A",,"A",,"A",,"A",,"A",
451398, 1,"R",240,"A",,"A",,"R",240,"A",,"A",,"A",,"A",,"A",
451398, 2,"R",240,"A",,"A",,"R",240,"A",,"A",,"A",,"A",,"A",
451398, 3,"R",240,"A",,"A",,"R",240,"A",,"A",,"A",,"A",,"A",
451404, 1,"R",395,"A",,"A",,"R",395,"A",,"A",,"A",,"A",,"A",
451404, 2,"R",395,"A",,"A",,"R",395,"A",,"A",,"A",,"A",,"A",
451404, 3,"R",395,"A",,"A",,"R",395,"A",,"A",,"A",,"A",,"A",
451413, 1,"R",434,"A",,"A",,"R",434,"A",,"A",,"A",,"A",,"A",
451413, 2,"R",434,"A",,"A",,"R",434,"A",,"A",,"A",,"A",,"A",
451459, 1,"R",77,"A",,"A",,"R",77,"A",,"A",,"A",,"A",,"A",
451459, 2,"R",77,"A",,"A",,"R",77,"A",,"A",,"A",,"A",,"A",
451459, 3,"R",77,"A",,"A",,"R",77,"A",,"A",,"A",,"A",,"A",
451468, 1,"R",261,"A",,"A",,"R",261,"A",,"A",,"A",,"A",,"A",
451468, 2,"R",261,"A",,"A",,"R",261,"A",,"A",,"A",,"A",,"A",
451477, 1,"R",1223,"R",1019,"R",0,"R",204,"R",128,"R",891,"R",0,"R",0,"R",0
451477, 2,"R",1223,"R",1019,"R",0,"R",204,"R",128,"R",891,"R",0,"R",0,"R",0
451477, 3,"R",1223,"R",1019,"R",0,"R",204,"R",128,"R",891,"R",0,"R",0,"R",0
451495, 1,"R",73,"A",,"A",,"R",73,"A",,"A",,"A",,"A",,"A",
451495, 2,"R",73,"A",,"A",,"R",73,"A",,"A",,"A",,"A",,"A",
451501, 1,"R",240,"A",,"A",,"R",240,"A",,"A",,"A",,"A",,"A",
451501, 2,"R",240,"A",,"A",,"R",240,"A",,"A",,"A",,"A",,"A",
451510, 1,"R",627,"A",,"A",,"R",627,"A",,"A",,"A",,"A",,"A",
451510,12,"R",627,"A",,"A",,"R",627,"A",,"A",,"A",,"A",,"A",
451529, 1,"R",70,"A",,"A",,"R",70,"A",,"A",,"A",,"A",,"A",
451529, 2,"R",70,"A",,"A",,"R",70,"A",,"A",,"A",,"A",,"A",
451538, 1,"R",129,"A",,"A",,"R",129,"A",,"A",,"A",,"A",,"A",
451538, 2,"R",129,"A",,"A",,"R",129,"A",,"A",,"A",,"A",,"A",
451547, 1,"R",28,"A",,"A",,"R",28,"A",,"A",,"A",,"A",,"A",
451547, 2,"R",28,"A",,"A",,"R",28,"A",,"A",,"A",,"A",,"A",
451556, 1,"R",1481,"R",18,"R",0,"R",1463,"R",17,"R",1,"Z",0,"Z",0,"R",0
451556, 2,"R",1481,"R",18,"R",0,"R",1463,"R",17,"R",1,"Z",0,"Z",0,"R",0
451556, 3,"R",1481,"R",18,"R",0,"R",1463,"R",17,"R",1,"Z",0,"Z",0,"R",0
451565, 1,"R",140,"A",,"A",,"R",140,"A",,"A",,"A",,"A",,"A",
451565, 2,"R",140,"A",,"A",,"R",140,"A",,"A",,"A",,"A",,"A",
451574, 1,"R",120,"A",,"A",,"R",120,"A",,"A",,"A",,"A",,"A",
451574, 2,"R",120,"A",,"A",,"R",120,"A",,"A",,"A",,"A",,"A",
451583, 1,"R",693,"A",,"A",,"R",693,"A",,"A",,"A",,"A",,"A",
451583, 2,"R",693,"A",,"A",,"R",693,"A",,"A",,"A",,"A",,"A",
451583, 3,"R",689,"A",,"A",,"R",689,"A",,"A",,"A",,"A",,"A",
451583,11,"R",4,"A",,"A",,"R",4,"A",,"A",,"A",,"A",,"A",
451626, 1,"R",75,"A",,"A",,"R",75,"A",,"A",,"A",,"A",,"A",
451626, 2,"R",75,"A",,"A",,"R",75,"A",,"A",,"A",,"A",,"A",
451635, 1,"R",29,"A",,"A",,"R",29,"A",,"A",,"A",,"A",,"A",
451635, 2,"R",29,"A",,"A",,"R",29,"A",,"A",,"A",,"A",,"A",
451671, 1,"R",2069,"R",651,"R",953,"R",465,"R",628,"R",20,"R",0,"R",0,"R",3
451671, 2,"R",1917,"R",617,"R",910,"R",390,"R",595,"R",19,"R",0,"R",0,"R",3
451671, 3,"R",1834,"R",600,"R",908,"R",326,"R",582,"R",17,"R",0,"R",0,"R",1
451671,11,"R",83,"R",17,"R",2,"R",64,"R",13,"R",2,"R",0,"R",0,"R",2
451671,12,"R",152,"R",34,"R",43,"R",75,"R",33,"R",1,"R",0,"R",0,"R",0
451714, 1,"R",272,"A",,"A",,"R",272,"A",,"A",,"A",,"A",,"A",
451714, 2,"R",272,"A",,"A",,"R",272,"A",,"A",,"A",,"A",,"A",
451741, 1,"R",217,"A",,"A",,"R",217,"A",,"A",,"A",,"A",,"A",
451741, 2,"R",217,"A",,"A",,"R",217,"A",,"A",,"A",,"A",,"A",
451741, 3,"R",217,"A",,"A",,"R",217,"A",,"A",,"A",,"A",,"A",
451750, 1,"R",797,"R",13,"R",279,"R",505,"R",12,"R",0,"R",0,"R",0,"R",1
451750, 2,"R",797,"R",13,"R",279,"R",505,"R",12,"R",0,"R",0,"R",0,"R",1
451750, 3,"R",797,"R",13,"R",279,"R",505,"R",12,"R",0,"R",0,"R",0,"R",1
451820, 1,"R",546,"Z",0,"R",203,"R",343,"A",,"A",,"A",,"A",,"A",
451820, 2,"R",546,"Z",0,"R",203,"R",343,"A",,"A",,"A",,"A",,"A",
451820, 3,"R",527,"Z",0,"R",203,"R",324,"A",,"A",,"A",,"A",,"A",
451820,11,"R",19,"Z",0,"Z",0,"R",19,"A",,"A",,"A",,"A",,"A",
451857, 1,"R",324,"Z",0,"R",324,"R",0,"A",,"A",,"A",,"A",,"A",
451857, 2,"R",324,"Z",0,"R",324,"R",0,"A",,"A",,"A",,"A",,"A",
451857, 3,"R",324,"Z",0,"R",324,"R",0,"A",,"A",,"A",,"A",,"A",
451866, 1,"R",301,"Z",0,"R",298,"R",3,"A",,"A",,"A",,"A",,"A",
451866, 2,"R",301,"Z",0,"R",298,"R",3,"A",,"A",,"A",,"A",,"A",
451866, 3,"R",301,"Z",0,"R",298,"R",3,"A",,"A",,"A",,"A",,"A",
451875, 1,"R",129,"R",73,"R",19,"R",37,"R",70,"R",3,"Z",0,"Z",0,"R",0
451875, 2,"R",129,"R",73,"R",19,"R",37,"R",70,"R",3,"Z",0,"Z",0,"R",0
451875, 3,"R",129,"R",73,"R",19,"R",37,"R",70,"R",3,"Z",0,"Z",0,"R",0
451884, 1,"R",95,"R",73,"R",17,"R",5,"R",66,"R",7,"Z",0,"Z",0,"R",0
451884, 2,"R",95,"R",73,"R",17,"R",5,"R",66,"R",7,"Z",0,"Z",0,"R",0
451884, 3,"R",95,"R",73,"R",17,"R",5,"R",66,"R",7,"Z",0,"Z",0,"R",0
451909, 1,"R",541,"A",,"A",,"R",541,"A",,"A",,"A",,"A",,"A",
451909, 2,"R",541,"A",,"A",,"R",541,"A",,"A",,"A",,"A",,"A",
451909, 3,"R",541,"A",,"A",,"R",541,"A",,"A",,"A",,"A",,"A",
451918, 1,"R",85,"A",,"A",,"R",85,"A",,"A",,"A",,"A",,"A",
451918, 2,"R",85,"A",,"A",,"R",85,"A",,"A",,"A",,"A",,"A",
452009, 1,"R",55,"A",,"A",,"R",55,"A",,"A",,"A",,"A",,"A",
452009, 2,"R",55,"A",,"A",,"R",55,"A",,"A",,"A",,"A",,"A",
452072, 1,"R",93,"A",,"A",,"R",93,"A",,"A",,"A",,"A",,"A",
452072, 2,"R",93,"A",,"A",,"R",93,"A",,"A",,"A",,"A",,"A",
452081, 1,"R",587,"R",391,"R",0,"R",196,"R",80,"R",311,"R",0,"R",0,"R",0
452081, 2,"R",587,"R",391,"R",0,"R",196,"R",80,"R",311,"R",0,"R",0,"R",0
452081, 3,"R",587,"R",391,"R",0,"R",196,"R",80,"R",311,"R",0,"R",0,"R",0
452106, 1,"R",103,"A",,"A",,"R",103,"A",,"A",,"A",,"A",,"A",
452106, 2,"R",103,"A",,"A",,"R",103,"A",,"A",,"A",,"A",,"A",
452106, 3,"R",103,"A",,"A",,"R",103,"A",,"A",,"A",,"A",,"A",
452124, 1,"R",379,"R",0,"R",125,"R",254,"A",,"A",,"A",,"A",,"A",
452124, 2,"R",379,"R",0,"R",125,"R",254,"A",,"A",,"A",,"A",,"A",
452124, 3,"R",379,"R",0,"R",125,"R",254,"A",,"A",,"A",,"A",,"A",
452373, 1,"R",277,"R",0,"R",103,"R",174,"A",,"A",,"A",,"A",,"A",
452373, 2,"R",277,"R",0,"R",103,"R",174,"A",,"A",,"A",,"A",,"A",
452373, 3,"R",277,"R",0,"R",103,"R",174,"A",,"A",,"A",,"A",,"A",
452540, 1,"R",1,"A",,"A",,"R",1,"A",,"A",,"A",,"A",,"A",
452540, 2,"R",1,"A",,"A",,"R",1,"A",,"A",,"A",,"A",,"A",
452771, 1,"R",14,"A",,"A",,"R",14,"A",,"A",,"A",,"A",,"A",
452771, 2,"R",14,"A",,"A",,"R",14,"A",,"A",,"A",,"A",,"A",
452780, 1,"R",19,"A",,"A",,"R",19,"A",,"A",,"A",,"A",,"A",
452780, 2,"R",19,"A",,"A",,"R",19,"A",,"A",,"A",,"A",,"A",
452887, 1,"R",81,"A",,"A",,"R",81,"A",,"A",,"A",,"A",,"A",
452887, 2,"R",81,"A",,"A",,"R",81,"A",,"A",,"A",,"A",,"A",
452948, 1,"R",574,"R",0,"R",378,"R",196,"A",,"A",,"A",,"A",,"A",
452948, 2,"R",574,"R",0,"R",378,"R",196,"A",,"A",,"A",,"A",,"A",
452948, 3,"R",574,"R",0,"R",378,"R",196,"A",,"A",,"A",,"A",,"A",
453109, 1,"R",5,"R",0,"R",0,"R",5,"A",,"A",,"A",,"A",,"A",
453109, 2,"R",5,"R",0,"R",0,"R",5,"A",,"A",,"A",,"A",,"A",
453109,11,"R",5,"R",0,"R",0,"R",5,"A",,"A",,"A",,"A",,"A",
453163, 1,"R",5703,"R",5314,"R",322,"R",67,"R",4924,"R",388,"R",2,"Z",0,"R",0
453163, 2,"R",4605,"R",4250,"R",301,"R",54,"R",3928,"R",320,"R",2,"Z",0,"R",0
453163, 3,"R",4604,"R",4249,"R",301,"R",54,"R",3927,"R",320,"R",2,"Z",0,"R",0
453163,11,"R",1,"R",1,"R",0,"R",0,"R",1,"R",0,"Z",0,"Z",0,"R",0
453163,12,"R",1098,"R",1064,"R",21,"R",13,"R",996,"R",68,"Z",0,"Z",0,"R",0
453215, 1,"R",960,"R",915,"R",42,"R",3,"R",827,"R",88,"Z",0,"Z",0,"R",0
453215, 2,"R",851,"R",808,"R",40,"R",3,"R",734,"R",74,"Z",0,"Z",0,"R",0
453215, 3,"R",849,"R",806,"R",40,"R",3,"R",732,"R",74,"Z",0,"Z",0,"R",0
453215,11,"R",2,"R",2,"R",0,"R",0,"R",2,"R",0,"Z",0,"Z",0,"R",0
453215,12,"R",109,"R",107,"R",2,"R",0,"R",93,"R",14,"Z",0,"Z",0,"R",0
453297, 1,"R",22,"A",,"A",,"R",22,"A",,"A",,"A",,"A",,"A",
453297, 2,"R",22,"A",,"A",,"R",22,"A",,"A",,"A",,"A",,"A",
453756, 1,"R",182,"R",0,"R",182,"R",0,"A",,"A",,"A",,"A",,"A",
453756, 2,"R",182,"R",0,"R",182,"R",0,"A",,"A",,"A",,"A",,"A",
453792, 1,"R",94,"A",,"A",,"R",94,"A",,"A",,"A",,"A",,"A",
453792, 2,"R",94,"A",,"A",,"R",94,"A",,"A",,"A",,"A",,"A",
454184, 1,"R",554,"R",14,"R",56,"R",484,"R",2,"R",12,"Z",0,"Z",0,"R",0
454184, 2,"R",554,"R",14,"R",56,"R",484,"R",2,"R",12,"Z",0,"Z",0,"R",0
454184, 3,"R",529,"R",7,"R",56,"R",466,"R",1,"R",6,"Z",0,"Z",0,"R",0
454184,11,"R",25,"R",7,"Z",0,"R",18,"R",1,"R",6,"Z",0,"Z",0,"R",0
454227, 1,"R",27629,"R",25033,"R",1317,"R",1279,"R",2161,"R",22821,"R",12,"R",33,"R",6
454227, 2,"R",15090,"R",12494,"R",1317,"R",1279,"R",725,"R",11743,"R",2,"R",21,"R",3
454227, 3,"R",15087,"R",12491,"R",1317,"R",1279,"R",725,"R",11740,"R",2,"R",21,"R",3
454227,11,"R",3,"R",3,"R",0,"R",0,"R",0,"R",3,"R",0,"R",0,"R",0
454227,12,"R",12539,"R",12539,"R",0,"R",0,"R",1436,"R",11078,"R",10,"R",12,"R",3
454236, 1,"R",557,"R",6,"R",317,"R",234,"R",6,"R",0,"R",0,"R",0,"R",0
454236, 2,"R",557,"R",6,"R",317,"R",234,"R",6,"R",0,"R",0,"R",0,"R",0
454236, 3,"R",557,"R",6,"R",317,"R",234,"R",6,"R",0,"R",0,"R",0,"R",0
454245, 1,"R",692,"R",4,"R",320,"R",368,"R",4,"R",0,"R",0,"R",0,"R",0
454245, 2,"R",692,"R",4,"R",320,"R",368,"R",4,"R",0,"R",0,"R",0,"R",0
454245, 3,"R",691,"R",4,"R",320,"R",367,"R",4,"R",0,"R",0,"R",0,"R",0
454245,11,"R",1,"R",0,"R",0,"R",1,"A",,"A",,"A",,"A",,"A",
454306, 1,"R",111,"R",0,"R",1,"R",110,"A",,"A",,"A",,"A",,"A",
454306, 2,"R",111,"R",0,"R",1,"R",110,"A",,"A",,"A",,"A",,"A",
454306, 3,"R",111,"R",0,"R",1,"R",110,"A",,"A",,"A",,"A",,"A",
454458, 1,"R",56,"R",0,"R",56,"R",0,"A",,"A",,"A",,"A",,"A",
454458, 2,"R",56,"R",0,"R",56,"R",0,"A",,"A",,"A",,"A",,"A",
454458, 3,"R",56,"R",0,"R",56,"R",0,"A",,"A",,"A",,"A",,"A",
454537, 1,"R",62,"A",,"A",,"R",62,"A",,"A",,"A",,"A",,"A",
454537, 2,"R",62,"A",,"A",,"R",62,"A",,"A",,"A",,"A",,"A",
454546, 1,"R",63,"A",,"A",,"R",63,"A",,"A",,"A",,"A",,"A",
454546, 2,"R",63,"A",,"A",,"R",63,"A",,"A",,"A",,"A",,"A",
454555, 1,"R",156,"A",,"A",,"R",156,"A",,"A",,"A",,"A",,"A",
454555, 2,"R",156,"A",,"A",,"R",156,"A",,"A",,"A",,"A",,"A",
454573, 1,"R",184,"A",,"A",,"R",184,"A",,"A",,"A",,"A",,"A",
454573, 2,"R",184,"A",,"A",,"R",184,"A",,"A",,"A",,"A",,"A",
454582, 1,"R",195,"R",195,"A",,"A",,"R",6,"R",171,"R",6,"R",4,"R",8
454582, 2,"R",164,"R",164,"A",,"A",,"R",4,"R",145,"R",5,"R",3,"R",7
454582, 3,"R",160,"R",160,"A",,"A",,"R",3,"R",142,"R",5,"R",3,"R",7
454582,11,"R",4,"R",4,"A",,"A",,"R",1,"R",3,"R",0,"R",0,"R",0
454582,12,"R",31,"R",31,"A",,"A",,"R",2,"R",26,"R",1,"R",1,"R",1
454607, 1,"R",303,"A",,"A",,"R",303,"A",,"A",,"A",,"A",,"A",
454607, 2,"R",303,"A",,"A",,"R",303,"A",,"A",,"A",,"A",,"A",
454616, 1,"R",203,"R",0,"R",5,"R",198,"A",,"A",,"A",,"A",,"A",
454616, 2,"R",203,"R",0,"R",5,"R",198,"A",,"A",,"A",,"A",,"A",
454616, 3,"R",193,"R",0,"R",5,"R",188,"A",,"A",,"A",,"A",,"A",
454616,11,"R",10,"Z",0,"Z",0,"R",10,"A",,"A",,"A",,"A",,"A",
454652, 1,"R",132,"A",,"A",,"R",132,"A",,"A",,"A",,"A",,"A",
454652, 2,"R",132,"A",,"A",,"R",132,"A",,"A",,"A",,"A",,"A",
454689, 1,"R",665,"R",665,"A",,"A",,"R",8,"R",657,"Z",0,"Z",0,"R",0
454689, 2,"R",3,"R",3,"A",,"A",,"Z",0,"R",3,"Z",0,"Z",0,"R",0
454689, 3,"R",3,"R",3,"A",,"A",,"Z",0,"R",3,"Z",0,"Z",0,"R",0
454689,12,"R",662,"R",662,"A",,"A",,"R",8,"R",654,"Z",0,"Z",0,"R",0
454698, 1,"R",448,"A",,"A",,"R",448,"A",,"A",,"A",,"A",,"A",
454698, 2,"R",448,"A",,"A",,"R",448,"A",,"A",,"A",,"A",,"A",
454698, 3,"R",448,"A",,"A",,"R",448,"A",,"A",,"A",,"A",,"A",
454722, 1,"R",50,"A",,"A",,"R",50,"A",,"A",,"A",,"A",,"A",
454722, 2,"R",50,"A",,"A",,"R",50,"A",,"A",,"A",,"A",,"A",
454759, 1,"R",28,"A",,"A",,"R",28,"A",,"A",,"A",,"A",,"A",
454759, 2,"R",28,"A",,"A",,"R",28,"A",,"A",,"A",,"A",,"A",
454768, 1,"R",227,"A",,"A",,"R",227,"A",,"A",,"A",,"A",,"A",
454768, 2,"R",227,"A",,"A",,"R",227,"A",,"A",,"A",,"A",,"A",
454777, 1,"R",215,"A",,"A",,"R",215,"A",,"A",,"A",,"A",,"A",
454777, 2,"R",215,"A",,"A",,"R",215,"A",,"A",,"A",,"A",,"A",
454786, 1,"R",926,"R",344,"R",0,"R",582,"R",257,"R",87,"R",0,"R",0,"R",0
454786, 2,"R",926,"R",344,"R",0,"R",582,"R",257,"R",87,"R",0,"R",0,"R",0
454786, 3,"R",926,"R",344,"R",0,"R",582,"R",257,"R",87,"R",0,"R",0,"R",0
454795, 1,"R",288,"A",,"A",,"R",288,"A",,"A",,"A",,"A",,"A",
454795, 2,"R",288,"A",,"A",,"R",288,"A",,"A",,"A",,"A",,"A",
454801, 1,"R",102,"A",,"A",,"R",102,"A",,"A",,"A",,"A",,"A",
454801, 2,"R",102,"A",,"A",,"R",102,"A",,"A",,"A",,"A",,"A",
454810, 1,"R",2289,"R",2026,"R",0,"R",263,"R",58,"R",1960,"R",0,"R",8,"R",0
454810, 2,"R",2289,"R",2026,"R",0,"R",263,"R",58,"R",1960,"R",0,"R",8,"R",0
454810, 3,"R",2289,"R",2026,"R",0,"R",263,"R",58,"R",1960,"R",0,"R",8,"R",0
454829, 1,"R",5424,"R",5343,"R",81,"R",0,"R",185,"R",5064,"R",4,"R",90,"R",0
454829, 2,"R",3389,"R",3308,"R",81,"R",0,"R",116,"R",3169,"R",3,"R",20,"R",0
454829, 3,"R",3389,"R",3308,"R",81,"R",0,"R",116,"R",3169,"R",3,"R",20,"R",0
454829,12,"R",2035,"R",2035,"Z",0,"R",0,"R",69,"R",1895,"R",1,"R",70,"R",0
454838, 1,"R",26,"A",,"A",,"R",26,"A",,"A",,"A",,"A",,"A",
454838,12,"R",26,"A",,"A",,"R",26,"A",,"A",,"A",,"A",,"A",
454847, 1,"R",31,"A",,"A",,"R",31,"A",,"A",,"A",,"A",,"A",
454847, 2,"R",31,"A",,"A",,"R",31,"A",,"A",,"A",,"A",,"A",
454856, 1,"R",878,"R",85,"R",747,"R",46,"R",46,"R",39,"R",0,"R",0,"R",0
454856, 2,"R",845,"R",52,"R",747,"R",46,"R",16,"R",36,"R",0,"R",0,"R",0
454856, 3,"R",845,"R",52,"R",747,"R",46,"R",16,"R",36,"R",0,"R",0,"R",0
454856,12,"R",33,"R",33,"R",0,"R",0,"R",30,"R",3,"R",0,"R",0,"R",0
454865, 1,"R",463,"R",3,"R",420,"R",40,"R",1,"R",2,"R",0,"R",0,"R",0
454865, 2,"R",463,"R",3,"R",420,"R",40,"R",1,"R",2,"R",0,"R",0,"R",0
454865, 3,"R",463,"R",3,"R",420,"R",40,"R",1,"R",2,"R",0,"R",0,"R",0
454874, 1,"R",46,"A",,"A",,"R",46,"A",,"A",,"A",,"A",,"A",
454874, 2,"R",46,"A",,"A",,"R",46,"A",,"A",,"A",,"A",,"A",
454908, 1,"R",17,"A",,"A",,"R",17,"A",,"A",,"A",,"A",,"A",
454908, 2,"R",17,"A",,"A",,"R",17,"A",,"A",,"A",,"A",,"A",
454908, 3,"R",17,"A",,"A",,"R",17,"A",,"A",,"A",,"A",,"A",
454917, 1,"R",190,"A",,"A",,"R",190,"A",,"A",,"A",,"A",,"A",
454917, 2,"R",190,"A",,"A",,"R",190,"A",,"A",,"A",,"A",,"A",
454926, 1,"R",212,"A",,"A",,"R",212,"A",,"A",,"A",,"A",,"A",
454926, 2,"R",212,"A",,"A",,"R",212,"A",,"A",,"A",,"A",,"A",
454935, 1,"R",46,"A",,"A",,"R",46,"A",,"A",,"A",,"A",,"A",
454935, 2,"R",46,"A",,"A",,"R",46,"A",,"A",,"A",,"A",,"A",
454944, 1,"R",196,"A",,"A",,"R",196,"A",,"A",,"A",,"A",,"A",
454944, 2,"R",196,"A",,"A",,"R",196,"A",,"A",,"A",,"A",,"A",
454953, 1,"R",33,"A",,"A",,"R",33,"A",,"A",,"A",,"A",,"A",
454953, 2,"R",33,"A",,"A",,"R",33,"A",,"A",,"A",,"A",,"A",
454962, 1,"R",34,"A",,"A",,"R",34,"A",,"A",,"A",,"A",,"A",
454962, 2,"R",34,"A",,"A",,"R",34,"A",,"A",,"A",,"A",,"A",
454971, 1,"R",190,"A",,"A",,"R",190,"A",,"A",,"A",,"A",,"A",
454971, 2,"R",190,"A",,"A",,"R",190,"A",,"A",,"A",,"A",,"A",
454980, 1,"R",71,"A",,"A",,"R",71,"A",,"A",,"A",,"A",,"A",
454980, 2,"R",71,"A",,"A",,"R",71,"A",,"A",,"A",,"A",,"A",
454999, 1,"R",156,"A",,"A",,"R",156,"A",,"A",,"A",,"A",,"A",
454999, 2,"R",156,"A",,"A",,"R",156,"A",,"A",,"A",,"A",,"A",
455008, 1,"R",227,"A",,"A",,"R",227,"A",,"A",,"A",,"A",,"A",
455008, 2,"R",227,"A",,"A",,"R",227,"A",,"A",,"A",,"A",,"A",
455017, 1,"R",22,"A",,"A",,"R",22,"A",,"A",,"A",,"A",,"A",
455017, 2,"R",22,"A",,"A",,"R",22,"A",,"A",,"A",,"A",,"A",
455026, 1,"R",107,"A",,"A",,"R",107,"A",,"A",,"A",,"A",,"A",
455026, 2,"R",107,"A",,"A",,"R",107,"A",,"A",,"A",,"A",,"A",
455053, 1,"R",28,"A",,"A",,"R",28,"A",,"A",,"A",,"A",,"A",
455053, 2,"R",28,"A",,"A",,"R",28,"A",,"A",,"A",,"A",,"A",
455062, 1,"R",50,"A",,"A",,"R",50,"A",,"A",,"A",,"A",,"A",
455062, 2,"R",50,"A",,"A",,"R",50,"A",,"A",,"A",,"A",,"A",
455071, 1,"R",140,"A",,"A",,"R",140,"A",,"A",,"A",,"A",,"A",
455071, 2,"R",140,"A",,"A",,"R",140,"A",,"A",,"A",,"A",,"A",
455080, 1,"R",168,"A",,"A",,"R",168,"A",,"A",,"A",,"A",,"A",
455080, 2,"R",168,"A",,"A",,"R",168,"A",,"A",,"A",,"A",,"A",
455099, 1,"R",87,"R",19,"R",21,"R",47,"R",5,"R",13,"R",0,"R",1,"R",0
455099,12,"R",87,"R",19,"R",21,"R",47,"R",5,"R",13,"R",0,"R",1,"R",0
455105, 1,"R",70,"A",,"A",,"R",70,"A",,"A",,"A",,"A",,"A",
455105, 2,"R",70,"A",,"A",,"R",70,"A",,"A",,"A",,"A",,"A",
455114, 1,"R",10277,"R",1402,"R",2326,"R",6549,"R",1325,"R",43,"R",34,"R",0,"R",0
455114, 2,"R",10277,"R",1402,"R",2326,"R",6549,"R",1325,"R",43,"R",34,"R",0,"R",0
455114, 3,"R",6401,"R",933,"R",2220,"R",3248,"R",891,"R",41,"R",1,"R",0,"R",0
455114,11,"R",3876,"R",469,"R",106,"R",3301,"R",434,"R",2,"R",33,"R",0,"R",0
455141, 1,"R",207,"A",,"A",,"R",207,"A",,"A",,"A",,"A",,"A",
455141, 2,"R",207,"A",,"A",,"R",207,"A",,"A",,"A",,"A",,"A",
455178, 1,"R",104,"A",,"A",,"R",104,"A",,"A",,"A",,"A",,"A",
455178,12,"R",104,"A",,"A",,"R",104,"A",,"A",,"A",,"A",,"A",
455187, 1,"R",199,"A",,"A",,"R",199,"A",,"A",,"A",,"A",,"A",
455187, 2,"R",199,"A",,"A",,"R",199,"A",,"A",,"A",,"A",,"A",
455196, 1,"R",3179,"A",,"A",,"R",3179,"A",,"A",,"A",,"A",,"A",
455196, 2,"R",3179,"A",,"A",,"R",3179,"A",,"A",,"A",,"A",,"A",
455196, 3,"R",3179,"A",,"A",,"R",3179,"A",,"A",,"A",,"A",,"A",
455202, 1,"R",425,"A",,"A",,"R",425,"A",,"A",,"A",,"A",,"A",
455202, 2,"R",425,"A",,"A",,"R",425,"A",,"A",,"A",,"A",,"A",
455211, 1,"R",171,"A",,"A",,"R",171,"A",,"A",,"A",,"A",,"A",
455211, 2,"R",171,"A",,"A",,"R",171,"A",,"A",,"A",,"A",,"A",
455220, 1,"R",43,"A",,"A",,"R",43,"A",,"A",,"A",,"A",,"A",
455220, 2,"R",43,"A",,"A",,"R",43,"A",,"A",,"A",,"A",,"A",
455239, 1,"R",17,"A",,"A",,"R",17,"A",,"A",,"A",,"A",,"A",
455239, 2,"R",17,"A",,"A",,"R",17,"A",,"A",,"A",,"A",,"A",
455257, 1,"R",427,"A",,"A",,"R",427,"A",,"A",,"A",,"A",,"A",
455257, 2,"R",427,"A",,"A",,"R",427,"A",,"A",,"A",,"A",,"A",
455257, 3,"R",427,"A",,"A",,"R",427,"A",,"A",,"A",,"A",,"A",
455275, 1,"R",256,"A",,"A",,"R",256,"A",,"A",,"A",,"A",,"A",
455275, 2,"R",256,"A",,"A",,"R",256,"A",,"A",,"A",,"A",,"A",
455284, 1,"R",230,"A",,"A",,"R",230,"A",,"A",,"A",,"A",,"A",
455284, 2,"R",230,"A",,"A",,"R",230,"A",,"A",,"A",,"A",,"A",
455327, 1,"R",43,"A",,"A",,"R",43,"A",,"A",,"A",,"A",,"A",
455327, 2,"R",43,"A",,"A",,"R",43,"A",,"A",,"A",,"A",,"A",
455336, 1,"R",221,"A",,"A",,"R",221,"A",,"A",,"A",,"A",,"A",
455336, 2,"R",221,"A",,"A",,"R",221,"A",,"A",,"A",,"A",,"A",
455336, 3,"R",221,"A",,"A",,"R",221,"A",,"A",,"A",,"A",,"A",
455345, 1,"R",20,"A",,"A",,"R",20,"A",,"A",,"A",,"A",,"A",
455345, 2,"R",20,"A",,"A",,"R",20,"A",,"A",,"A",,"A",,"A",
455354, 1,"R",237,"A",,"A",,"R",237,"A",,"A",,"A",,"A",,"A",
455354, 2,"R",237,"A",,"A",,"R",237,"A",,"A",,"A",,"A",,"A",
455381, 1,"R",146,"A",,"A",,"R",146,"A",,"A",,"A",,"A",,"A",
455381, 2,"R",146,"A",,"A",,"R",146,"A",,"A",,"A",,"A",,"A",
455406, 1,"R",570,"A",,"A",,"R",570,"A",,"A",,"A",,"A",,"A",
455406,12,"R",570,"A",,"A",,"R",570,"A",,"A",,"A",,"A",,"A",
455433, 1,"R",290,"R",3,"R",2,"R",285,"R",3,"R",0,"R",0,"R",0,"R",0
455433,12,"R",290,"R",3,"R",2,"R",285,"R",3,"R",0,"R",0,"R",0,"R",0
455460, 1,"R",180,"A",,"A",,"R",180,"A",,"A",,"A",,"A",,"A",
455460, 2,"R",180,"A",,"A",,"R",180,"A",,"A",,"A",,"A",,"A",
455479, 1,"R",572,"R",0,"R",318,"R",254,"A",,"A",,"A",,"A",,"A",
455479, 2,"R",572,"R",0,"R",318,"R",254,"A",,"A",,"A",,"A",,"A",
455479, 3,"R",572,"R",0,"R",318,"R",254,"A",,"A",,"A",,"A",,"A",
455488, 1,"R",337,"A",,"A",,"R",337,"A",,"A",,"A",,"A",,"A",
455488, 2,"R",337,"A",,"A",,"R",337,"A",,"A",,"A",,"A",,"A",
455512, 1,"R",3666,"R",383,"R",278,"R",3005,"R",379,"R",0,"R",2,"R",2,"R",0
455512, 2,"R",3666,"R",383,"R",278,"R",3005,"R",379,"R",0,"R",2,"R",2,"R",0
455512, 3,"R",3084,"R",311,"R",263,"R",2510,"R",309,"R",0,"R",0,"R",2,"R",0
455512,11,"R",582,"R",72,"R",15,"R",495,"R",70,"R",0,"R",2,"R",0,"R",0
455558, 1,"R",89,"A",,"A",,"R",89,"A",,"A",,"A",,"A",,"A",
455558, 2,"R",89,"A",,"A",,"R",89,"A",,"A",,"A",,"A",,"A",
455628, 1,"R",383,"A",,"A",,"R",383,"A",,"A",,"A",,"A",,"A",
455628, 2,"R",383,"A",,"A",,"R",383,"A",,"A",,"A",,"A",,"A",
455628, 3,"R",383,"A",,"A",,"R",383,"A",,"A",,"A",,"A",,"A",
455664, 1,"R",2628,"R",1890,"R",19,"R",719,"R",248,"R",1594,"R",1,"R",47,"R",0
455664, 2,"R",147,"R",140,"R",6,"R",1,"R",22,"R",118,"R",0,"R",0,"R",0
455664, 3,"R",147,"R",140,"R",6,"R",1,"R",22,"R",118,"R",0,"R",0,"R",0
455664,12,"R",2481,"R",1750,"R",13,"R",718,"R",226,"R",1476,"R",1,"R",47,"R",0
455707, 1,"R",44,"A",,"A",,"R",44,"A",,"A",,"A",,"A",,"A",
455707, 2,"R",44,"A",,"A",,"R",44,"A",,"A",,"A",,"A",,"A",
455725, 1,"R",398,"A",,"A",,"R",398,"A",,"A",,"A",,"A",,"A",
455725, 2,"R",398,"A",,"A",,"R",398,"A",,"A",,"A",,"A",,"A",
455734, 1,"R",111,"A",,"A",,"R",111,"A",,"A",,"A",,"A",,"A",
455734, 2,"R",111,"A",,"A",,"R",111,"A",,"A",,"A",,"A",,"A",
455761, 1,"R",421,"A",,"A",,"R",421,"A",,"A",,"A",,"A",,"A",
455761, 2,"R",421,"A",,"A",,"R",421,"A",,"A",,"A",,"A",,"A",
455770, 1,"R",171,"A",,"A",,"R",171,"A",,"A",,"A",,"A",,"A",
455770, 2,"R",171,"A",,"A",,"R",171,"A",,"A",,"A",,"A",,"A",
455770, 3,"R",171,"A",,"A",,"R",171,"A",,"A",,"A",,"A",,"A",
455798, 1,"R",99,"A",,"A",,"R",99,"A",,"A",,"A",,"A",,"A",
455798, 2,"R",99,"A",,"A",,"R",99,"A",,"A",,"A",,"A",,"A",
455804, 1,"R",141,"A",,"A",,"R",141,"A",,"A",,"A",,"A",,"A",
455804,12,"R",141,"A",,"A",,"R",141,"A",,"A",,"A",,"A",,"A",
455813, 1,"R",70,"A",,"A",,"R",70,"A",,"A",,"A",,"A",,"A",
455813,12,"R",70,"A",,"A",,"R",70,"A",,"A",,"A",,"A",,"A",
455831, 1,"R",172,"A",,"A",,"R",172,"A",,"A",,"A",,"A",,"A",
455831, 2,"R",172,"A",,"A",,"R",172,"A",,"A",,"A",,"A",,"A",
455840, 1,"R",87,"A",,"A",,"R",87,"A",,"A",,"A",,"A",,"A",
455840, 2,"R",87,"A",,"A",,"R",87,"A",,"A",,"A",,"A",,"A",
455859, 1,"R",250,"A",,"A",,"R",250,"A",,"A",,"A",,"A",,"A",
455859, 2,"R",250,"A",,"A",,"R",250,"A",,"A",,"A",,"A",,"A",
455868, 1,"R",259,"A",,"A",,"R",259,"A",,"A",,"A",,"A",,"A",
455868, 2,"R",259,"A",,"A",,"R",259,"A",,"A",,"A",,"A",,"A",
455868, 3,"R",259,"A",,"A",,"R",259,"A",,"A",,"A",,"A",,"A",
455877, 1,"R",107,"A",,"A",,"R",107,"A",,"A",,"A",,"A",,"A",
455877, 2,"R",107,"A",,"A",,"R",107,"A",,"A",,"A",,"A",,"A",
455886, 1,"R",140,"A",,"A",,"R",140,"A",,"A",,"A",,"A",,"A",
455886, 2,"R",140,"A",,"A",,"R",140,"A",,"A",,"A",,"A",,"A",
455895, 1,"R",270,"A",,"A",,"R",270,"A",,"A",,"A",,"A",,"A",
455895, 2,"R",270,"A",,"A",,"R",270,"A",,"A",,"A",,"A",,"A",
455901, 1,"R",222,"A",,"A",,"R",222,"A",,"A",,"A",,"A",,"A",
455901, 2,"R",222,"A",,"A",,"R",222,"A",,"A",,"A",,"A",,"A",
455910, 1,"R",44,"A",,"A",,"R",44,"A",,"A",,"A",,"A",,"A",
455910, 2,"R",44,"A",,"A",,"R",44,"A",,"A",,"A",,"A",,"A",
455929, 1,"R",38,"A",,"A",,"R",38,"A",,"A",,"A",,"A",,"A",
455929, 2,"R",38,"A",,"A",,"R",38,"A",,"A",,"A",,"A",,"A",
455956, 1,"R",116,"A",,"A",,"R",116,"A",,"A",,"A",,"A",,"A",
455956, 2,"R",116,"A",,"A",,"R",116,"A",,"A",,"A",,"A",,"A",
455956, 3,"R",116,"A",,"A",,"R",116,"A",,"A",,"A",,"A",,"A",
455965, 1,"R",149,"A",,"A",,"R",149,"A",,"A",,"A",,"A",,"A",
455965, 2,"R",149,"A",,"A",,"R",149,"A",,"A",,"A",,"A",,"A",
455974, 1,"R",75,"A",,"A",,"R",75,"A",,"A",,"A",,"A",,"A",
455974, 2,"R",75,"A",,"A",,"R",75,"A",,"A",,"A",,"A",,"A",
455983, 1,"R",358,"R",77,"R",15,"R",266,"R",68,"R",9,"R",0,"R",0,"R",0
455983, 2,"R",358,"R",77,"R",15,"R",266,"R",68,"R",9,"R",0,"R",0,"R",0
455983, 3,"R",355,"R",77,"R",15,"R",263,"R",68,"R",9,"R",0,"R",0,"R",0
455983,11,"R",3,"R",0,"R",0,"R",3,"A",,"A",,"A",,"A",,"A",
455992, 1,"R",370,"A",,"A",,"R",370,"A",,"A",,"A",,"A",,"A",
455992,12,"R",370,"A",,"A",,"R",370,"A",,"A",,"A",,"A",,"A",
456001, 1,"R",56,"A",,"A",,"R",56,"A",,"A",,"A",,"A",,"A",
456001, 2,"R",56,"A",,"A",,"R",56,"A",,"A",,"A",,"A",,"A",
456029, 1,"R",220,"A",,"A",,"R",220,"A",,"A",,"A",,"A",,"A",
456029, 2,"R",220,"A",,"A",,"R",220,"A",,"A",,"A",,"A",,"A",
456038, 1,"R",340,"R",0,"R",12,"R",328,"A",,"A",,"A",,"A",,"A",
456038, 2,"R",340,"R",0,"R",12,"R",328,"A",,"A",,"A",,"A",,"A",
456038, 3,"R",340,"R",0,"R",12,"R",328,"A",,"A",,"A",,"A",,"A",
456065, 1,"R",153,"A",,"A",,"R",153,"A",,"A",,"A",,"A",,"A",
456065, 2,"R",153,"A",,"A",,"R",153,"A",,"A",,"A",,"A",,"A",
456074, 1,"R",142,"A",,"A",,"R",142,"A",,"A",,"A",,"A",,"A",
456074, 2,"R",142,"A",,"A",,"R",142,"A",,"A",,"A",,"A",,"A",
456126, 1,"R",83,"A",,"A",,"R",83,"A",,"A",,"A",,"A",,"A",
456126, 2,"R",83,"A",,"A",,"R",83,"A",,"A",,"A",,"A",,"A",
456135, 1,"R",95,"A",,"A",,"R",95,"A",,"A",,"A",,"A",,"A",
456135, 2,"R",95,"A",,"A",,"R",95,"A",,"A",,"A",,"A",,"A",
456153, 1,"R",116,"A",,"A",,"R",116,"A",,"A",,"A",,"A",,"A",
456153, 2,"R",116,"A",,"A",,"R",116,"A",,"A",,"A",,"A",,"A",
456153, 3,"R",116,"A",,"A",,"R",116,"A",,"A",,"A",,"A",,"A",
456180, 1,"R",54,"R",0,"R",7,"R",47,"A",,"A",,"A",,"A",,"A",
456180, 2,"R",54,"R",0,"R",7,"R",47,"A",,"A",,"A",,"A",,"A",
456180, 3,"R",54,"R",0,"R",7,"R",47,"A",,"A",,"A",,"A",,"A",
456205, 1,"R",516,"Z",0,"R",331,"R",185,"A",,"A",,"A",,"A",,"A",
456205, 2,"R",516,"Z",0,"R",331,"R",185,"A",,"A",,"A",,"A",,"A",
456205, 3,"R",516,"Z",0,"R",331,"R",185,"A",,"A",,"A",,"A",,"A",
456214, 1,"R",305,"A",,"A",,"R",305,"A",,"A",,"A",,"A",,"A",
456214, 2,"R",305,"A",,"A",,"R",305,"A",,"A",,"A",,"A",,"A",
456287, 1,"R",37,"A",,"A",,"R",37,"A",,"A",,"A",,"A",,"A",
456287, 2,"R",37,"A",,"A",,"R",37,"A",,"A",,"A",,"A",,"A",
456454, 1,"R",480,"R",0,"R",232,"R",248,"A",,"A",,"A",,"A",,"A",
456454, 2,"R",480,"R",0,"R",232,"R",248,"A",,"A",,"A",,"A",,"A",
456454, 3,"R",480,"R",0,"R",232,"R",248,"A",,"A",,"A",,"A",,"A",
456481, 1,"R",162,"Z",0,"R",162,"R",0,"A",,"A",,"A",,"A",,"A",
456481, 2,"R",73,"Z",0,"R",73,"R",0,"A",,"A",,"A",,"A",,"A",
456481, 3,"R",73,"Z",0,"R",73,"R",0,"A",,"A",,"A",,"A",,"A",
456481,12,"R",89,"Z",0,"R",89,"R",0,"A",,"A",,"A",,"A",,"A",
456490, 1,"R",214,"R",68,"R",79,"R",67,"R",62,"R",5,"R",0,"R",0,"R",1
456490, 2,"R",165,"R",34,"R",72,"R",59,"R",29,"R",4,"R",0,"R",0,"R",1
456490, 3,"R",165,"R",34,"R",72,"R",59,"R",29,"R",4,"R",0,"R",0,"R",1
456490,12,"R",49,"R",34,"R",7,"R",8,"R",33,"R",1,"R",0,"R",0,"R",0
456506, 1,"R",118,"A",,"A",,"R",118,"A",,"A",,"A",,"A",,"A",
456506, 2,"R",118,"A",,"A",,"R",118,"A",,"A",,"A",,"A",,"A",
456506, 3,"R",118,"A",,"A",,"R",118,"A",,"A",,"A",,"A",,"A",
456515, 1,"R",103,"A",,"A",,"R",103,"A",,"A",,"A",,"A",,"A",
456515, 2,"R",103,"A",,"A",,"R",103,"A",,"A",,"A",,"A",,"A",
456542, 1,"R",529,"A",,"A",,"R",529,"A",,"A",,"A",,"A",,"A",
456542,12,"R",529,"A",,"A",,"R",529,"A",,"A",,"A",,"A",,"A",
456551, 1,"R",53,"A",,"A",,"R",53,"A",,"A",,"A",,"A",,"A",
456551, 2,"R",53,"A",,"A",,"R",53,"A",,"A",,"A",,"A",,"A",
456560, 1,"R",328,"A",,"A",,"R",328,"A",,"A",,"A",,"A",,"A",
456560, 2,"R",328,"A",,"A",,"R",328,"A",,"A",,"A",,"A",,"A",
456560, 3,"R",97,"A",,"A",,"R",97,"A",,"A",,"A",,"A",,"A",
456560,11,"R",231,"A",,"A",,"R",231,"A",,"A",,"A",,"A",,"A",
456579, 1,"R",586,"R",0,"R",452,"R",134,"A",,"A",,"A",,"A",,"A",
456579, 2,"R",586,"R",0,"R",452,"R",134,"A",,"A",,"A",,"A",,"A",
456579, 3,"R",586,"R",0,"R",452,"R",134,"A",,"A",,"A",,"A",,"A",
456588, 1,"R",28,"A",,"A",,"R",28,"A",,"A",,"A",,"A",,"A",
456588, 2,"R",28,"A",,"A",,"R",28,"A",,"A",,"A",,"A",,"A",
456597, 1,"R",82,"A",,"A",,"R",82,"A",,"A",,"A",,"A",,"A",
456597, 2,"R",82,"A",,"A",,"R",82,"A",,"A",,"A",,"A",,"A",
456621, 1,"R",221,"R",203,"R",14,"R",4,"R",183,"R",20,"R",0,"R",0,"R",0
456621, 2,"R",205,"R",187,"R",14,"R",4,"R",168,"R",19,"R",0,"R",0,"R",0
456621, 3,"R",203,"R",186,"R",14,"R",3,"R",167,"R",19,"R",0,"R",0,"R",0
456621,11,"R",2,"R",1,"R",0,"R",1,"R",1,"Z",0,"Z",0,"Z",0,"R",0
456621,12,"R",16,"R",16,"R",0,"R",0,"R",15,"R",1,"Z",0,"Z",0,"R",0
456825, 1,"R",165,"A",,"A",,"R",165,"A",,"A",,"A",,"A",,"A",
456825, 2,"R",165,"A",,"A",,"R",165,"A",,"A",,"A",,"A",,"A",
456861, 1,"R",243,"A",,"A",,"R",243,"A",,"A",,"A",,"A",,"A",
456861, 2,"R",243,"A",,"A",,"R",243,"A",,"A",,"A",,"A",,"A",
456922, 1,"R",326,"A",,"A",,"R",326,"A",,"A",,"A",,"A",,"A",
456922, 2,"R",326,"A",,"A",,"R",326,"A",,"A",,"A",,"A",,"A",
456931, 1,"R",389,"A",,"A",,"R",389,"A",,"A",,"A",,"A",,"A",
456931, 2,"R",389,"A",,"A",,"R",389,"A",,"A",,"A",,"A",,"A",
456959, 1,"R",533,"A",,"A",,"R",533,"A",,"A",,"A",,"A",,"A",
456959, 2,"R",533,"A",,"A",,"R",533,"A",,"A",,"A",,"A",,"A",
456959, 3,"R",519,"A",,"A",,"R",519,"A",,"A",,"A",,"A",,"A",
456959,11,"R",14,"A",,"A",,"R",14,"A",,"A",,"A",,"A",,"A",
456968, 1,"R",634,"A",,"A",,"R",634,"A",,"A",,"A",,"A",,"A",
456968, 2,"R",634,"A",,"A",,"R",634,"A",,"A",,"A",,"A",,"A",
456977, 1,"R",69,"A",,"A",,"R",69,"A",,"A",,"A",,"A",,"A",
456977, 2,"R",69,"A",,"A",,"R",69,"A",,"A",,"A",,"A",,"A",
456977, 3,"R",69,"A",,"A",,"R",69,"A",,"A",,"A",,"A",,"A",
457022, 1,"R",90,"R",65,"R",8,"R",17,"R",61,"R",4,"Z",0,"Z",0,"R",0
457022, 2,"R",90,"R",65,"R",8,"R",17,"R",61,"R",4,"Z",0,"Z",0,"R",0
457022, 3,"R",90,"R",65,"R",8,"R",17,"R",61,"R",4,"Z",0,"Z",0,"R",0
457031, 1,"R",49,"A",,"A",,"R",49,"A",,"A",,"A",,"A",,"A",
457031, 2,"R",49,"A",,"A",,"R",49,"A",,"A",,"A",,"A",,"A",
457077, 1,"R",346,"A",,"A",,"R",346,"A",,"A",,"A",,"A",,"A",
457077, 2,"R",346,"A",,"A",,"R",346,"A",,"A",,"A",,"A",,"A",
457086, 1,"R",197,"R",0,"R",22,"R",175,"A",,"A",,"A",,"A",,"A",
457086, 2,"R",197,"R",0,"R",22,"R",175,"A",,"A",,"A",,"A",,"A",
457086, 3,"R",197,"R",0,"R",22,"R",175,"A",,"A",,"A",,"A",,"A",
457101, 1,"R",243,"Z",0,"R",60,"R",183,"A",,"A",,"A",,"A",,"A",
457101, 2,"R",243,"Z",0,"R",60,"R",183,"A",,"A",,"A",,"A",,"A",
457101, 3,"R",243,"Z",0,"R",60,"R",183,"A",,"A",,"A",,"A",,"A",
457110, 1,"R",401,"Z",0,"R",154,"R",247,"A",,"A",,"A",,"A",,"A",
457110, 2,"R",401,"Z",0,"R",154,"R",247,"A",,"A",,"A",,"A",,"A",
457110, 3,"R",401,"Z",0,"R",154,"R",247,"A",,"A",,"A",,"A",,"A",
457129, 1,"R",946,"R",10,"R",525,"R",411,"R",9,"R",1,"R",0,"R",0,"R",0
457129, 2,"R",946,"R",10,"R",525,"R",411,"R",9,"R",1,"R",0,"R",0,"R",0
457129, 3,"R",946,"R",10,"R",525,"R",411,"R",9,"R",1,"R",0,"R",0,"R",0
457174, 1,"R",190,"A",,"A",,"R",190,"A",,"A",,"A",,"A",,"A",
457174, 2,"R",190,"A",,"A",,"R",190,"A",,"A",,"A",,"A",,"A",
457192, 1,"R",52,"A",,"A",,"R",52,"A",,"A",,"A",,"A",,"A",
457192, 2,"R",52,"A",,"A",,"R",52,"A",,"A",,"A",,"A",,"A",
457208, 1,"R",189,"A",,"A",,"R",189,"A",,"A",,"A",,"A",,"A",
457208, 2,"R",189,"A",,"A",,"R",189,"A",,"A",,"A",,"A",,"A",
457226, 1,"R",69,"R",23,"R",0,"R",46,"R",11,"R",12,"Z",0,"Z",0,"R",0
457226, 2,"R",69,"R",23,"R",0,"R",46,"R",11,"R",12,"Z",0,"Z",0,"R",0
457226, 3,"R",23,"R",23,"R",0,"R",0,"R",11,"R",12,"Z",0,"Z",0,"R",0
457226,11,"R",46,"R",0,"R",0,"R",46,"A",,"A",,"A",,"A",,"A",
457244, 1,"R",33,"A",,"A",,"R",33,"A",,"A",,"A",,"A",,"A",
457244, 2,"R",33,"A",,"A",,"R",33,"A",,"A",,"A",,"A",,"A",
457253, 1,"R",59,"A",,"A",,"R",59,"A",,"A",,"A",,"A",,"A",
457253, 2,"R",59,"A",,"A",,"R",59,"A",,"A",,"A",,"A",,"A",
457271, 1,"R",54,"A",,"A",,"R",54,"A",,"A",,"A",,"A",,"A",
457271,12,"R",54,"A",,"A",,"R",54,"A",,"A",,"A",,"A",,"A",
457299, 1,"R",263,"R",0,"R",30,"R",233,"A",,"A",,"A",,"A",,"A",
457299, 2,"R",263,"R",0,"R",30,"R",233,"A",,"A",,"A",,"A",,"A",
457299, 3,"R",263,"R",0,"R",30,"R",233,"A",,"A",,"A",,"A",,"A",
457314, 1,"R",110,"A",,"A",,"R",110,"A",,"A",,"A",,"A",,"A",
457314, 2,"R",110,"A",,"A",,"R",110,"A",,"A",,"A",,"A",,"A",
457323, 1,"R",360,"A",,"A",,"R",360,"A",,"A",,"A",,"A",,"A",
457323, 2,"R",360,"A",,"A",,"R",360,"A",,"A",,"A",,"A",,"A",
457332, 1,"R",13,"A",,"A",,"R",13,"A",,"A",,"A",,"A",,"A",
457332, 2,"R",13,"A",,"A",,"R",13,"A",,"A",,"A",,"A",,"A",
457341, 1,"R",166,"A",,"A",,"R",166,"A",,"A",,"A",,"A",,"A",
457341, 2,"R",166,"A",,"A",,"R",166,"A",,"A",,"A",,"A",,"A",
457350, 1,"R",53,"A",,"A",,"R",53,"A",,"A",,"A",,"A",,"A",
457350, 2,"R",53,"A",,"A",,"R",53,"A",,"A",,"A",,"A",,"A",
457378, 1,"R",225,"A",,"A",,"R",225,"A",,"A",,"A",,"A",,"A",
457378, 2,"R",225,"A",,"A",,"R",225,"A",,"A",,"A",,"A",,"A",
457378, 3,"R",225,"A",,"A",,"R",225,"A",,"A",,"A",,"A",,"A",
457387, 1,"R",359,"A",,"A",,"R",359,"A",,"A",,"A",,"A",,"A",
457387, 2,"R",359,"A",,"A",,"R",359,"A",,"A",,"A",,"A",,"A",
457387, 3,"R",165,"A",,"A",,"R",165,"A",,"A",,"A",,"A",,"A",
457387,11,"R",194,"A",,"A",,"R",194,"A",,"A",,"A",,"A",,"A",
457396, 1,"R",90,"A",,"A",,"R",90,"A",,"A",,"A",,"A",,"A",
457396, 2,"R",90,"A",,"A",,"R",90,"A",,"A",,"A",,"A",,"A",
457402, 1,"R",83,"R",0,"R",0,"R",83,"A",,"A",,"A",,"A",,"A",
457402, 2,"R",69,"R",0,"R",0,"R",69,"A",,"A",,"A",,"A",,"A",
457402, 3,"R",69,"R",0,"R",0,"R",69,"A",,"A",,"A",,"A",,"A",
457402,12,"R",14,"R",0,"R",0,"R",14,"A",,"A",,"A",,"A",,"A",
457411, 1,"R",295,"A",,"A",,"R",295,"A",,"A",,"A",,"A",,"A",
457411, 2,"R",295,"A",,"A",,"R",295,"A",,"A",,"A",,"A",,"A",
457420, 1,"R",167,"A",,"A",,"R",167,"A",,"A",,"A",,"A",,"A",
457420, 2,"R",167,"A",,"A",,"R",167,"A",,"A",,"A",,"A",,"A",
457439, 1,"R",68,"A",,"A",,"R",68,"A",,"A",,"A",,"A",,"A",
457439, 2,"R",68,"A",,"A",,"R",68,"A",,"A",,"A",,"A",,"A",
457448, 1,"R",103,"A",,"A",,"R",103,"A",,"A",,"A",,"A",,"A",
457448, 2,"R",103,"A",,"A",,"R",103,"A",,"A",,"A",,"A",,"A",
457466, 1,"R",16,"A",,"A",,"R",16,"A",,"A",,"A",,"A",,"A",
457466, 2,"R",16,"A",,"A",,"R",16,"A",,"A",,"A",,"A",,"A",
457475, 1,"R",93,"A",,"A",,"R",93,"A",,"A",,"A",,"A",,"A",
457475, 2,"R",93,"A",,"A",,"R",93,"A",,"A",,"A",,"A",,"A",
457484, 1,"R",152,"A",,"A",,"R",152,"A",,"A",,"A",,"A",,"A",
457484, 2,"R",126,"A",,"A",,"R",126,"A",,"A",,"A",,"A",,"A",
457484, 3,"R",126,"A",,"A",,"R",126,"A",,"A",,"A",,"A",,"A",
457484,12,"R",26,"A",,"A",,"R",26,"A",,"A",,"A",,"A",,"A",
457493, 1,"R",22,"A",,"A",,"R",22,"A",,"A",,"A",,"A",,"A",
457493, 2,"R",22,"A",,"A",,"R",22,"A",,"A",,"A",,"A",,"A",
457527, 1,"R",234,"R",0,"R",18,"R",216,"A",,"A",,"A",,"A",,"A",
457527, 2,"R",234,"R",0,"R",18,"R",216,"A",,"A",,"A",,"A",,"A",
457527, 3,"R",230,"R",0,"R",18,"R",212,"A",,"A",,"A",,"A",,"A",
457527,11,"R",4,"R",0,"R",0,"R",4,"A",,"A",,"A",,"A",,"A",
457536, 1,"R",537,"A",,"A",,"R",537,"A",,"A",,"A",,"A",,"A",
457536, 2,"R",537,"A",,"A",,"R",537,"A",,"A",,"A",,"A",,"A",
457536, 3,"R",537,"A",,"A",,"R",537,"A",,"A",,"A",,"A",,"A",
457545, 1,"R",110,"A",,"A",,"R",110,"A",,"A",,"A",,"A",,"A",
457545, 2,"R",110,"A",,"A",,"R",110,"A",,"A",,"A",,"A",,"A",
457554, 1,"R",21,"A",,"A",,"R",21,"A",,"A",,"A",,"A",,"A",
457554, 2,"R",21,"A",,"A",,"R",21,"A",,"A",,"A",,"A",,"A",
457563, 1,"R",211,"A",,"A",,"R",211,"A",,"A",,"A",,"A",,"A",
457563, 2,"R",211,"A",,"A",,"R",211,"A",,"A",,"A",,"A",,"A",
457572, 1,"R",102,"A",,"A",,"R",102,"A",,"A",,"A",,"A",,"A",
457572, 2,"R",102,"A",,"A",,"R",102,"A",,"A",,"A",,"A",,"A",
457581, 1,"R",183,"A",,"A",,"R",183,"A",,"A",,"A",,"A",,"A",
457581, 2,"R",183,"A",,"A",,"R",183,"A",,"A",,"A",,"A",,"A",
457606, 1,"R",44,"A",,"A",,"R",44,"A",,"A",,"A",,"A",,"A",
457606, 2,"R",44,"A",,"A",,"R",44,"A",,"A",,"A",,"A",,"A",
457615, 1,"R",30,"A",,"A",,"R",30,"A",,"A",,"A",,"A",,"A",
457615, 2,"R",30,"A",,"A",,"R",30,"A",,"A",,"A",,"A",,"A",
457615, 3,"R",30,"A",,"A",,"R",30,"A",,"A",,"A",,"A",,"A",
457624, 1,"R",40,"A",,"A",,"R",40,"A",,"A",,"A",,"A",,"A",
457624, 2,"R",40,"A",,"A",,"R",40,"A",,"A",,"A",,"A",,"A",
457624, 3,"R",40,"A",,"A",,"R",40,"A",,"A",,"A",,"A",,"A",
457633, 1,"R",139,"A",,"A",,"R",139,"A",,"A",,"A",,"A",,"A",
457633, 2,"R",139,"A",,"A",,"R",139,"A",,"A",,"A",,"A",,"A",
457642, 1,"R",53,"A",,"A",,"R",53,"A",,"A",,"A",,"A",,"A",
457642, 2,"R",53,"A",,"A",,"R",53,"A",,"A",,"A",,"A",,"A",
457651, 1,"R",90,"A",,"A",,"R",90,"A",,"A",,"A",,"A",,"A",
457651, 2,"R",90,"A",,"A",,"R",90,"A",,"A",,"A",,"A",,"A",
457651, 3,"R",90,"A",,"A",,"R",90,"A",,"A",,"A",,"A",,"A",
457679, 1,"R",25,"A",,"A",,"R",25,"A",,"A",,"A",,"A",,"A",
457679, 2,"R",25,"A",,"A",,"R",25,"A",,"A",,"A",,"A",,"A",
457688, 1,"R",404,"R",404,"A",,"A",,"R",30,"R",372,"R",0,"R",2,"R",0
457688, 2,"R",369,"R",369,"A",,"A",,"R",26,"R",341,"R",0,"R",2,"R",0
457688, 3,"R",333,"R",333,"A",,"A",,"R",24,"R",307,"R",0,"R",2,"R",0
457688,11,"R",36,"R",36,"A",,"A",,"R",2,"R",34,"R",0,"R",0,"R",0
457688,12,"R",35,"R",35,"A",,"A",,"R",4,"R",31,"R",0,"R",0,"R",0
457697, 1,"R",114,"R",114,"A",,"A",,"R",5,"R",96,"R",0,"R",13,"R",0
457697, 2,"R",101,"R",101,"A",,"A",,"R",5,"R",86,"R",0,"R",10,"R",0
457697, 3,"R",101,"R",101,"A",,"A",,"R",5,"R",86,"R",0,"R",10,"R",0
457697,12,"R",13,"R",13,"A",,"A",,"Z",0,"R",10,"Z",0,"R",3,"R",0
457703, 1,"R",42,"A",,"A",,"R",42,"A",,"A",,"A",,"A",,"A",
457703, 2,"R",42,"A",,"A",,"R",42,"A",,"A",,"A",,"A",,"A",
457721, 1,"R",33,"A",,"A",,"R",33,"A",,"A",,"A",,"A",,"A",
457721, 2,"R",33,"A",,"A",,"R",33,"A",,"A",,"A",,"A",,"A",
457749, 1,"R",91,"A",,"A",,"R",91,"A",,"A",,"A",,"A",,"A",
457749, 2,"R",91,"A",,"A",,"R",91,"A",,"A",,"A",,"A",,"A",
457767, 1,"R",231,"A",,"A",,"R",231,"A",,"A",,"A",,"A",,"A",
457767, 2,"R",231,"A",,"A",,"R",231,"A",,"A",,"A",,"A",,"A",
457776, 1,"R",150,"A",,"A",,"R",150,"A",,"A",,"A",,"A",,"A",
457776, 2,"R",150,"A",,"A",,"R",150,"A",,"A",,"A",,"A",,"A",
457785, 1,"R",47,"A",,"A",,"R",47,"A",,"A",,"A",,"A",,"A",
457785, 2,"R",47,"A",,"A",,"R",47,"A",,"A",,"A",,"A",,"A",
457794, 1,"R",108,"A",,"A",,"R",108,"A",,"A",,"A",,"A",,"A",
457794, 2,"R",108,"A",,"A",,"R",108,"A",,"A",,"A",,"A",,"A",
457800, 1,"R",349,"A",,"A",,"R",349,"A",,"A",,"A",,"A",,"A",
457800, 2,"R",349,"A",,"A",,"R",349,"A",,"A",,"A",,"A",,"A",
457819, 1,"R",528,"A",,"A",,"R",528,"A",,"A",,"A",,"A",,"A",
457819, 2,"R",528,"A",,"A",,"R",528,"A",,"A",,"A",,"A",,"A",
457837, 1,"R",148,"A",,"A",,"R",148,"A",,"A",,"A",,"A",,"A",
457837, 2,"R",148,"A",,"A",,"R",148,"A",,"A",,"A",,"A",,"A",
457846, 1,"R",60,"A",,"A",,"R",60,"A",,"A",,"A",,"A",,"A",
457846, 2,"R",60,"A",,"A",,"R",60,"A",,"A",,"A",,"A",,"A",
457855, 1,"R",63,"A",,"A",,"R",63,"A",,"A",,"A",,"A",,"A",
457855, 2,"R",63,"A",,"A",,"R",63,"A",,"A",,"A",,"A",,"A",
457864, 1,"R",48,"A",,"A",,"R",48,"A",,"A",,"A",,"A",,"A",
457864, 2,"R",48,"A",,"A",,"R",48,"A",,"A",,"A",,"A",,"A",
457873, 1,"R",157,"R",0,"R",0,"R",157,"A",,"A",,"A",,"A",,"A",
457873, 2,"R",157,"R",0,"R",0,"R",157,"A",,"A",,"A",,"A",,"A",
457873, 3,"R",157,"R",0,"R",0,"R",157,"A",,"A",,"A",,"A",,"A",
457891, 1,"R",25,"A",,"A",,"R",25,"A",,"A",,"A",,"A",,"A",
457891, 2,"R",25,"A",,"A",,"R",25,"A",,"A",,"A",,"A",,"A",
457916, 1,"R",56,"A",,"A",,"R",56,"A",,"A",,"A",,"A",,"A",
457916, 2,"R",56,"A",,"A",,"R",56,"A",,"A",,"A",,"A",,"A",
457925, 1,"R",6,"A",,"A",,"R",6,"A",,"A",,"A",,"A",,"A",
457925, 2,"R",6,"A",,"A",,"R",6,"A",,"A",,"A",,"A",,"A",
457943, 1,"R",62,"A",,"A",,"R",62,"A",,"A",,"A",,"A",,"A",
457943, 2,"R",62,"A",,"A",,"R",62,"A",,"A",,"A",,"A",,"A",
457943, 3,"R",62,"A",,"A",,"R",62,"A",,"A",,"A",,"A",,"A",
457952, 1,"R",148,"A",,"A",,"R",148,"A",,"A",,"A",,"A",,"A",
457952, 2,"R",148,"A",,"A",,"R",148,"A",,"A",,"A",,"A",,"A",
457989, 1,"R",41,"A",,"A",,"R",41,"A",,"A",,"A",,"A",,"A",
457989, 2,"R",41,"A",,"A",,"R",41,"A",,"A",,"A",,"A",,"A",
457989, 3,"R",41,"A",,"A",,"R",41,"A",,"A",,"A",,"A",,"A",
457998, 1,"R",65,"A",,"A",,"R",65,"A",,"A",,"A",,"A",,"A",
457998, 2,"R",65,"A",,"A",,"R",65,"A",,"A",,"A",,"A",,"A",
458007, 1,"R",180,"A",,"A",,"R",180,"A",,"A",,"A",,"A",,"A",
458007, 2,"R",180,"A",,"A",,"R",180,"A",,"A",,"A",,"A",,"A",
458016, 1,"R",88,"A",,"A",,"R",88,"A",,"A",,"A",,"A",,"A",
458016, 2,"R",88,"A",,"A",,"R",88,"A",,"A",,"A",,"A",,"A",
458034, 1,"R",67,"A",,"A",,"R",67,"A",,"A",,"A",,"A",,"A",
458034, 2,"R",67,"A",,"A",,"R",67,"A",,"A",,"A",,"A",,"A",
458034, 3,"R",67,"A",,"A",,"R",67,"A",,"A",,"A",,"A",,"A",
458043, 1,"R",56,"A",,"A",,"R",56,"A",,"A",,"A",,"A",,"A",
458043, 2,"R",56,"A",,"A",,"R",56,"A",,"A",,"A",,"A",,"A",
458052, 1,"R",44,"A",,"A",,"R",44,"A",,"A",,"A",,"A",,"A",
458052, 2,"R",44,"A",,"A",,"R",44,"A",,"A",,"A",,"A",,"A",
458061, 1,"R",70,"A",,"A",,"R",70,"A",,"A",,"A",,"A",,"A",
458061, 2,"R",70,"A",,"A",,"R",70,"A",,"A",,"A",,"A",,"A",
458070, 1,"R",297,"A",,"A",,"R",297,"A",,"A",,"A",,"A",,"A",
458070, 2,"R",297,"A",,"A",,"R",297,"A",,"A",,"A",,"A",,"A",
458098, 1,"R",109,"A",,"A",,"R",109,"A",,"A",,"A",,"A",,"A",
458098, 2,"R",109,"A",,"A",,"R",109,"A",,"A",,"A",,"A",,"A",
458104, 1,"R",115,"A",,"A",,"R",115,"A",,"A",,"A",,"A",,"A",
458104, 2,"R",115,"A",,"A",,"R",115,"A",,"A",,"A",,"A",,"A",
458113, 1,"R",31,"R",11,"R",20,"R",0,"R",8,"R",3,"Z",0,"Z",0,"R",0
458113, 2,"R",31,"R",11,"R",20,"R",0,"R",8,"R",3,"Z",0,"Z",0,"R",0
458113, 3,"R",31,"R",11,"R",20,"R",0,"R",8,"R",3,"Z",0,"Z",0,"R",0
458122, 1,"R",20,"A",,"A",,"R",20,"A",,"A",,"A",,"A",,"A",
458122, 2,"R",20,"A",,"A",,"R",20,"A",,"A",,"A",,"A",,"A",
458131, 1,"R",108,"A",,"A",,"R",108,"A",,"A",,"A",,"A",,"A",
458131, 2,"R",108,"A",,"A",,"R",108,"A",,"A",,"A",,"A",,"A",
458140, 1,"R",46,"A",,"A",,"R",46,"A",,"A",,"A",,"A",,"A",
458140, 2,"R",46,"A",,"A",,"R",46,"A",,"A",,"A",,"A",,"A",
458140, 3,"R",46,"A",,"A",,"R",46,"A",,"A",,"A",,"A",,"A",
458168, 1,"R",64,"A",,"A",,"R",64,"A",,"A",,"A",,"A",,"A",
458168, 2,"R",64,"A",,"A",,"R",64,"A",,"A",,"A",,"A",,"A",
458210, 1,"R",3424,"R",910,"R",1181,"R",1333,"R",753,"R",157,"Z",0,"Z",0,"R",0
458210, 2,"R",2514,"Z",0,"R",1181,"R",1333,"A",,"A",,"A",,"A",,"A",
458210, 3,"R",2514,"Z",0,"R",1181,"R",1333,"A",,"A",,"A",,"A",,"A",
458210,12,"R",910,"R",910,"Z",0,"R",0,"R",753,"R",157,"Z",0,"Z",0,"R",0
458229, 1,"R",1671,"Z",0,"R",731,"R",940,"A",,"A",,"A",,"A",,"A",
458229, 2,"R",1671,"Z",0,"R",731,"R",940,"A",,"A",,"A",,"A",,"A",
458229, 3,"R",1671,"Z",0,"R",731,"R",940,"A",,"A",,"A",,"A",,"A",
458265, 1,"R",529,"A",,"A",,"R",529,"A",,"A",,"A",,"A",,"A",
458265, 2,"R",529,"A",,"A",,"R",529,"A",,"A",,"A",,"A",,"A",
458274, 1,"R",183,"A",,"A",,"R",183,"A",,"A",,"A",,"A",,"A",
458274, 2,"R",183,"A",,"A",,"R",183,"A",,"A",,"A",,"A",,"A",
458380, 1,"R",104,"A",,"A",,"R",104,"A",,"A",,"A",,"A",,"A",
458380, 2,"R",104,"A",,"A",,"R",104,"A",,"A",,"A",,"A",,"A",
458405, 1,"R",481,"Z",0,"R",307,"R",174,"A",,"A",,"A",,"A",,"A",
458405, 2,"R",481,"Z",0,"R",307,"R",174,"A",,"A",,"A",,"A",,"A",
458405, 3,"R",481,"Z",0,"R",307,"R",174,"A",,"A",,"A",,"A",,"A",
458423, 1,"R",99,"A",,"A",,"R",99,"A",,"A",,"A",,"A",,"A",
458423, 2,"R",99,"A",,"A",,"R",99,"A",,"A",,"A",,"A",,"A",
458441, 1,"R",563,"Z",0,"R",362,"R",201,"A",,"A",,"A",,"A",,"A",
458441, 2,"R",563,"Z",0,"R",362,"R",201,"A",,"A",,"A",,"A",,"A",
458441, 3,"R",563,"Z",0,"R",362,"R",201,"A",,"A",,"A",,"A",,"A",
458478, 1,"R",63,"A",,"A",,"R",63,"A",,"A",,"A",,"A",,"A",
458478, 2,"R",63,"A",,"A",,"R",63,"A",,"A",,"A",,"A",,"A",
458478, 3,"R",63,"A",,"A",,"R",63,"A",,"A",,"A",,"A",,"A",
458496, 1,"R",307,"Z",0,"R",76,"R",231,"A",,"A",,"A",,"A",,"A",
458496, 2,"R",307,"Z",0,"R",76,"R",231,"A",,"A",,"A",,"A",,"A",
458496, 3,"R",307,"Z",0,"R",76,"R",231,"A",,"A",,"A",,"A",,"A",
458502, 1,"R",425,"R",9,"R",124,"R",292,"R",0,"R",9,"R",0,"R",0,"R",0
458502, 2,"R",425,"R",9,"R",124,"R",292,"R",0,"R",9,"R",0,"R",0,"R",0
458502, 3,"R",425,"R",9,"R",124,"R",292,"R",0,"R",9,"R",0,"R",0,"R",0
458575, 1,"R",43,"A",,"A",,"R",43,"A",,"A",,"A",,"A",,"A",
458575, 2,"R",37,"A",,"A",,"R",37,"A",,"A",,"A",,"A",,"A",
458575, 3,"R",37,"A",,"A",,"R",37,"A",,"A",,"A",,"A",,"A",
458575,12,"R",6,"A",,"A",,"R",6,"A",,"A",,"A",,"A",,"A",
458681, 1,"R",344,"R",0,"R",210,"R",134,"A",,"A",,"A",,"A",,"A",
458681, 2,"R",344,"R",0,"R",210,"R",134,"A",,"A",,"A",,"A",,"A",
458681, 3,"R",344,"R",0,"R",210,"R",134,"A",,"A",,"A",,"A",,"A",
458803, 1,"R",99,"A",,"A",,"R",99,"A",,"A",,"A",,"A",,"A",
458803, 2,"R",99,"A",,"A",,"R",99,"A",,"A",,"A",,"A",,"A",
458812, 1,"R",79,"A",,"A",,"R",79,"A",,"A",,"A",,"A",,"A",
458812, 2,"R",79,"A",,"A",,"R",79,"A",,"A",,"A",,"A",,"A",
458821, 1,"R",59,"A",,"A",,"R",59,"A",,"A",,"A",,"A",,"A",
458821, 2,"R",59,"A",,"A",,"R",59,"A",,"A",,"A",,"A",,"A",
458830, 1,"R",127,"A",,"A",,"R",127,"A",,"A",,"A",,"A",,"A",
458830, 2,"R",127,"A",,"A",,"R",127,"A",,"A",,"A",,"A",,"A",
458849, 1,"R",74,"A",,"A",,"R",74,"A",,"A",,"A",,"A",,"A",
458849, 2,"R",74,"A",,"A",,"R",74,"A",,"A",,"A",,"A",,"A",
458858, 1,"R",178,"A",,"A",,"R",178,"A",,"A",,"A",,"A",,"A",
458858, 2,"R",178,"A",,"A",,"R",178,"A",,"A",,"A",,"A",,"A",
458867, 1,"R",240,"A",,"A",,"R",240,"A",,"A",,"A",,"A",,"A",
458867, 2,"R",240,"A",,"A",,"R",240,"A",,"A",,"A",,"A",,"A",
458885, 1,"R",368,"R",355,"R",8,"R",5,"R",340,"R",15,"R",0,"R",0,"R",0
458885, 2,"R",292,"R",279,"R",8,"R",5,"R",272,"R",7,"R",0,"R",0,"R",0
458885, 3,"R",292,"R",279,"R",8,"R",5,"R",272,"R",7,"R",0,"R",0,"R",0
458885,12,"R",76,"R",76,"R",0,"R",0,"R",68,"R",8,"R",0,"R",0,"R",0
458919, 1,"R",7530,"R",6643,"R",742,"R",145,"R",6112,"R",529,"R",1,"R",1,"R",0
458919, 2,"R",6431,"R",5618,"R",698,"R",115,"R",5168,"R",448,"R",1,"R",1,"R",0
458919, 3,"R",6428,"R",5615,"R",698,"R",115,"R",5165,"R",448,"R",1,"R",1,"R",0
458919,11,"R",3,"R",3,"R",0,"R",0,"R",3,"R",0,"R",0,"R",0,"R",0
458919,12,"R",1099,"R",1025,"R",44,"R",30,"R",944,"R",81,"R",0,"R",0,"R",0
458955, 1,"R",508,"R",461,"R",36,"R",11,"R",439,"R",22,"R",0,"R",0,"R",0
458955, 2,"R",442,"R",395,"R",36,"R",11,"R",375,"R",20,"R",0,"R",0,"R",0
458955, 3,"R",442,"R",395,"R",36,"R",11,"R",375,"R",20,"R",0,"R",0,"R",0
458955,12,"R",66,"R",66,"R",0,"R",0,"R",64,"R",2,"R",0,"R",0,"R",0
458964, 1,"R",2687,"R",2450,"R",209,"R",28,"R",2348,"R",101,"Z",0,"R",1,"R",0
458964, 2,"R",2243,"R",2024,"R",198,"R",21,"R",1933,"R",90,"Z",0,"R",1,"R",0
458964, 3,"R",2243,"R",2024,"R",198,"R",21,"R",1933,"R",90,"Z",0,"R",1,"R",0
458964,12,"R",444,"R",426,"R",11,"R",7,"R",415,"R",11,"Z",0,"Z",0,"R",0
458973, 1,"R",2417,"R",2143,"R",243,"R",31,"R",2082,"R",60,"R",1,"R",0,"R",0
458973, 2,"R",2084,"R",1845,"R",224,"R",15,"R",1800,"R",44,"R",1,"R",0,"R",0
458973, 3,"R",2084,"R",1845,"R",224,"R",15,"R",1800,"R",44,"R",1,"R",0,"R",0
458973,12,"R",333,"R",298,"R",19,"R",16,"R",282,"R",16,"Z",0,"Z",0,"R",0
458982, 1,"R",671,"Z",0,"R",152,"R",519,"A",,"A",,"A",,"A",,"A",
458982, 2,"R",671,"Z",0,"R",152,"R",519,"A",,"A",,"A",,"A",,"A",
458982, 3,"R",640,"Z",0,"R",152,"R",488,"A",,"A",,"A",,"A",,"A",
458982,11,"R",31,"Z",0,"Z",0,"R",31,"A",,"A",,"A",,"A",,"A",
459000, 1,"R",62,"A",,"A",,"R",62,"A",,"A",,"A",,"A",,"A",
459000, 2,"R",62,"A",,"A",,"R",62,"A",,"A",,"A",,"A",,"A",
459019, 1,"R",86,"A",,"A",,"R",86,"A",,"A",,"A",,"A",,"A",
459019, 2,"R",86,"A",,"A",,"R",86,"A",,"A",,"A",,"A",,"A",
459037, 1,"R",67,"A",,"A",,"R",67,"A",,"A",,"A",,"A",,"A",
459037, 2,"R",67,"A",,"A",,"R",67,"A",,"A",,"A",,"A",,"A",
459046, 1,"R",75,"A",,"A",,"R",75,"A",,"A",,"A",,"A",,"A",
459046, 2,"R",75,"A",,"A",,"R",75,"A",,"A",,"A",,"A",,"A",
459055, 1,"R",82,"A",,"A",,"R",82,"A",,"A",,"A",,"A",,"A",
459055, 2,"R",82,"A",,"A",,"R",82,"A",,"A",,"A",,"A",,"A",
459064, 1,"R",107,"A",,"A",,"R",107,"A",,"A",,"A",,"A",,"A",
459064, 2,"R",107,"A",,"A",,"R",107,"A",,"A",,"A",,"A",,"A",
459073, 1,"R",46,"A",,"A",,"R",46,"A",,"A",,"A",,"A",,"A",
459073, 2,"R",46,"A",,"A",,"R",46,"A",,"A",,"A",,"A",,"A",
459082, 1,"R",166,"A",,"A",,"R",166,"A",,"A",,"A",,"A",,"A",
459082,12,"R",166,"A",,"A",,"R",166,"A",,"A",,"A",,"A",,"A",
459107, 1,"R",333,"R",17,"R",83,"R",233,"R",17,"R",0,"R",0,"R",0,"R",0
459107, 2,"R",333,"R",17,"R",83,"R",233,"R",17,"R",0,"R",0,"R",0,"R",0
459107, 3,"R",331,"R",17,"R",82,"R",232,"R",17,"R",0,"R",0,"R",0,"R",0
459107,11,"R",2,"R",0,"R",1,"R",1,"A",,"A",,"A",,"A",,"A",
459116, 1,"R",122,"A",,"A",,"R",122,"A",,"A",,"A",,"A",,"A",
459116, 2,"R",122,"A",,"A",,"R",122,"A",,"A",,"A",,"A",,"A",
459125, 1,"R",8,"A",,"A",,"R",8,"A",,"A",,"A",,"A",,"A",
459125, 2,"R",8,"A",,"A",,"R",8,"A",,"A",,"A",,"A",,"A",
459161, 1,"R",17,"A",,"A",,"R",17,"A",,"A",,"A",,"A",,"A",
459161, 2,"R",17,"A",,"A",,"R",17,"A",,"A",,"A",,"A",,"A",
459161, 3,"R",17,"A",,"A",,"R",17,"A",,"A",,"A",,"A",,"A",
459170, 1,"R",230,"A",,"A",,"R",230,"A",,"A",,"A",,"A",,"A",
459170, 2,"R",230,"A",,"A",,"R",230,"A",,"A",,"A",,"A",,"A",
459189, 1,"R",96,"A",,"A",,"R",96,"A",,"A",,"A",,"A",,"A",
459189, 2,"R",96,"A",,"A",,"R",96,"A",,"A",,"A",,"A",,"A",
459198, 1,"R",295,"A",,"A",,"R",295,"A",,"A",,"A",,"A",,"A",
459198, 2,"R",295,"A",,"A",,"R",295,"A",,"A",,"A",,"A",,"A",
459204, 1,"R",3774,"R",0,"R",300,"R",3474,"A",,"A",,"A",,"A",,"A",
459204, 2,"R",3774,"R",0,"R",300,"R",3474,"A",,"A",,"A",,"A",,"A",
459204, 3,"R",3774,"R",0,"R",300,"R",3474,"A",,"A",,"A",,"A",,"A",
459213, 1,"R",1687,"R",164,"R",149,"R",1374,"R",164,"Z",0,"Z",0,"Z",0,"R",0
459213, 2,"R",1687,"R",164,"R",149,"R",1374,"R",164,"Z",0,"Z",0,"Z",0,"R",0
459213, 3,"R",1687,"R",164,"R",149,"R",1374,"R",164,"Z",0,"Z",0,"Z",0,"R",0
459231, 1,"R",197,"A",,"A",,"R",197,"A",,"A",,"A",,"A",,"A",
459231, 2,"R",197,"A",,"A",,"R",197,"A",,"A",,"A",,"A",,"A",
459259, 1,"R",533,"Z",0,"R",245,"R",288,"A",,"A",,"A",,"A",,"A",
459259, 2,"R",379,"Z",0,"R",223,"R",156,"A",,"A",,"A",,"A",,"A",
459259, 3,"R",379,"Z",0,"R",223,"R",156,"A",,"A",,"A",,"A",,"A",
459259,12,"R",154,"Z",0,"R",22,"R",132,"A",,"A",,"A",,"A",,"A",
459268, 1,"R",477,"Z",0,"R",255,"R",222,"A",,"A",,"A",,"A",,"A",
459268, 2,"R",369,"Z",0,"R",232,"R",137,"A",,"A",,"A",,"A",,"A",
459268, 3,"R",369,"Z",0,"R",232,"R",137,"A",,"A",,"A",,"A",,"A",
459268,12,"R",108,"Z",0,"R",23,"R",85,"A",,"A",,"A",,"A",,"A",
459277, 1,"R",384,"A",,"A",,"R",384,"A",,"A",,"A",,"A",,"A",
459277, 2,"R",384,"A",,"A",,"R",384,"A",,"A",,"A",,"A",,"A",
459286, 1,"R",199,"A",,"A",,"R",199,"A",,"A",,"A",,"A",,"A",
459286, 2,"R",199,"A",,"A",,"R",199,"A",,"A",,"A",,"A",,"A",
459295, 1,"R",26,"A",,"A",,"R",26,"A",,"A",,"A",,"A",,"A",
459295, 2,"R",26,"A",,"A",,"R",26,"A",,"A",,"A",,"A",,"A",
459301, 1,"R",127,"A",,"A",,"R",127,"A",,"A",,"A",,"A",,"A",
459301, 2,"R",127,"A",,"A",,"R",127,"A",,"A",,"A",,"A",,"A",
459310, 1,"R",72,"A",,"A",,"R",72,"A",,"A",,"A",,"A",,"A",
459310, 2,"R",72,"A",,"A",,"R",72,"A",,"A",,"A",,"A",,"A",
459310, 3,"R",72,"A",,"A",,"R",72,"A",,"A",,"A",,"A",,"A",
459329, 1,"R",215,"A",,"A",,"R",215,"A",,"A",,"A",,"A",,"A",
459329, 2,"R",215,"A",,"A",,"R",215,"A",,"A",,"A",,"A",,"A",
459329, 3,"R",215,"A",,"A",,"R",215,"A",,"A",,"A",,"A",,"A",
459347, 1,"R",48,"A",,"A",,"R",48,"A",,"A",,"A",,"A",,"A",
459347, 2,"R",48,"A",,"A",,"R",48,"A",,"A",,"A",,"A",,"A",
459374, 1,"R",132,"A",,"A",,"R",132,"A",,"A",,"A",,"A",,"A",
459374, 2,"R",132,"A",,"A",,"R",132,"A",,"A",,"A",,"A",,"A",
459392, 1,"R",140,"A",,"A",,"R",140,"A",,"A",,"A",,"A",,"A",
459392, 2,"R",140,"A",,"A",,"R",140,"A",,"A",,"A",,"A",,"A",
459408, 1,"R",59,"A",,"A",,"R",59,"A",,"A",,"A",,"A",,"A",
459408, 2,"R",59,"A",,"A",,"R",59,"A",,"A",,"A",,"A",,"A",
459408, 3,"R",59,"A",,"A",,"R",59,"A",,"A",,"A",,"A",,"A",
459417, 1,"R",125,"A",,"A",,"R",125,"A",,"A",,"A",,"A",,"A",
459417, 2,"R",125,"A",,"A",,"R",125,"A",,"A",,"A",,"A",,"A",
459417, 3,"R",125,"A",,"A",,"R",125,"A",,"A",,"A",,"A",,"A",
459426, 1,"R",111,"A",,"A",,"R",111,"A",,"A",,"A",,"A",,"A",
459426, 2,"R",111,"A",,"A",,"R",111,"A",,"A",,"A",,"A",,"A",
459462, 1,"R",311,"A",,"A",,"R",311,"A",,"A",,"A",,"A",,"A",
459462, 2,"R",311,"A",,"A",,"R",311,"A",,"A",,"A",,"A",,"A",
459499, 1,"R",28,"A",,"A",,"R",28,"A",,"A",,"A",,"A",,"A",
459499, 2,"R",28,"A",,"A",,"R",28,"A",,"A",,"A",,"A",,"A",
459514, 1,"R",160,"R",0,"R",32,"R",128,"A",,"A",,"A",,"A",,"A",
459514, 2,"R",160,"R",0,"R",32,"R",128,"A",,"A",,"A",,"A",,"A",
459514, 3,"R",160,"R",0,"R",32,"R",128,"A",,"A",,"A",,"A",,"A",
459523, 1,"R",33,"A",,"A",,"R",33,"A",,"A",,"A",,"A",,"A",
459523, 2,"R",33,"A",,"A",,"R",33,"A",,"A",,"A",,"A",,"A",
459532, 1,"R",84,"A",,"A",,"R",84,"A",,"A",,"A",,"A",,"A",
459532, 2,"R",84,"A",,"A",,"R",84,"A",,"A",,"A",,"A",,"A",
459541, 1,"R",32,"A",,"A",,"R",32,"A",,"A",,"A",,"A",,"A",
459541, 2,"R",32,"A",,"A",,"R",32,"A",,"A",,"A",,"A",,"A",
459550, 1,"R",121,"A",,"A",,"R",121,"A",,"A",,"A",,"A",,"A",
459550, 2,"R",121,"A",,"A",,"R",121,"A",,"A",,"A",,"A",,"A",
459578, 1,"R",85,"A",,"A",,"R",85,"A",,"A",,"A",,"A",,"A",
459578, 2,"R",85,"A",,"A",,"R",85,"A",,"A",,"A",,"A",,"A",
459727, 1,"R",1672,"R",1601,"R",29,"R",42,"R",411,"R",1132,"R",6,"R",45,"R",7
459727, 2,"R",509,"R",438,"R",29,"R",42,"R",85,"R",337,"R",0,"R",9,"R",7
459727, 3,"R",475,"R",412,"R",29,"R",34,"R",82,"R",315,"R",0,"R",8,"R",7
459727,11,"R",34,"R",26,"R",0,"R",8,"R",3,"R",22,"R",0,"R",1,"R",0
459727,12,"R",1163,"R",1163,"R",0,"R",0,"R",326,"R",795,"R",6,"R",36,"R",0
459736, 1,"R",1435,"R",25,"Z",0,"R",1410,"R",25,"Z",0,"Z",0,"Z",0,"R",0
459736,12,"R",1435,"R",25,"Z",0,"R",1410,"R",25,"Z",0,"Z",0,"Z",0,"R",0
459745, 1,"R",452,"R",31,"R",35,"R",386,"R",2,"R",29,"R",0,"R",0,"R",0
459745,12,"R",452,"R",31,"R",35,"R",386,"R",2,"R",29,"R",0,"R",0,"R",0
459824, 1,"R",1479,"R",298,"R",0,"R",1181,"R",226,"R",72,"R",0,"R",0,"R",0
459824, 2,"R",65,"R",65,"R",0,"R",0,"R",48,"R",17,"R",0,"R",0,"R",0
459824, 3,"R",65,"R",65,"R",0,"R",0,"R",48,"R",17,"R",0,"R",0,"R",0
459824,12,"R",1414,"R",233,"R",0,"R",1181,"R",178,"R",55,"R",0,"R",0,"R",0
459842, 1,"R",443,"R",133,"R",177,"R",133,"R",96,"R",37,"Z",0,"Z",0,"R",0
459842, 2,"R",428,"R",118,"R",177,"R",133,"R",84,"R",34,"Z",0,"Z",0,"R",0
459842, 3,"R",426,"R",116,"R",177,"R",133,"R",82,"R",34,"Z",0,"Z",0,"R",0
459842,11,"R",2,"R",2,"Z",0,"R",0,"R",2,"Z",0,"Z",0,"Z",0,"R",0
459842,12,"R",15,"R",15,"Z",0,"R",0,"R",12,"R",3,"Z",0,"Z",0,"R",0
459851, 1,"R",411,"R",258,"R",106,"R",47,"R",130,"R",128,"Z",0,"Z",0,"R",0
459851, 2,"R",404,"R",251,"R",106,"R",47,"R",125,"R",126,"Z",0,"Z",0,"R",0
459851, 3,"R",404,"R",251,"R",106,"R",47,"R",125,"R",126,"Z",0,"Z",0,"R",0
459851,12,"R",7,"R",7,"Z",0,"R",0,"R",5,"R",2,"Z",0,"Z",0,"R",0
459949, 1,"R",6557,"R",179,"R",694,"R",5684,"R",179,"Z",0,"Z",0,"Z",0,"R",0
459949, 2,"R",5703,"R",178,"R",674,"R",4851,"R",178,"Z",0,"Z",0,"Z",0,"R",0
459949, 3,"R",5673,"R",178,"R",674,"R",4821,"R",178,"Z",0,"Z",0,"Z",0,"R",0
459949,11,"R",30,"Z",0,"Z",0,"R",30,"A",,"A",,"A",,"A",,"A",
459949,12,"R",854,"R",1,"R",20,"R",833,"R",1,"Z",0,"Z",0,"Z",0,"R",0
459958, 1,"R",331,"A",,"A",,"R",331,"A",,"A",,"A",,"A",,"A",
459958, 2,"R",331,"A",,"A",,"R",331,"A",,"A",,"A",,"A",,"A",
459958, 3,"R",331,"A",,"A",,"R",331,"A",,"A",,"A",,"A",,"A",
459967, 1,"R",362,"R",0,"R",0,"R",362,"A",,"A",,"A",,"A",,"A",
459967, 2,"R",362,"R",0,"R",0,"R",362,"A",,"A",,"A",,"A",,"A",
459985, 1,"R",333,"R",0,"R",0,"R",333,"A",,"A",,"A",,"A",,"A",
459985, 2,"R",333,"R",0,"R",0,"R",333,"A",,"A",,"A",,"A",,"A",
459994, 1,"R",10498,"R",10389,"R",36,"R",73,"R",46,"R",10091,"R",13,"R",235,"R",4
459994, 2,"R",6699,"R",6679,"R",15,"R",5,"R",31,"R",6634,"R",10,"R",4,"R",0
459994, 3,"R",6658,"R",6639,"R",14,"R",5,"R",31,"R",6596,"R",10,"R",2,"R",0
459994,11,"R",41,"R",40,"R",1,"R",0,"Z",0,"R",38,"R",0,"R",2,"R",0
459994,12,"R",3799,"R",3710,"R",21,"R",68,"R",15,"R",3457,"R",3,"R",231,"R",4
460011, 1,"R",157,"A",,"A",,"R",157,"A",,"A",,"A",,"A",,"A",
460011, 2,"R",157,"A",,"A",,"R",157,"A",,"A",,"A",,"A",,"A",
460020, 1,"R",382,"A",,"A",,"R",382,"A",,"A",,"A",,"A",,"A",
460020, 2,"R",382,"A",,"A",,"R",382,"A",,"A",,"A",,"A",,"A",
460020, 3,"R",382,"A",,"A",,"R",382,"A",,"A",,"A",,"A",,"A",
460075, 1,"R",20,"A",,"A",,"R",20,"A",,"A",,"A",,"A",,"A",
460075,12,"R",20,"A",,"A",,"R",20,"A",,"A",,"A",,"A",,"A",
460093, 1,"R",98,"A",,"A",,"R",98,"A",,"A",,"A",,"A",,"A",
460093, 2,"R",98,"A",,"A",,"R",98,"A",,"A",,"A",,"A",,"A",
460109, 1,"R",132,"A",,"A",,"R",132,"A",,"A",,"A",,"A",,"A",
460109, 2,"R",132,"A",,"A",,"R",132,"A",,"A",,"A",,"A",,"A",
460109, 3,"R",132,"A",,"A",,"R",132,"A",,"A",,"A",,"A",,"A",
460118, 1,"R",180,"A",,"A",,"R",180,"A",,"A",,"A",,"A",,"A",
460118, 2,"R",180,"A",,"A",,"R",180,"A",,"A",,"A",,"A",,"A",
460127, 1,"R",86,"A",,"A",,"R",86,"A",,"A",,"A",,"A",,"A",
460127, 2,"R",86,"A",,"A",,"R",86,"A",,"A",,"A",,"A",,"A",
460136, 1,"R",784,"R",0,"R",7,"R",777,"A",,"A",,"A",,"A",,"A",
460136, 2,"R",784,"R",0,"R",7,"R",777,"A",,"A",,"A",,"A",,"A",
460136, 3,"R",784,"R",0,"R",7,"R",777,"A",,"A",,"A",,"A",,"A",
460145, 1,"R",126,"R",0,"R",126,"R",0,"A",,"A",,"A",,"A",,"A",
460145, 2,"R",126,"R",0,"R",126,"R",0,"A",,"A",,"A",,"A",,"A",
460172, 1,"R",658,"A",,"A",,"R",658,"A",,"A",,"A",,"A",,"A",
460172, 2,"R",658,"A",,"A",,"R",658,"A",,"A",,"A",,"A",,"A",
460181, 1,"R",701,"A",,"A",,"R",701,"A",,"A",,"A",,"A",,"A",
460181, 2,"R",701,"A",,"A",,"R",701,"A",,"A",,"A",,"A",,"A",
460181, 3,"R",701,"A",,"A",,"R",701,"A",,"A",,"A",,"A",,"A",
460190, 1,"R",462,"A",,"A",,"R",462,"A",,"A",,"A",,"A",,"A",
460190, 2,"R",462,"A",,"A",,"R",462,"A",,"A",,"A",,"A",,"A",
460190, 3,"R",462,"A",,"A",,"R",462,"A",,"A",,"A",,"A",,"A",
460206, 1,"R",676,"A",,"A",,"R",676,"A",,"A",,"A",,"A",,"A",
460206, 2,"R",676,"A",,"A",,"R",676,"A",,"A",,"A",,"A",,"A",
460206, 3,"R",676,"A",,"A",,"R",676,"A",,"A",,"A",,"A",,"A",
460349, 1,"R",1508,"R",1508,"A",,"A",,"R",220,"R",1268,"R",18,"R",2,"R",0
460349, 2,"R",890,"R",890,"A",,"A",,"R",103,"R",778,"R",8,"R",1,"R",0
460349, 3,"R",886,"R",886,"A",,"A",,"R",102,"R",775,"R",8,"R",1,"R",0
460349,11,"R",4,"R",4,"A",,"A",,"R",1,"R",3,"R",0,"R",0,"R",0
460349,12,"R",618,"R",618,"A",,"A",,"R",117,"R",490,"R",10,"R",1,"R",0
460376, 1,"R",282,"R",31,"R",120,"R",131,"R",16,"R",10,"R",0,"R",5,"R",0
460376, 2,"R",49,"R",5,"R",32,"R",12,"R",3,"R",2,"R",0,"R",0,"R",0
460376, 3,"R",49,"R",5,"R",32,"R",12,"R",3,"R",2,"R",0,"R",0,"R",0
460376,12,"R",233,"R",26,"R",88,"R",119,"R",13,"R",8,"R",0,"R",5,"R",0
460385, 1,"R",51,"A",,"A",,"R",51,"A",,"A",,"A",,"A",,"A",
460385, 2,"R",51,"A",,"A",,"R",51,"A",,"A",,"A",,"A",,"A",
460394, 1,"R",10074,"R",1334,"R",1038,"R",7702,"R",1316,"R",0,"R",6,"R",12,"R",0
460394, 2,"R",10074,"R",1334,"R",1038,"R",7702,"R",1316,"R",0,"R",6,"R",12,"R",0
460394, 3,"R",8553,"R",1126,"R",1000,"R",6427,"R",1108,"R",0,"R",6,"R",12,"R",0
460394,11,"R",1521,"R",208,"R",38,"R",1275,"R",208,"R",0,"R",0,"R",0,"R",0
460446, 1,"R",159,"A",,"A",,"R",159,"A",,"A",,"A",,"A",,"A",
460446, 2,"R",159,"A",,"A",,"R",159,"A",,"A",,"A",,"A",,"A",
460455, 1,"R",95,"A",,"A",,"R",95,"A",,"A",,"A",,"A",,"A",
460455, 2,"R",95,"A",,"A",,"R",95,"A",,"A",,"A",,"A",,"A",
460464, 1,"R",10875,"R",1236,"R",1194,"R",8445,"R",1231,"R",0,"R",2,"R",3,"R",0
460464, 2,"R",10875,"R",1236,"R",1194,"R",8445,"R",1231,"R",0,"R",2,"R",3,"R",0
460464, 3,"R",9073,"R",1017,"R",1099,"R",6957,"R",1013,"R",0,"R",1,"R",3,"R",0
460464,11,"R",1802,"R",219,"R",95,"R",1488,"R",218,"R",0,"R",1,"R",0,"R",0
460482, 1,"R",157,"A",,"A",,"R",157,"A",,"A",,"A",,"A",,"A",
460482, 2,"R",157,"A",,"A",,"R",157,"A",,"A",,"A",,"A",,"A",
460516, 1,"R",130,"A",,"A",,"R",130,"A",,"A",,"A",,"A",,"A",
460516, 2,"R",130,"A",,"A",,"R",130,"A",,"A",,"A",,"A",,"A",
460525, 1,"R",95,"A",,"A",,"R",95,"A",,"A",,"A",,"A",,"A",
460525, 2,"R",95,"A",,"A",,"R",95,"A",,"A",,"A",,"A",,"A",
460534, 1,"R",276,"A",,"A",,"R",276,"A",,"A",,"A",,"A",,"A",
460534, 2,"R",276,"A",,"A",,"R",276,"A",,"A",,"A",,"A",,"A",
460543, 1,"R",1266,"A",,"A",,"R",1266,"A",,"A",,"A",,"A",,"A",
460543, 2,"R",1266,"A",,"A",,"R",1266,"A",,"A",,"A",,"A",,"A",
460543, 3,"R",1266,"A",,"A",,"R",1266,"A",,"A",,"A",,"A",,"A",
460552, 1,"R",69,"A",,"A",,"R",69,"A",,"A",,"A",,"A",,"A",
460552, 2,"R",69,"A",,"A",,"R",69,"A",,"A",,"A",,"A",,"A",
460570, 1,"R",117,"A",,"A",,"R",117,"A",,"A",,"A",,"A",,"A",
460570, 2,"R",117,"A",,"A",,"R",117,"A",,"A",,"A",,"A",,"A",
460598, 1,"R",206,"A",,"A",,"R",206,"A",,"A",,"A",,"A",,"A",
460598, 2,"R",206,"A",,"A",,"R",206,"A",,"A",,"A",,"A",,"A",
460640, 1,"R",28,"A",,"A",,"R",28,"A",,"A",,"A",,"A",,"A",
460640, 2,"R",28,"A",,"A",,"R",28,"A",,"A",,"A",,"A",,"A",
460677, 1,"R",376,"R",2,"R",4,"R",370,"R",2,"R",0,"Z",0,"Z",0,"R",0
460677, 2,"R",376,"R",2,"R",4,"R",370,"R",2,"R",0,"Z",0,"Z",0,"R",0
460677, 3,"R",376,"R",2,"R",4,"R",370,"R",2,"R",0,"Z",0,"Z",0,"R",0
460701, 1,"R",159,"A",,"A",,"R",159,"A",,"A",,"A",,"A",,"A",
460701, 2,"R",159,"A",,"A",,"R",159,"A",,"A",,"A",,"A",,"A",
460738, 1,"R",2674,"R",2674,"A",,"A",,"R",88,"R",2573,"R",7,"R",6,"R",0
460738, 2,"R",1444,"R",1444,"A",,"A",,"R",45,"R",1399,"Z",0,"Z",0,"R",0
460738, 3,"R",1441,"R",1441,"A",,"A",,"R",45,"R",1396,"Z",0,"Z",0,"R",0
460738,11,"R",3,"R",3,"A",,"A",,"Z",0,"R",3,"Z",0,"Z",0,"R",0
460738,12,"R",1230,"R",1230,"A",,"A",,"R",43,"R",1174,"R",7,"R",6,"R",0
460756, 1,"R",691,"R",40,"R",651,"R",0,"R",40,"R",0,"R",0,"R",0,"R",0
460756, 2,"R",691,"R",40,"R",651,"R",0,"R",40,"R",0,"R",0,"R",0,"R",0
460756, 3,"R",271,"R",34,"R",237,"R",0,"R",34,"R",0,"R",0,"R",0,"R",0
460756,11,"R",420,"R",6,"R",414,"R",0,"R",6,"R",0,"R",0,"R",0,"R",0
460765, 1,"R",58,"A",,"A",,"R",58,"A",,"A",,"A",,"A",,"A",
460765, 2,"R",58,"A",,"A",,"R",58,"A",,"A",,"A",,"A",,"A",
460783, 1,"R",325,"R",325,"A",,"A",,"R",46,"R",279,"Z",0,"Z",0,"R",0
460783, 2,"R",325,"R",325,"A",,"A",,"R",46,"R",279,"Z",0,"Z",0,"R",0
460783, 3,"R",325,"R",325,"A",,"A",,"R",46,"R",279,"Z",0,"Z",0,"R",0
460808, 1,"R",22,"A",,"A",,"R",22,"A",,"A",,"A",,"A",,"A",
460808, 2,"R",22,"A",,"A",,"R",22,"A",,"A",,"A",,"A",,"A",
460808, 3,"R",22,"A",,"A",,"R",22,"A",,"A",,"A",,"A",,"A",
460817, 1,"R",345,"Z",0,"R",213,"R",132,"A",,"A",,"A",,"A",,"A",
460817, 2,"R",345,"Z",0,"R",213,"R",132,"A",,"A",,"A",,"A",,"A",
460817, 3,"R",345,"Z",0,"R",213,"R",132,"A",,"A",,"A",,"A",,"A",
460826, 1,"R",426,"Z",0,"R",265,"R",161,"A",,"A",,"A",,"A",,"A",
460826, 2,"R",426,"Z",0,"R",265,"R",161,"A",,"A",,"A",,"A",,"A",
460826, 3,"R",426,"Z",0,"R",265,"R",161,"A",,"A",,"A",,"A",,"A",
460835, 1,"R",901,"R",490,"R",275,"R",136,"R",91,"R",399,"Z",0,"Z",0,"R",0
460835, 2,"R",901,"R",490,"R",275,"R",136,"R",91,"R",399,"Z",0,"Z",0,"R",0
460835, 3,"R",901,"R",490,"R",275,"R",136,"R",91,"R",399,"Z",0,"Z",0,"R",0
460862, 1,"R",244,"A",,"A",,"R",244,"A",,"A",,"A",,"A",,"A",
460862, 2,"R",244,"A",,"A",,"R",244,"A",,"A",,"A",,"A",,"A",
460871, 1,"R",506,"R",9,"R",288,"R",209,"R",5,"R",4,"R",0,"R",0,"R",0
460871, 2,"R",506,"R",9,"R",288,"R",209,"R",5,"R",4,"R",0,"R",0,"R",0
460871, 3,"R",506,"R",9,"R",288,"R",209,"R",5,"R",4,"R",0,"R",0,"R",0
460899, 1,"R",225,"R",0,"R",225,"R",0,"A",,"A",,"A",,"A",,"A",
460899, 2,"R",225,"R",0,"R",225,"R",0,"A",,"A",,"A",,"A",,"A",
460899, 3,"R",225,"R",0,"R",225,"R",0,"A",,"A",,"A",,"A",,"A",
460914, 1,"R",256,"A",,"A",,"R",256,"A",,"A",,"A",,"A",,"A",
460914, 2,"R",256,"A",,"A",,"R",256,"A",,"A",,"A",,"A",,"A",
460932, 1,"R",66,"A",,"A",,"R",66,"A",,"A",,"A",,"A",,"A",
460932, 2,"R",66,"A",,"A",,"R",66,"A",,"A",,"A",,"A",,"A",
460969, 1,"R",213,"A",,"A",,"R",213,"A",,"A",,"A",,"A",,"A",
460969, 2,"R",213,"A",,"A",,"R",213,"A",,"A",,"A",,"A",,"A",
460978, 1,"R",215,"A",,"A",,"R",215,"A",,"A",,"A",,"A",,"A",
460978, 2,"R",215,"A",,"A",,"R",215,"A",,"A",,"A",,"A",,"A",
460987, 1,"R",88,"A",,"A",,"R",88,"A",,"A",,"A",,"A",,"A",
460987, 2,"R",88,"A",,"A",,"R",88,"A",,"A",,"A",,"A",,"A",
460996, 1,"R",118,"A",,"A",,"R",118,"A",,"A",,"A",,"A",,"A",
460996, 2,"R",118,"A",,"A",,"R",118,"A",,"A",,"A",,"A",,"A",
461005, 1,"R",226,"R",0,"R",126,"R",100,"A",,"A",,"A",,"A",,"A",
461005, 2,"R",226,"R",0,"R",126,"R",100,"A",,"A",,"A",,"A",,"A",
461005, 3,"R",226,"R",0,"R",126,"R",100,"A",,"A",,"A",,"A",,"A",
461014, 1,"R",993,"R",0,"R",606,"R",387,"A",,"A",,"A",,"A",,"A",
461014, 2,"R",993,"R",0,"R",606,"R",387,"A",,"A",,"A",,"A",,"A",
461014, 3,"R",993,"R",0,"R",606,"R",387,"A",,"A",,"A",,"A",,"A",
461023, 1,"R",806,"R",806,"A",,"A",,"R",31,"R",771,"Z",0,"R",4,"R",0
461023, 2,"R",701,"R",701,"A",,"A",,"R",26,"R",672,"Z",0,"R",3,"R",0
461023, 3,"R",700,"R",700,"A",,"A",,"R",26,"R",671,"Z",0,"R",3,"R",0
461023,11,"R",1,"R",1,"A",,"A",,"Z",0,"R",1,"Z",0,"Z",0,"R",0
461023,12,"R",105,"R",105,"A",,"A",,"R",5,"R",99,"Z",0,"R",1,"R",0
461032, 1,"R",182,"R",80,"R",29,"R",73,"R",51,"R",27,"R",0,"R",2,"R",0
461032, 2,"R",182,"R",80,"R",29,"R",73,"R",51,"R",27,"R",0,"R",2,"R",0
461032, 3,"R",181,"R",80,"R",29,"R",72,"R",51,"R",27,"R",0,"R",2,"R",0
461032,11,"R",1,"R",0,"R",0,"R",1,"A",,"A",,"A",,"A",,"A",
461111, 1,"P",46,"A",,"A",,"P",46,"A",,"A",,"A",,"A",,"A",
461111, 2,"P",46,"A",,"A",,"P",46,"A",,"A",,"A",,"A",,"A",
461120, 1,"R",75,"A",,"A",,"R",75,"A",,"A",,"A",,"A",,"A",
461120,12,"R",75,"A",,"A",,"R",75,"A",,"A",,"A",,"A",,"A",
461139, 1,"R",61,"A",,"A",,"R",61,"A",,"A",,"A",,"A",,"A",
461139,12,"R",61,"A",,"A",,"R",61,"A",,"A",,"A",,"A",,"A",
461148, 1,"R",1389,"R",0,"R",0,"R",1389,"A",,"A",,"A",,"A",,"A",
461148, 2,"R",973,"R",0,"Z",0,"R",973,"A",,"A",,"A",,"A",,"A",
461148, 3,"R",973,"R",0,"Z",0,"R",973,"A",,"A",,"A",,"A",,"A",
461148,12,"R",416,"A",,"A",,"R",416,"A",,"A",,"A",,"A",,"A",
461157, 1,"R",38,"A",,"A",,"R",38,"A",,"A",,"A",,"A",,"A",
461157, 2,"R",38,"A",,"A",,"R",38,"A",,"A",,"A",,"A",,"A",
461175, 1,"R",226,"A",,"A",,"R",226,"A",,"A",,"A",,"A",,"A",
461175, 2,"R",226,"A",,"A",,"R",226,"A",,"A",,"A",,"A",,"A",
461193, 1,"R",212,"A",,"A",,"R",212,"A",,"A",,"A",,"A",,"A",
461193, 2,"R",212,"A",,"A",,"R",212,"A",,"A",,"A",,"A",,"A",
461218, 1,"R",340,"R",147,"R",0,"R",193,"R",108,"R",39,"R",0,"R",0,"R",0
461218, 2,"R",340,"R",147,"R",0,"R",193,"R",108,"R",39,"R",0,"R",0,"R",0
461218, 3,"R",340,"R",147,"R",0,"R",193,"R",108,"R",39,"R",0,"R",0,"R",0
461245, 1,"R",88,"A",,"A",,"R",88,"A",,"A",,"A",,"A",,"A",
461245, 2,"R",88,"A",,"A",,"R",88,"A",,"A",,"A",,"A",,"A",
461245, 3,"R",88,"A",,"A",,"R",88,"A",,"A",,"A",,"A",,"A",
461254, 1,"R",48,"A",,"A",,"R",48,"A",,"A",,"A",,"A",,"A",
461254, 2,"R",48,"A",,"A",,"R",48,"A",,"A",,"A",,"A",,"A",
461263, 1,"R",30,"A",,"A",,"R",30,"A",,"A",,"A",,"A",,"A",
461263, 2,"R",30,"A",,"A",,"R",30,"A",,"A",,"A",,"A",,"A",
461263, 3,"R",30,"A",,"A",,"R",30,"A",,"A",,"A",,"A",,"A",
461272, 1,"R",35,"A",,"A",,"R",35,"A",,"A",,"A",,"A",,"A",
461272, 2,"R",35,"A",,"A",,"R",35,"A",,"A",,"A",,"A",,"A",
461281, 1,"R",330,"A",,"A",,"R",330,"A",,"A",,"A",,"A",,"A",
461281, 2,"R",328,"A",,"A",,"R",328,"A",,"A",,"A",,"A",,"A",
461281, 3,"R",37,"A",,"A",,"R",37,"A",,"A",,"A",,"A",,"A",
461281,11,"R",291,"A",,"A",,"R",291,"A",,"A",,"A",,"A",,"A",
461281,12,"R",2,"A",,"A",,"R",2,"A",,"A",,"A",,"A",,"A",
461290, 1,"R",20,"A",,"A",,"R",20,"A",,"A",,"A",,"A",,"A",
461290, 2,"R",20,"A",,"A",,"R",20,"A",,"A",,"A",,"A",,"A",
461306, 1,"R",117,"A",,"A",,"R",117,"A",,"A",,"A",,"A",,"A",
461306, 2,"R",117,"A",,"A",,"R",117,"A",,"A",,"A",,"A",,"A",
461306, 3,"R",85,"A",,"A",,"R",85,"A",,"A",,"A",,"A",,"A",
461306,11,"R",32,"A",,"A",,"R",32,"A",,"A",,"A",,"A",,"A",
461315, 1,"R",84,"A",,"A",,"R",84,"A",,"A",,"A",,"A",,"A",
461315, 2,"R",84,"A",,"A",,"R",84,"A",,"A",,"A",,"A",,"A",
461315, 3,"R",74,"A",,"A",,"R",74,"A",,"A",,"A",,"A",,"A",
461315,11,"R",10,"A",,"A",,"R",10,"A",,"A",,"A",,"A",,"A",
461324, 1,"R",584,"R",71,"R",513,"R",0,"R",1,"R",70,"R",0,"R",0,"R",0
461324, 2,"R",584,"R",71,"R",513,"R",0,"R",1,"R",70,"R",0,"R",0,"R",0
461324, 3,"R",584,"R",71,"R",513,"R",0,"R",1,"R",70,"R",0,"R",0,"R",0
461333, 1,"R",14,"A",,"A",,"R",14,"A",,"A",,"A",,"A",,"A",
461333, 2,"R",14,"A",,"A",,"R",14,"A",,"A",,"A",,"A",,"A",
461342, 1,"R",94,"A",,"A",,"R",94,"A",,"A",,"A",,"A",,"A",
461342, 2,"R",94,"A",,"A",,"R",94,"A",,"A",,"A",,"A",,"A",
461351, 1,"R",524,"A",,"A",,"R",524,"A",,"A",,"A",,"A",,"A",
461351, 2,"R",524,"A",,"A",,"R",524,"A",,"A",,"A",,"A",,"A",
461360, 1,"R",15,"A",,"A",,"R",15,"A",,"A",,"A",,"A",,"A",
461360, 2,"R",15,"A",,"A",,"R",15,"A",,"A",,"A",,"A",,"A",
461379, 1,"R",17,"A",,"A",,"R",17,"A",,"A",,"A",,"A",,"A",
461379, 2,"R",17,"A",,"A",,"R",17,"A",,"A",,"A",,"A",,"A",
461388, 1,"R",57,"A",,"A",,"R",57,"A",,"A",,"A",,"A",,"A",
461388, 2,"R",57,"A",,"A",,"R",57,"A",,"A",,"A",,"A",,"A",
461412, 1,"R",122,"A",,"A",,"R",122,"A",,"A",,"A",,"A",,"A",
461412, 2,"R",122,"A",,"A",,"R",122,"A",,"A",,"A",,"A",,"A",
461421, 1,"R",213,"A",,"A",,"R",213,"A",,"A",,"A",,"A",,"A",
461421, 2,"R",213,"A",,"A",,"R",213,"A",,"A",,"A",,"A",,"A",
461430, 1,"R",669,"A",,"A",,"R",669,"A",,"A",,"A",,"A",,"A",
461430, 2,"R",669,"A",,"A",,"R",669,"A",,"A",,"A",,"A",,"A",
461485, 1,"R",96,"R",20,"R",7,"R",69,"R",3,"R",17,"R",0,"R",0,"R",0
461485,12,"R",96,"R",20,"R",7,"R",69,"R",3,"R",17,"R",0,"R",0,"R",0
461494, 1,"R",213,"A",,"A",,"R",213,"A",,"A",,"A",,"A",,"A",
461494, 2,"R",213,"A",,"A",,"R",213,"A",,"A",,"A",,"A",,"A",
461500, 1,"R",31,"A",,"A",,"R",31,"A",,"A",,"A",,"A",,"A",
461500, 2,"R",31,"A",,"A",,"R",31,"A",,"A",,"A",,"A",,"A",
461528, 1,"R",157,"R",23,"R",134,"R",0,"R",3,"R",19,"Z",0,"R",1,"R",0
461528, 2,"R",124,"R",22,"R",102,"R",0,"R",3,"R",18,"Z",0,"R",1,"R",0
461528, 3,"R",119,"R",22,"R",97,"R",0,"R",3,"R",18,"Z",0,"R",1,"R",0
461528,11,"R",5,"Z",0,"R",5,"R",0,"A",,"A",,"A",,"A",,"A",
461528,12,"R",33,"R",1,"R",32,"R",0,"Z",0,"R",1,"Z",0,"Z",0,"R",0
461537, 1,"R",18,"A",,"A",,"R",18,"A",,"A",,"A",,"A",,"A",
461537, 2,"R",18,"A",,"A",,"R",18,"A",,"A",,"A",,"A",,"A",
461546, 1,"R",25,"A",,"A",,"R",25,"A",,"A",,"A",,"A",,"A",
461546, 2,"R",25,"A",,"A",,"R",25,"A",,"A",,"A",,"A",,"A",
461555, 1,"R",90,"A",,"A",,"R",90,"A",,"A",,"A",,"A",,"A",
461555, 2,"R",90,"A",,"A",,"R",90,"A",,"A",,"A",,"A",,"A",
461573, 1,"R",120,"A",,"A",,"R",120,"A",,"A",,"A",,"A",,"A",
461573, 2,"R",120,"A",,"A",,"R",120,"A",,"A",,"A",,"A",,"A",
461573, 3,"R",120,"A",,"A",,"R",120,"A",,"A",,"A",,"A",,"A",
461582, 1,"R",136,"A",,"A",,"R",136,"A",,"A",,"A",,"A",,"A",
461582, 2,"R",136,"A",,"A",,"R",136,"A",,"A",,"A",,"A",,"A",
461591, 1,"R",139,"A",,"A",,"R",139,"A",,"A",,"A",,"A",,"A",
461591, 2,"R",139,"A",,"A",,"R",139,"A",,"A",,"A",,"A",,"A",
461607, 1,"R",96,"A",,"A",,"R",96,"A",,"A",,"A",,"A",,"A",
461607, 2,"R",96,"A",,"A",,"R",96,"A",,"A",,"A",,"A",,"A",
461625, 1,"R",39,"A",,"A",,"R",39,"A",,"A",,"A",,"A",,"A",
461625, 2,"R",39,"A",,"A",,"R",39,"A",,"A",,"A",,"A",,"A",
461643, 1,"R",60,"A",,"A",,"R",60,"A",,"A",,"A",,"A",,"A",
461643, 2,"R",24,"A",,"A",,"R",24,"A",,"A",,"A",,"A",,"A",
461643, 3,"R",24,"A",,"A",,"R",24,"A",,"A",,"A",,"A",,"A",
461643,12,"R",36,"A",,"A",,"R",36,"A",,"A",,"A",,"A",,"A",
461652, 1,"R",54,"A",,"A",,"R",54,"A",,"A",,"A",,"A",,"A",
461652, 2,"R",54,"A",,"A",,"R",54,"A",,"A",,"A",,"A",,"A",
461689, 1,"R",230,"R",0,"R",3,"R",227,"A",,"A",,"A",,"A",,"A",
461689, 2,"R",230,"R",0,"R",3,"R",227,"A",,"A",,"A",,"A",,"A",
461689, 3,"R",230,"R",0,"R",3,"R",227,"A",,"A",,"A",,"A",,"A",
461704, 1,"R",123,"A",,"A",,"R",123,"A",,"A",,"A",,"A",,"A",
461704, 2,"R",123,"A",,"A",,"R",123,"A",,"A",,"A",,"A",,"A",
461713, 1,"R",49,"A",,"A",,"R",49,"A",,"A",,"A",,"A",,"A",
461713, 2,"R",49,"A",,"A",,"R",49,"A",,"A",,"A",,"A",,"A",
461722, 1,"R",22,"A",,"A",,"R",22,"A",,"A",,"A",,"A",,"A",
461722, 2,"R",22,"A",,"A",,"R",22,"A",,"A",,"A",,"A",,"A",
461740, 1,"R",20,"A",,"A",,"R",20,"A",,"A",,"A",,"A",,"A",
461740, 2,"R",20,"A",,"A",,"R",20,"A",,"A",,"A",,"A",,"A",
461759, 1,"R",210,"A",,"A",,"R",210,"A",,"A",,"A",,"A",,"A",
461759, 2,"R",210,"A",,"A",,"R",210,"A",,"A",,"A",,"A",,"A",
461759, 3,"R",209,"A",,"A",,"R",209,"A",,"A",,"A",,"A",,"A",
461759,11,"R",1,"A",,"A",,"R",1,"A",,"A",,"A",,"A",,"A",
461768, 1,"R",115,"A",,"A",,"R",115,"A",,"A",,"A",,"A",,"A",
461768, 2,"R",115,"A",,"A",,"R",115,"A",,"A",,"A",,"A",,"A",
461786, 1,"R",27,"A",,"A",,"R",27,"A",,"A",,"A",,"A",,"A",
461786, 2,"R",27,"A",,"A",,"R",27,"A",,"A",,"A",,"A",,"A",
461795, 1,"R",558,"R",200,"R",189,"R",169,"R",129,"R",45,"R",0,"R",26,"R",0
461795, 2,"R",283,"R",2,"R",120,"R",161,"R",2,"Z",0,"Z",0,"Z",0,"R",0
461795, 3,"R",274,"R",2,"R",120,"R",152,"R",2,"Z",0,"Z",0,"Z",0,"R",0
461795,11,"R",9,"R",0,"R",0,"R",9,"A",,"A",,"A",,"A",,"A",
461795,12,"R",275,"R",198,"R",69,"R",8,"R",127,"R",45,"R",0,"R",26,"R",0
461801, 1,"R",111,"A",,"A",,"R",111,"A",,"A",,"A",,"A",,"A",
461801, 2,"R",111,"A",,"A",,"R",111,"A",,"A",,"A",,"A",,"A",
461810, 1,"R",68,"A",,"A",,"R",68,"A",,"A",,"A",,"A",,"A",
461810, 2,"R",68,"A",,"A",,"R",68,"A",,"A",,"A",,"A",,"A",
461829, 1,"R",216,"A",,"A",,"R",216,"A",,"A",,"A",,"A",,"A",
461829, 2,"R",216,"A",,"A",,"R",216,"A",,"A",,"A",,"A",,"A",
461838, 1,"R",144,"A",,"A",,"R",144,"A",,"A",,"A",,"A",,"A",
461838, 2,"R",144,"A",,"A",,"R",144,"A",,"A",,"A",,"A",,"A",
461856, 1,"R",313,"A",,"A",,"R",313,"A",,"A",,"A",,"A",,"A",
461856, 2,"R",313,"A",,"A",,"R",313,"A",,"A",,"A",,"A",,"A",
461865, 1,"R",33,"A",,"A",,"R",33,"A",,"A",,"A",,"A",,"A",
461865, 2,"R",33,"A",,"A",,"R",33,"A",,"A",,"A",,"A",,"A",
461865, 3,"R",33,"A",,"A",,"R",33,"A",,"A",,"A",,"A",,"A",
461874, 1,"R",63,"A",,"A",,"R",63,"A",,"A",,"A",,"A",,"A",
461874, 2,"R",63,"A",,"A",,"R",63,"A",,"A",,"A",,"A",,"A",
461883, 1,"R",205,"A",,"A",,"R",205,"A",,"A",,"A",,"A",,"A",
461883, 2,"R",105,"A",,"A",,"R",105,"A",,"A",,"A",,"A",,"A",
461883, 3,"R",105,"A",,"A",,"R",105,"A",,"A",,"A",,"A",,"A",
461883,12,"R",100,"A",,"A",,"R",100,"A",,"A",,"A",,"A",,"A",
461892, 1,"R",60,"A",,"A",,"R",60,"A",,"A",,"A",,"A",,"A",
461892, 2,"R",60,"A",,"A",,"R",60,"A",,"A",,"A",,"A",,"A",
461908, 1,"R",93,"A",,"A",,"R",93,"A",,"A",,"A",,"A",,"A",
461908, 2,"R",93,"A",,"A",,"R",93,"A",,"A",,"A",,"A",,"A",
461917, 1,"R",159,"A",,"A",,"R",159,"A",,"A",,"A",,"A",,"A",
461917, 2,"R",159,"A",,"A",,"R",159,"A",,"A",,"A",,"A",,"A",
461926, 1,"R",122,"A",,"A",,"R",122,"A",,"A",,"A",,"A",,"A",
461926, 2,"R",122,"A",,"A",,"R",122,"A",,"A",,"A",,"A",,"A",
461944, 1,"R",41,"A",,"A",,"R",41,"A",,"A",,"A",,"A",,"A",
461944, 2,"R",41,"A",,"A",,"R",41,"A",,"A",,"A",,"A",,"A",
461953, 1,"R",120,"A",,"A",,"R",120,"A",,"A",,"A",,"A",,"A",
461953, 2,"R",120,"A",,"A",,"R",120,"A",,"A",,"A",,"A",,"A",
461953, 3,"R",120,"A",,"A",,"R",120,"A",,"A",,"A",,"A",,"A",
461962, 1,"R",197,"A",,"A",,"R",197,"A",,"A",,"A",,"A",,"A",
461962, 2,"R",197,"A",,"A",,"R",197,"A",,"A",,"A",,"A",,"A",
461999, 1,"R",77,"A",,"A",,"R",77,"A",,"A",,"A",,"A",,"A",
461999, 2,"R",77,"A",,"A",,"R",77,"A",,"A",,"A",,"A",,"A",
462008, 1,"R",261,"A",,"A",,"R",261,"A",,"A",,"A",,"A",,"A",
462008, 2,"R",261,"A",,"A",,"R",261,"A",,"A",,"A",,"A",,"A",
462017, 1,"R",102,"A",,"A",,"R",102,"A",,"A",,"A",,"A",,"A",
462017, 2,"R",102,"A",,"A",,"R",102,"A",,"A",,"A",,"A",,"A",
462035, 1,"R",259,"A",,"A",,"R",259,"A",,"A",,"A",,"A",,"A",
462035, 2,"R",259,"A",,"A",,"R",259,"A",,"A",,"A",,"A",,"A",
462044, 1,"R",79,"Z",0,"R",79,"R",0,"A",,"A",,"A",,"A",,"A",
462044,12,"R",79,"Z",0,"R",79,"R",0,"A",,"A",,"A",,"A",,"A",
462053, 1,"R",130,"A",,"A",,"R",130,"A",,"A",,"A",,"A",,"A",
462053, 2,"R",130,"A",,"A",,"R",130,"A",,"A",,"A",,"A",,"A",
462062, 1,"R",81,"A",,"A",,"R",81,"A",,"A",,"A",,"A",,"A",
462062, 2,"R",81,"A",,"A",,"R",81,"A",,"A",,"A",,"A",,"A",
462071, 1,"R",134,"A",,"A",,"R",134,"A",,"A",,"A",,"A",,"A",
462071, 2,"R",134,"A",,"A",,"R",134,"A",,"A",,"A",,"A",,"A",
462309, 1,"R",44,"A",,"A",,"R",44,"A",,"A",,"A",,"A",,"A",
462309, 2,"R",44,"A",,"A",,"R",44,"A",,"A",,"A",,"A",,"A",
462318, 1,"R",58,"A",,"A",,"R",58,"A",,"A",,"A",,"A",,"A",
462318, 2,"R",58,"A",,"A",,"R",58,"A",,"A",,"A",,"A",,"A",
462327, 1,"R",36,"A",,"A",,"R",36,"A",,"A",,"A",,"A",,"A",
462327, 2,"R",36,"A",,"A",,"R",36,"A",,"A",,"A",,"A",,"A",
462336, 1,"R",64,"A",,"A",,"R",64,"A",,"A",,"A",,"A",,"A",
462336, 2,"R",64,"A",,"A",,"R",64,"A",,"A",,"A",,"A",,"A",
462345, 1,"R",79,"A",,"A",,"R",79,"A",,"A",,"A",,"A",,"A",
462345, 2,"R",79,"A",,"A",,"R",79,"A",,"A",,"A",,"A",,"A",
462354, 1,"R",308,"R",7,"R",0,"R",301,"R",6,"R",0,"R",0,"R",1,"R",0
462354, 2,"R",286,"A",,"A",,"R",286,"A",,"A",,"A",,"A",,"A",
462354, 3,"R",285,"A",,"A",,"R",285,"A",,"A",,"A",,"A",,"A",
462354,11,"R",1,"A",,"A",,"R",1,"A",,"A",,"A",,"A",,"A",
462354,12,"R",22,"R",7,"R",0,"R",15,"R",6,"R",0,"R",0,"R",1,"R",0
463056, 1,"R",1432,"R",7,"R",155,"R",1270,"R",7,"Z",0,"Z",0,"Z",0,"R",0
463056, 2,"R",1432,"R",7,"R",155,"R",1270,"R",7,"Z",0,"Z",0,"Z",0,"R",0
463056, 3,"R",1396,"R",4,"R",155,"R",1237,"R",4,"Z",0,"Z",0,"Z",0,"R",0
463056,11,"R",36,"R",3,"Z",0,"R",33,"R",3,"Z",0,"Z",0,"Z",0,"R",0
464226, 1,"R",655,"R",77,"R",578,"R",0,"R",51,"R",24,"R",2,"R",0,"R",0
464226, 2,"R",598,"R",52,"R",546,"R",0,"R",32,"R",18,"R",2,"R",0,"R",0
464226, 3,"R",598,"R",52,"R",546,"R",0,"R",32,"R",18,"R",2,"R",0,"R",0
464226,12,"R",57,"R",25,"R",32,"R",0,"R",19,"R",6,"R",0,"R",0,"R",0
465812, 1,"R",10095,"R",10095,"Z",0,"R",0,"R",278,"R",9817,"Z",0,"Z",0,"R",0
465812, 2,"R",9779,"R",9779,"Z",0,"R",0,"R",248,"R",9531,"Z",0,"Z",0,"R",0
465812, 3,"R",9779,"R",9779,"Z",0,"R",0,"R",248,"R",9531,"Z",0,"Z",0,"R",0
465812,12,"R",316,"R",316,"Z",0,"R",0,"R",30,"R",286,"Z",0,"Z",0,"R",0
466152, 1,"R",109,"R",100,"R",3,"R",6,"R",92,"R",8,"Z",0,"Z",0,"R",0
466152, 2,"R",109,"R",100,"R",3,"R",6,"R",92,"R",8,"Z",0,"Z",0,"R",0
466152, 3,"R",109,"R",100,"R",3,"R",6,"R",92,"R",8,"Z",0,"Z",0,"R",0
466161, 1,"R",129,"R",53,"R",36,"R",40,"R",44,"R",9,"Z",0,"Z",0,"R",0
466161, 2,"R",129,"R",53,"R",36,"R",40,"R",44,"R",9,"Z",0,"Z",0,"R",0
466161, 3,"R",129,"R",53,"R",36,"R",40,"R",44,"R",9,"Z",0,"Z",0,"R",0
466189, 1,"R",146,"R",141,"R",3,"R",2,"R",117,"R",24,"Z",0,"Z",0,"R",0
466189, 2,"R",146,"R",141,"R",3,"R",2,"R",117,"R",24,"Z",0,"Z",0,"R",0
466189, 3,"R",146,"R",141,"R",3,"R",2,"R",117,"R",24,"Z",0,"Z",0,"R",0
466921, 1,"R",535,"R",5,"R",250,"R",280,"R",3,"R",2,"R",0,"R",0,"R",0
466921, 2,"R",535,"R",5,"R",250,"R",280,"R",3,"R",2,"R",0,"R",0,"R",0
466921, 3,"R",535,"R",5,"R",250,"R",280,"R",3,"R",2,"R",0,"R",0,"R",0
466930, 1,"R",823,"R",19,"R",405,"R",399,"R",18,"R",1,"R",0,"R",0,"R",0
466930, 2,"R",823,"R",19,"R",405,"R",399,"R",18,"R",1,"R",0,"R",0,"R",0
466930, 3,"R",823,"R",19,"R",405,"R",399,"R",18,"R",1,"R",0,"R",0,"R",0
467094, 1,"R",247,"A",,"A",,"R",247,"A",,"A",,"A",,"A",,"A",
467094, 2,"R",247,"A",,"A",,"R",247,"A",,"A",,"A",,"A",,"A",
467368, 1,"R",168,"Z",0,"R",168,"R",0,"A",,"A",,"A",,"A",,"A",
467368, 2,"R",168,"Z",0,"R",168,"R",0,"A",,"A",,"A",,"A",,"A",
467368, 3,"R",168,"Z",0,"R",168,"R",0,"A",,"A",,"A",,"A",,"A",
467863, 1,"R",228,"A",,"A",,"R",228,"A",,"A",,"A",,"A",,"A",
467863, 2,"R",228,"A",,"A",,"R",228,"A",,"A",,"A",,"A",,"A",
467872, 1,"R",199,"A",,"A",,"R",199,"A",,"A",,"A",,"A",,"A",
467872, 2,"R",199,"A",,"A",,"R",199,"A",,"A",,"A",,"A",,"A",
467906, 1,"R",161,"A",,"A",,"R",161,"A",,"A",,"A",,"A",,"A",
467906, 2,"R",161,"A",,"A",,"R",161,"A",,"A",,"A",,"A",,"A",
468024, 1,"R",60,"Z",0,"R",6,"R",54,"A",,"A",,"A",,"A",,"A",
468024, 2,"R",46,"Z",0,"R",6,"R",40,"A",,"A",,"A",,"A",,"A",
468024, 3,"R",46,"Z",0,"R",6,"R",40,"A",,"A",,"A",,"A",,"A",
468024,12,"R",14,"Z",0,"Z",0,"R",14,"A",,"A",,"A",,"A",,"A",
468246, 1,"R",207,"A",,"A",,"R",207,"A",,"A",,"A",,"A",,"A",
468246, 2,"R",207,"A",,"A",,"R",207,"A",,"A",,"A",,"A",,"A",
468255, 1,"R",26,"A",,"A",,"R",26,"A",,"A",,"A",,"A",,"A",
468255, 2,"R",26,"A",,"A",,"R",26,"A",,"A",,"A",,"A",,"A",
468705, 1,"R",36,"A",,"A",,"R",36,"A",,"A",,"A",,"A",,"A",
468705, 2,"R",36,"A",,"A",,"R",36,"A",,"A",,"A",,"A",,"A",
468732, 1,"R",84,"A",,"A",,"R",84,"A",,"A",,"A",,"A",,"A",
468732, 2,"R",84,"A",,"A",,"R",84,"A",,"A",,"A",,"A",,"A",
468769, 1,"R",84,"A",,"A",,"R",84,"A",,"A",,"A",,"A",,"A",
468769, 2,"R",84,"A",,"A",,"R",84,"A",,"A",,"A",,"A",,"A",
468848, 1,"R",405,"A",,"A",,"R",405,"A",,"A",,"A",,"A",,"A",
468848, 2,"R",405,"A",,"A",,"R",405,"A",,"A",,"A",,"A",,"A",
468893, 1,"R",138,"A",,"A",,"R",138,"A",,"A",,"A",,"A",,"A",
468893, 2,"R",138,"A",,"A",,"R",138,"A",,"A",,"A",,"A",,"A",
468909, 1,"R",598,"A",,"A",,"R",598,"A",,"A",,"A",,"A",,"A",
468909, 2,"R",598,"A",,"A",,"R",598,"A",,"A",,"A",,"A",,"A",
468963, 1,"R",455,"A",,"A",,"R",455,"A",,"A",,"A",,"A",,"A",
468963, 2,"R",455,"A",,"A",,"R",455,"A",,"A",,"A",,"A",,"A",
469124, 1,"R",229,"A",,"A",,"R",229,"A",,"A",,"A",,"A",,"A",
469124, 2,"R",229,"A",,"A",,"R",229,"A",,"A",,"A",,"A",,"A",
469133, 1,"R",190,"A",,"A",,"R",190,"A",,"A",,"A",,"A",,"A",
469133, 2,"R",190,"A",,"A",,"R",190,"A",,"A",,"A",,"A",,"A",
469142, 1,"R",286,"A",,"A",,"R",286,"A",,"A",,"A",,"A",,"A",
469142, 2,"R",286,"A",,"A",,"R",286,"A",,"A",,"A",,"A",,"A",
469151, 1,"R",104,"A",,"A",,"R",104,"A",,"A",,"A",,"A",,"A",
469151, 2,"R",104,"A",,"A",,"R",104,"A",,"A",,"A",,"A",,"A",
469160, 1,"R",92,"A",,"A",,"R",92,"A",,"A",,"A",,"A",,"A",
469160, 2,"R",92,"A",,"A",,"R",92,"A",,"A",,"A",,"A",,"A",
469416, 1,"R",184,"A",,"A",,"R",184,"A",,"A",,"A",,"A",,"A",
469416, 2,"R",184,"A",,"A",,"R",184,"A",,"A",,"A",,"A",,"A",
469416, 3,"R",184,"A",,"A",,"R",184,"A",,"A",,"A",,"A",,"A",
469586, 1,"R",65,"A",,"A",,"R",65,"A",,"A",,"A",,"A",,"A",
469586, 2,"R",65,"A",,"A",,"R",65,"A",,"A",,"A",,"A",,"A",
469610, 1,"R",41,"A",,"A",,"R",41,"A",,"A",,"A",,"A",,"A",
469610, 2,"R",41,"A",,"A",,"R",41,"A",,"A",,"A",,"A",,"A",
469629, 1,"R",132,"A",,"A",,"R",132,"A",,"A",,"A",,"A",,"A",
469629, 2,"R",132,"A",,"A",,"R",132,"A",,"A",,"A",,"A",,"A",
469638, 1,"R",341,"A",,"A",,"R",341,"A",,"A",,"A",,"A",,"A",
469638, 2,"R",341,"A",,"A",,"R",341,"A",,"A",,"A",,"A",,"A",
469911, 1,"R",76,"A",,"A",,"R",76,"A",,"A",,"A",,"A",,"A",
469911, 2,"R",76,"A",,"A",,"R",76,"A",,"A",,"A",,"A",,"A",
469920, 1,"R",71,"A",,"A",,"R",71,"A",,"A",,"A",,"A",,"A",
469920, 2,"R",71,"A",,"A",,"R",71,"A",,"A",,"A",,"A",,"A",
469957, 1,"R",179,"A",,"A",,"R",179,"A",,"A",,"A",,"A",,"A",
469957, 2,"R",179,"A",,"A",,"R",179,"A",,"A",,"A",,"A",,"A",
470038, 1,"R",663,"A",,"A",,"R",663,"A",,"A",,"A",,"A",,"A",
470038, 2,"R",663,"A",,"A",,"R",663,"A",,"A",,"A",,"A",,"A",
470047, 1,"R",32,"A",,"A",,"R",32,"A",,"A",,"A",,"A",,"A",
470047, 2,"R",32,"A",,"A",,"R",32,"A",,"A",,"A",,"A",,"A",
470047, 3,"R",32,"A",,"A",,"R",32,"A",,"A",,"A",,"A",,"A",
470296, 1,"R",18,"A",,"A",,"R",18,"A",,"A",,"A",,"A",,"A",
470296, 2,"R",18,"A",,"A",,"R",18,"A",,"A",,"A",,"A",,"A",
470393, 1,"R",85,"A",,"A",,"R",85,"A",,"A",,"A",,"A",,"A",
470393, 2,"R",85,"A",,"A",,"R",85,"A",,"A",,"A",,"A",,"A",
474863, 1,"R",2360,"R",2360,"A",,"A",,"R",2167,"R",185,"R",0,"R",8,"R",0
474863, 2,"R",1924,"R",1924,"A",,"A",,"R",1766,"R",150,"R",0,"R",8,"R",0
474863, 3,"R",1873,"R",1873,"A",,"A",,"R",1717,"R",148,"R",0,"R",8,"R",0
474863,11,"R",51,"R",51,"A",,"A",,"R",49,"R",2,"R",0,"R",0,"R",0
474863,12,"R",436,"R",436,"A",,"A",,"R",401,"R",35,"R",0,"R",0,"R",0
474890, 1,"R",488,"R",0,"R",483,"R",5,"A",,"A",,"A",,"A",,"A",
474890, 2,"R",488,"R",0,"R",483,"R",5,"A",,"A",,"A",,"A",,"A",
474890, 3,"R",488,"R",0,"R",483,"R",5,"A",,"A",,"A",,"A",,"A",
474906, 1,"R",85,"Z",0,"R",85,"R",0,"A",,"A",,"A",,"A",,"A",
474906, 2,"R",85,"Z",0,"R",85,"R",0,"A",,"A",,"A",,"A",,"A",
474906, 3,"R",85,"Z",0,"R",85,"R",0,"A",,"A",,"A",,"A",,"A",
474915, 1,"R",330,"A",,"A",,"R",330,"A",,"A",,"A",,"A",,"A",
474915, 2,"R",330,"A",,"A",,"R",330,"A",,"A",,"A",,"A",,"A",
474924, 1,"R",140,"A",,"A",,"R",140,"A",,"A",,"A",,"A",,"A",
474924, 2,"R",140,"A",,"A",,"R",140,"A",,"A",,"A",,"A",,"A",
474997, 1,"R",313,"Z",0,"R",3,"R",310,"A",,"A",,"A",,"A",,"A",
474997, 2,"R",313,"Z",0,"R",3,"R",310,"A",,"A",,"A",,"A",,"A",
474997, 3,"R",313,"Z",0,"R",3,"R",310,"A",,"A",,"A",,"A",,"A",
475015, 1,"R",147,"A",,"A",,"R",147,"A",,"A",,"A",,"A",,"A",
475015, 2,"R",147,"A",,"A",,"R",147,"A",,"A",,"A",,"A",,"A",
475024, 1,"R",256,"A",,"A",,"R",256,"A",,"A",,"A",,"A",,"A",
475024, 2,"R",256,"A",,"A",,"R",256,"A",,"A",,"A",,"A",,"A",
475033, 1,"R",4017,"R",24,"R",569,"R",3424,"Z",0,"R",24,"Z",0,"Z",0,"R",0
475033, 2,"R",259,"Z",0,"R",40,"R",219,"A",,"A",,"A",,"A",,"A",
475033, 3,"R",259,"Z",0,"R",40,"R",219,"A",,"A",,"A",,"A",,"A",
475033,12,"R",3758,"R",24,"R",529,"R",3205,"Z",0,"R",24,"Z",0,"Z",0,"R",0
475060, 1,"R",337,"Z",0,"R",212,"R",125,"A",,"A",,"A",,"A",,"A",
475060, 2,"R",337,"Z",0,"R",212,"R",125,"A",,"A",,"A",,"A",,"A",
475060, 3,"R",337,"Z",0,"R",212,"R",125,"A",,"A",,"A",,"A",,"A",
475097, 1,"R",92,"A",,"A",,"R",92,"A",,"A",,"A",,"A",,"A",
475097, 2,"R",92,"A",,"A",,"R",92,"A",,"A",,"A",,"A",,"A",
475121, 1,"R",6904,"R",6904,"A",,"A",,"R",1155,"R",5732,"R",1,"R",16,"R",0
475121, 2,"R",3568,"R",3568,"A",,"A",,"R",580,"R",2974,"R",1,"R",13,"R",0
475121, 3,"R",3555,"R",3555,"A",,"A",,"R",577,"R",2964,"R",1,"R",13,"R",0
475121,11,"R",13,"R",13,"A",,"A",,"R",3,"R",10,"Z",0,"Z",0,"R",0
475121,12,"R",3336,"R",3336,"A",,"A",,"R",575,"R",2758,"Z",0,"R",3,"R",0
475130, 1,"R",106,"R",0,"R",75,"R",31,"A",,"A",,"A",,"A",,"A",
475130, 2,"R",106,"R",0,"R",75,"R",31,"A",,"A",,"A",,"A",,"A",
475130, 3,"R",106,"R",0,"R",75,"R",31,"A",,"A",,"A",,"A",,"A",
475200, 1,"R",294,"R",0,"R",10,"R",284,"A",,"A",,"A",,"A",,"A",
475200, 2,"R",294,"R",0,"R",10,"R",284,"A",,"A",,"A",,"A",,"A",
475200, 3,"R",294,"R",0,"R",10,"R",284,"A",,"A",,"A",,"A",,"A",
475228, 1,"R",74,"R",0,"R",1,"R",73,"A",,"A",,"A",,"A",,"A",
475228,12,"R",74,"R",0,"R",1,"R",73,"A",,"A",,"A",,"A",,"A",
475273, 1,"R",904,"Z",0,"R",512,"R",392,"A",,"A",,"A",,"A",,"A",
475273, 2,"R",643,"Z",0,"R",395,"R",248,"A",,"A",,"A",,"A",,"A",
475273, 3,"R",643,"Z",0,"R",395,"R",248,"A",,"A",,"A",,"A",,"A",
475273,12,"R",261,"Z",0,"R",117,"R",144,"A",,"A",,"A",,"A",,"A",
475282, 1,"R",159,"A",,"A",,"R",159,"A",,"A",,"A",,"A",,"A",
475282, 2,"R",159,"A",,"A",,"R",159,"A",,"A",,"A",,"A",,"A",
475325, 1,"R",267,"A",,"A",,"R",267,"A",,"A",,"A",,"A",,"A",
475325, 2,"R",267,"A",,"A",,"R",267,"A",,"A",,"A",,"A",,"A",
475398, 1,"R",203,"R",203,"A",,"A",,"R",0,"R",188,"R",0,"R",15,"R",0
475398, 2,"R",84,"R",84,"A",,"A",,"R",0,"R",83,"R",0,"R",1,"R",0
475398, 3,"R",71,"R",71,"A",,"A",,"R",0,"R",70,"R",0,"R",1,"R",0
475398,11,"R",13,"R",13,"A",,"A",,"R",0,"R",13,"R",0,"R",0,"R",0
475398,12,"R",119,"R",119,"A",,"A",,"R",0,"R",105,"R",0,"R",14,"R",0
475404, 1,"R",117,"A",,"A",,"R",117,"A",,"A",,"A",,"A",,"A",
475404, 2,"R",117,"A",,"A",,"R",117,"A",,"A",,"A",,"A",,"A",
475413, 1,"R",59,"A",,"A",,"R",59,"A",,"A",,"A",,"A",,"A",
475413, 2,"R",59,"A",,"A",,"R",59,"A",,"A",,"A",,"A",,"A",
475422, 1,"R",130,"A",,"A",,"R",130,"A",,"A",,"A",,"A",,"A",
475422, 2,"R",130,"A",,"A",,"R",130,"A",,"A",,"A",,"A",,"A",
475422, 3,"R",130,"A",,"A",,"R",130,"A",,"A",,"A",,"A",,"A",
475431, 1,"R",57,"A",,"A",,"R",57,"A",,"A",,"A",,"A",,"A",
475431, 2,"R",57,"A",,"A",,"R",57,"A",,"A",,"A",,"A",,"A",
475459, 1,"R",582,"A",,"A",,"R",582,"A",,"A",,"A",,"A",,"A",
475459, 2,"R",582,"A",,"A",,"R",582,"A",,"A",,"A",,"A",,"A",
475468, 1,"R",116,"A",,"A",,"R",116,"A",,"A",,"A",,"A",,"A",
475468, 2,"R",116,"A",,"A",,"R",116,"A",,"A",,"A",,"A",,"A",
475477, 1,"R",243,"R",0,"R",6,"R",237,"A",,"A",,"A",,"A",,"A",
475477, 2,"R",243,"R",0,"R",6,"R",237,"A",,"A",,"A",,"A",,"A",
475477, 3,"R",243,"R",0,"R",6,"R",237,"A",,"A",,"A",,"A",,"A",
475486, 1,"R",328,"A",,"A",,"R",328,"A",,"A",,"A",,"A",,"A",
475486, 2,"R",328,"A",,"A",,"R",328,"A",,"A",,"A",,"A",,"A",
475495, 1,"R",801,"R",21,"R",365,"R",415,"R",6,"R",15,"R",0,"R",0,"R",0
475495,12,"R",801,"R",21,"R",365,"R",415,"R",6,"R",15,"R",0,"R",0,"R",0
475510, 1,"R",87,"A",,"A",,"R",87,"A",,"A",,"A",,"A",,"A",
475510,12,"R",87,"A",,"A",,"R",87,"A",,"A",,"A",,"A",,"A",
475538, 1,"R",27,"A",,"A",,"R",27,"A",,"A",,"A",,"A",,"A",
475538, 2,"R",27,"A",,"A",,"R",27,"A",,"A",,"A",,"A",,"A",
475547, 1,"R",128,"A",,"A",,"R",128,"A",,"A",,"A",,"A",,"A",
475547, 2,"R",128,"A",,"A",,"R",128,"A",,"A",,"A",,"A",,"A",
475556, 1,"R",155,"A",,"A",,"R",155,"A",,"A",,"A",,"A",,"A",
475556, 2,"R",155,"A",,"A",,"R",155,"A",,"A",,"A",,"A",,"A",
475565, 1,"R",955,"A",,"A",,"R",955,"A",,"A",,"A",,"A",,"A",
475565, 2,"R",955,"A",,"A",,"R",955,"A",,"A",,"A",,"A",,"A",
475565, 3,"R",941,"A",,"A",,"R",941,"A",,"A",,"A",,"A",,"A",
475565,11,"R",14,"A",,"A",,"R",14,"A",,"A",,"A",,"A",,"A",
475574, 1,"R",72,"A",,"A",,"R",72,"A",,"A",,"A",,"A",,"A",
475574, 2,"R",72,"A",,"A",,"R",72,"A",,"A",,"A",,"A",,"A",
475608, 1,"R",236,"R",18,"R",22,"R",196,"R",16,"R",2,"Z",0,"Z",0,"R",0
475608, 2,"R",179,"Z",0,"Z",0,"R",179,"A",,"A",,"A",,"A",,"A",
475608, 3,"R",178,"Z",0,"Z",0,"R",178,"A",,"A",,"A",,"A",,"A",
475608,11,"R",1,"Z",0,"Z",0,"R",1,"A",,"A",,"A",,"A",,"A",
475608,12,"R",57,"R",18,"R",22,"R",17,"R",16,"R",2,"Z",0,"Z",0,"R",0
475635, 1,"R",9,"A",,"A",,"R",9,"A",,"A",,"A",,"A",,"A",
475635, 2,"R",9,"A",,"A",,"R",9,"A",,"A",,"A",,"A",,"A",
475635, 3,"R",9,"A",,"A",,"R",9,"A",,"A",,"A",,"A",,"A",
475653, 1,"R",26,"A",,"A",,"R",26,"A",,"A",,"A",,"A",,"A",
475653, 2,"R",26,"A",,"A",,"R",26,"A",,"A",,"A",,"A",,"A",
475662, 1,"R",60,"A",,"A",,"R",60,"A",,"A",,"A",,"A",,"A",
475662, 2,"R",60,"A",,"A",,"R",60,"A",,"A",,"A",,"A",,"A",
475699, 1,"R",123,"R",2,"R",53,"R",68,"R",2,"R",0,"R",0,"R",0,"R",0
475699, 2,"R",123,"R",2,"R",53,"R",68,"R",2,"R",0,"R",0,"R",0,"R",0
475699, 3,"R",123,"R",2,"R",53,"R",68,"R",2,"R",0,"R",0,"R",0,"R",0
475705, 1,"R",11,"A",,"A",,"R",11,"A",,"A",,"A",,"A",,"A",
475705, 2,"R",11,"A",,"A",,"R",11,"A",,"A",,"A",,"A",,"A",
475714, 1,"R",461,"R",20,"R",12,"R",429,"R",20,"R",0,"R",0,"R",0,"R",0
475714, 2,"R",461,"R",20,"R",12,"R",429,"R",20,"R",0,"R",0,"R",0,"R",0
475714, 3,"R",461,"R",20,"R",12,"R",429,"R",20,"R",0,"R",0,"R",0,"R",0
475723, 1,"R",511,"A",,"A",,"R",511,"A",,"A",,"A",,"A",,"A",
475723, 2,"R",511,"A",,"A",,"R",511,"A",,"A",,"A",,"A",,"A",
475723, 3,"R",341,"A",,"A",,"R",341,"A",,"A",,"A",,"A",,"A",
475723,11,"R",170,"A",,"A",,"R",170,"A",,"A",,"A",,"A",,"A",
475732, 1,"R",1068,"R",19,"R",534,"R",515,"R",19,"R",0,"R",0,"R",0,"R",0
475732, 2,"R",1068,"R",19,"R",534,"R",515,"R",19,"R",0,"R",0,"R",0,"R",0
475732, 3,"R",1068,"R",19,"R",534,"R",515,"R",19,"R",0,"R",0,"R",0,"R",0
475741, 1,"R",210,"R",2,"R",139,"R",69,"R",2,"R",0,"R",0,"R",0,"R",0
475741, 2,"R",210,"R",2,"R",139,"R",69,"R",2,"R",0,"R",0,"R",0,"R",0
475741, 3,"R",210,"R",2,"R",139,"R",69,"R",2,"R",0,"R",0,"R",0,"R",0
475750, 1,"R",40,"R",0,"R",40,"R",0,"A",,"A",,"A",,"A",,"A",
475750, 2,"R",40,"R",0,"R",40,"R",0,"A",,"A",,"A",,"A",,"A",
475750, 3,"R",40,"R",0,"R",40,"R",0,"A",,"A",,"A",,"A",,"A",
475839, 1,"R",160,"R",160,"A",,"A",,"R",3,"R",153,"Z",0,"R",4,"R",0
475839, 2,"R",160,"R",160,"A",,"A",,"R",3,"R",153,"Z",0,"R",4,"R",0
475839, 3,"R",153,"R",153,"A",,"A",,"R",3,"R",148,"Z",0,"R",2,"R",0
475839,11,"R",7,"R",7,"A",,"A",,"Z",0,"R",5,"Z",0,"R",2,"R",0
476063, 1,"R",178,"A",,"A",,"R",178,"A",,"A",,"A",,"A",,"A",
476063, 2,"R",178,"A",,"A",,"R",178,"A",,"A",,"A",,"A",,"A",
476179, 1,"R",115,"A",,"A",,"R",115,"A",,"A",,"A",,"A",,"A",
476179, 2,"R",115,"A",,"A",,"R",115,"A",,"A",,"A",,"A",,"A",
476230, 1,"R",50,"A",,"A",,"R",50,"A",,"A",,"A",,"A",,"A",
476230, 2,"R",50,"A",,"A",,"R",50,"A",,"A",,"A",,"A",,"A",
476294, 1,"R",130,"A",,"A",,"R",130,"A",,"A",,"A",,"A",,"A",
476294, 2,"R",130,"A",,"A",,"R",130,"A",,"A",,"A",,"A",,"A",
476346, 1,"R",210,"A",,"A",,"R",210,"A",,"A",,"A",,"A",,"A",
476346, 2,"R",210,"A",,"A",,"R",210,"A",,"A",,"A",,"A",,"A",
476355, 1,"R",91,"A",,"A",,"R",91,"A",,"A",,"A",,"A",,"A",
476355, 2,"R",91,"A",,"A",,"R",91,"A",,"A",,"A",,"A",,"A",
476489, 1,"R",143,"A",,"A",,"R",143,"A",,"A",,"A",,"A",,"A",
476489, 2,"R",143,"A",,"A",,"R",143,"A",,"A",,"A",,"A",,"A",
476498, 1,"R",145,"A",,"A",,"R",145,"A",,"A",,"A",,"A",,"A",
476498, 2,"R",145,"A",,"A",,"R",145,"A",,"A",,"A",,"A",,"A",
476513, 1,"R",53,"A",,"A",,"R",53,"A",,"A",,"A",,"A",,"A",
476513, 2,"R",53,"A",,"A",,"R",53,"A",,"A",,"A",,"A",,"A",
476540, 1,"R",150,"A",,"A",,"R",150,"A",,"A",,"A",,"A",,"A",
476540, 2,"R",150,"A",,"A",,"R",150,"A",,"A",,"A",,"A",,"A",
476559, 1,"R",100,"A",,"A",,"R",100,"A",,"A",,"A",,"A",,"A",
476559, 2,"R",100,"A",,"A",,"R",100,"A",,"A",,"A",,"A",,"A",
476568, 1,"R",14,"A",,"A",,"R",14,"A",,"A",,"A",,"A",,"A",
476568, 2,"R",14,"A",,"A",,"R",14,"A",,"A",,"A",,"A",,"A",
476586, 1,"R",119,"A",,"A",,"R",119,"A",,"A",,"A",,"A",,"A",
476586, 2,"R",119,"A",,"A",,"R",119,"A",,"A",,"A",,"A",,"A",
476595, 1,"R",78,"A",,"A",,"R",78,"A",,"A",,"A",,"A",,"A",
476595, 2,"R",78,"A",,"A",,"R",78,"A",,"A",,"A",,"A",,"A",
476601, 1,"R",80,"A",,"A",,"R",80,"A",,"A",,"A",,"A",,"A",
476601, 2,"R",80,"A",,"A",,"R",80,"A",,"A",,"A",,"A",,"A",
476601, 3,"R",80,"A",,"A",,"R",80,"A",,"A",,"A",,"A",,"A",
476610, 1,"R",58,"A",,"A",,"R",58,"A",,"A",,"A",,"A",,"A",
476610, 2,"R",58,"A",,"A",,"R",58,"A",,"A",,"A",,"A",,"A",
476629, 1,"R",97,"A",,"A",,"R",97,"A",,"A",,"A",,"A",,"A",
476629, 2,"R",97,"A",,"A",,"R",97,"A",,"A",,"A",,"A",,"A",
476674, 1,"R",36,"A",,"A",,"R",36,"A",,"A",,"A",,"A",,"A",
476674, 2,"R",36,"A",,"A",,"R",36,"A",,"A",,"A",,"A",,"A",
476683, 1,"R",283,"A",,"A",,"R",283,"A",,"A",,"A",,"A",,"A",
476683, 2,"R",283,"A",,"A",,"R",283,"A",,"A",,"A",,"A",,"A",
476683, 3,"R",283,"A",,"A",,"R",283,"A",,"A",,"A",,"A",,"A",
476692, 1,"R",23,"A",,"A",,"R",23,"A",,"A",,"A",,"A",,"A",
476692, 2,"R",23,"A",,"A",,"R",23,"A",,"A",,"A",,"A",,"A",
476692, 3,"R",23,"A",,"A",,"R",23,"A",,"A",,"A",,"A",,"A",
476708, 1,"R",149,"A",,"A",,"R",149,"A",,"A",,"A",,"A",,"A",
476708, 2,"R",149,"A",,"A",,"R",149,"A",,"A",,"A",,"A",,"A",
476717, 1,"R",569,"A",,"A",,"R",569,"A",,"A",,"A",,"A",,"A",
476717, 2,"R",569,"A",,"A",,"R",569,"A",,"A",,"A",,"A",,"A",
476717, 3,"R",569,"A",,"A",,"R",569,"A",,"A",,"A",,"A",,"A",
476726, 1,"R",626,"A",,"A",,"R",626,"A",,"A",,"A",,"A",,"A",
476726, 2,"R",626,"A",,"A",,"R",626,"A",,"A",,"A",,"A",,"A",
476735, 1,"R",61,"A",,"A",,"R",61,"A",,"A",,"A",,"A",,"A",
476735, 2,"R",61,"A",,"A",,"R",61,"A",,"A",,"A",,"A",,"A",
476753, 1,"R",157,"A",,"A",,"R",157,"A",,"A",,"A",,"A",,"A",
476753, 2,"R",157,"A",,"A",,"R",157,"A",,"A",,"A",,"A",,"A",
476771, 1,"R",26,"A",,"A",,"R",26,"A",,"A",,"A",,"A",,"A",
476771, 2,"R",26,"A",,"A",,"R",26,"A",,"A",,"A",,"A",,"A",
476780, 1,"R",190,"A",,"A",,"R",190,"A",,"A",,"A",,"A",,"A",
476780, 2,"R",190,"A",,"A",,"R",190,"A",,"A",,"A",,"A",,"A",
476799, 1,"R",175,"A",,"A",,"R",175,"A",,"A",,"A",,"A",,"A",
476799, 2,"R",175,"A",,"A",,"R",175,"A",,"A",,"A",,"A",,"A",
476805, 1,"R",28,"A",,"A",,"R",28,"A",,"A",,"A",,"A",,"A",
476805, 2,"R",28,"A",,"A",,"R",28,"A",,"A",,"A",,"A",,"A",
476814, 1,"R",344,"A",,"A",,"R",344,"A",,"A",,"A",,"A",,"A",
476814, 2,"R",344,"A",,"A",,"R",344,"A",,"A",,"A",,"A",,"A",
476823, 1,"R",69,"A",,"A",,"R",69,"A",,"A",,"A",,"A",,"A",
476823, 2,"R",69,"A",,"A",,"R",69,"A",,"A",,"A",,"A",,"A",
476841, 1,"R",180,"A",,"A",,"R",180,"A",,"A",,"A",,"A",,"A",
476841, 2,"R",180,"A",,"A",,"R",180,"A",,"A",,"A",,"A",,"A",
476850, 1,"R",66,"A",,"A",,"R",66,"A",,"A",,"A",,"A",,"A",
476850, 2,"R",66,"A",,"A",,"R",66,"A",,"A",,"A",,"A",,"A",
476869, 1,"R",102,"A",,"A",,"R",102,"A",,"A",,"A",,"A",,"A",
476869, 2,"R",102,"A",,"A",,"R",102,"A",,"A",,"A",,"A",,"A",
476878, 1,"R",54,"A",,"A",,"R",54,"A",,"A",,"A",,"A",,"A",
476878, 2,"R",54,"A",,"A",,"R",54,"A",,"A",,"A",,"A",,"A",
476887, 1,"R",134,"A",,"A",,"R",134,"A",,"A",,"A",,"A",,"A",
476887, 2,"R",134,"A",,"A",,"R",134,"A",,"A",,"A",,"A",,"A",
476896, 1,"R",86,"A",,"A",,"R",86,"A",,"A",,"A",,"A",,"A",
476896, 2,"R",86,"A",,"A",,"R",86,"A",,"A",,"A",,"A",,"A",
476902, 1,"R",32,"A",,"A",,"R",32,"A",,"A",,"A",,"A",,"A",
476902, 2,"R",32,"A",,"A",,"R",32,"A",,"A",,"A",,"A",,"A",
476911, 1,"R",121,"A",,"A",,"R",121,"A",,"A",,"A",,"A",,"A",
476911, 2,"R",121,"A",,"A",,"R",121,"A",,"A",,"A",,"A",,"A",
476939, 1,"R",467,"R",0,"R",0,"R",467,"A",,"A",,"A",,"A",,"A",
476939, 2,"R",467,"R",0,"R",0,"R",467,"A",,"A",,"A",,"A",,"A",
476948, 1,"R",726,"A",,"A",,"R",726,"A",,"A",,"A",,"A",,"A",
476948, 2,"R",726,"A",,"A",,"R",726,"A",,"A",,"A",,"A",,"A",
476948, 3,"R",726,"A",,"A",,"R",726,"A",,"A",,"A",,"A",,"A",
476957, 1,"R",14,"A",,"A",,"R",14,"A",,"A",,"A",,"A",,"A",
476957, 2,"R",14,"A",,"A",,"R",14,"A",,"A",,"A",,"A",,"A",
476966, 1,"R",111,"A",,"A",,"R",111,"A",,"A",,"A",,"A",,"A",
476966, 2,"R",111,"A",,"A",,"R",111,"A",,"A",,"A",,"A",,"A",
476975, 1,"R",12476,"R",12476,"A",,"A",,"R",4819,"R",7513,"R",0,"R",144,"R",0
476975, 2,"R",8054,"R",8054,"A",,"A",,"R",3103,"R",4864,"R",0,"R",87,"R",0
476975, 3,"R",7671,"R",7671,"A",,"A",,"R",2887,"R",4706,"R",0,"R",78,"R",0
476975,11,"R",383,"R",383,"A",,"A",,"R",216,"R",158,"R",0,"R",9,"R",0
476975,12,"R",4422,"R",4422,"A",,"A",,"R",1716,"R",2649,"R",0,"R",57,"R",0
476984, 1,"R",188,"A",,"A",,"R",188,"A",,"A",,"A",,"A",,"A",
476984, 2,"R",188,"A",,"A",,"R",188,"A",,"A",,"A",,"A",,"A",
476993, 1,"R",210,"A",,"A",,"R",210,"A",,"A",,"A",,"A",,"A",
476993, 2,"R",210,"A",,"A",,"R",210,"A",,"A",,"A",,"A",,"A",
477002, 1,"R",43,"A",,"A",,"R",43,"A",,"A",,"A",,"A",,"A",
477002, 2,"R",43,"A",,"A",,"R",43,"A",,"A",,"A",,"A",,"A",
477039, 1,"R",809,"R",17,"R",438,"R",354,"R",13,"R",4,"Z",0,"Z",0,"R",0
477039, 2,"R",792,"Z",0,"R",438,"R",354,"A",,"A",,"A",,"A",,"A",
477039, 3,"R",792,"Z",0,"R",438,"R",354,"A",,"A",,"A",,"A",,"A",
477039,12,"R",17,"R",17,"Z",0,"R",0,"R",13,"R",4,"Z",0,"Z",0,"R",0
477950, 1,"R",93,"R",0,"R",93,"R",0,"A",,"A",,"A",,"A",,"A",
477950, 2,"R",93,"R",0,"R",93,"R",0,"A",,"A",,"A",,"A",,"A",
477950, 3,"R",93,"R",0,"R",93,"R",0,"A",,"A",,"A",,"A",,"A",
477996, 1,"R",68,"R",55,"R",10,"R",3,"R",44,"R",11,"Z",0,"Z",0,"R",0
477996, 2,"R",68,"R",55,"R",10,"R",3,"R",44,"R",11,"Z",0,"Z",0,"R",0
477996, 3,"R",68,"R",55,"R",10,"R",3,"R",44,"R",11,"Z",0,"Z",0,"R",0
478014, 1,"R",180,"R",174,"R",6,"R",0,"R",163,"R",11,"Z",0,"Z",0,"R",0
478014, 2,"R",180,"R",174,"R",6,"R",0,"R",163,"R",11,"Z",0,"Z",0,"R",0
478014, 3,"R",180,"R",174,"R",6,"R",0,"R",163,"R",11,"Z",0,"Z",0,"R",0
478582, 1,"R",100,"A",,"A",,"R",100,"A",,"A",,"A",,"A",,"A",
478582, 2,"R",100,"A",,"A",,"R",100,"A",,"A",,"A",,"A",,"A",
478591, 1,"R",139,"A",,"A",,"R",139,"A",,"A",,"A",,"A",,"A",
478591, 2,"R",139,"A",,"A",,"R",139,"A",,"A",,"A",,"A",,"A",
478616, 1,"R",79,"A",,"A",,"R",79,"A",,"A",,"A",,"A",,"A",
478616, 2,"R",79,"A",,"A",,"R",79,"A",,"A",,"A",,"A",,"A",
478634, 1,"R",300,"R",0,"R",300,"R",0,"A",,"A",,"A",,"A",,"A",
478634, 2,"R",300,"R",0,"R",300,"R",0,"A",,"A",,"A",,"A",,"A",
478634, 3,"R",300,"R",0,"R",300,"R",0,"A",,"A",,"A",,"A",,"A",
478661, 1,"R",129,"A",,"A",,"R",129,"A",,"A",,"A",,"A",,"A",
478661, 2,"R",129,"A",,"A",,"R",129,"A",,"A",,"A",,"A",,"A",
478917, 1,"R",56,"A",,"A",,"R",56,"A",,"A",,"A",,"A",,"A",
478917, 2,"R",56,"A",,"A",,"R",56,"A",,"A",,"A",,"A",,"A",
478953, 1,"R",171,"A",,"A",,"R",171,"A",,"A",,"A",,"A",,"A",
478953, 2,"R",171,"A",,"A",,"R",171,"A",,"A",,"A",,"A",,"A",
479053, 1,"R",108,"A",,"A",,"R",108,"A",,"A",,"A",,"A",,"A",
479053, 2,"R",108,"A",,"A",,"R",108,"A",,"A",,"A",,"A",,"A",
479062, 1,"R",59,"A",,"A",,"R",59,"A",,"A",,"A",,"A",,"A",
479062, 2,"R",59,"A",,"A",,"R",59,"A",,"A",,"A",,"A",,"A",
479248, 1,"R",144,"R",23,"R",14,"R",107,"R",22,"R",1,"R",0,"R",0,"R",0
479248, 2,"R",144,"R",23,"R",14,"R",107,"R",22,"R",1,"R",0,"R",0,"R",0
479248, 3,"R",144,"R",23,"R",14,"R",107,"R",22,"R",1,"R",0,"R",0,"R",0
479424, 1,"R",273,"A",,"A",,"R",273,"A",,"A",,"A",,"A",,"A",
479424, 2,"R",273,"A",,"A",,"R",273,"A",,"A",,"A",,"A",,"A",
479956, 1,"R",14458,"R",14458,"A",,"A",,"R",5174,"R",8724,"R",0,"R",281,"R",279
479956, 2,"R",8346,"R",8346,"A",,"A",,"R",3303,"R",4765,"R",0,"R",111,"R",167
479956, 3,"R",8102,"R",8102,"A",,"A",,"R",3196,"R",4636,"R",0,"R",107,"R",163
479956,11,"R",244,"R",244,"A",,"A",,"R",107,"R",129,"R",0,"R",4,"R",4
479956,12,"R",6112,"R",6112,"A",,"A",,"R",1871,"R",3959,"R",0,"R",170,"R",112
479965, 1,"R",122,"A",,"A",,"R",122,"A",,"A",,"A",,"A",,"A",
479965, 2,"R",122,"A",,"A",,"R",122,"A",,"A",,"A",,"A",,"A",
479974, 1,"R",73,"A",,"A",,"R",73,"A",,"A",,"A",,"A",,"A",
479974, 2,"R",73,"A",,"A",,"R",73,"A",,"A",,"A",,"A",,"A",
479983, 1,"R",67,"A",,"A",,"R",67,"A",,"A",,"A",,"A",,"A",
479983, 2,"R",67,"A",,"A",,"R",67,"A",,"A",,"A",,"A",,"A",
479992, 1,"R",19,"A",,"A",,"R",19,"A",,"A",,"A",,"A",,"A",
479992, 2,"R",19,"A",,"A",,"R",19,"A",,"A",,"A",,"A",,"A",
480000, 1,"R",43,"A",,"A",,"R",43,"A",,"A",,"A",,"A",,"A",
480000, 2,"R",43,"A",,"A",,"R",43,"A",,"A",,"A",,"A",,"A",
480019, 1,"R",464,"A",,"A",,"R",464,"A",,"A",,"A",,"A",,"A",
480019, 2,"R",464,"A",,"A",,"R",464,"A",,"A",,"A",,"A",,"A",
480028, 1,"R",167,"A",,"A",,"R",167,"A",,"A",,"A",,"A",,"A",
480028, 2,"R",167,"A",,"A",,"R",167,"A",,"A",,"A",,"A",,"A",
480037, 1,"R",1809,"R",469,"R",0,"R",1340,"R",179,"R",288,"R",0,"R",2,"R",0
480037, 2,"R",1809,"R",469,"R",0,"R",1340,"R",179,"R",288,"R",0,"R",2,"R",0
480064, 1,"R",489,"R",365,"R",69,"R",55,"R",362,"R",3,"Z",0,"Z",0,"R",0
480064, 2,"R",431,"R",307,"R",69,"R",55,"R",306,"R",1,"Z",0,"Z",0,"R",0
480064, 3,"R",413,"R",289,"R",69,"R",55,"R",288,"R",1,"Z",0,"Z",0,"R",0
480064,11,"R",18,"R",18,"Z",0,"R",0,"R",18,"Z",0,"Z",0,"Z",0,"R",0
480064,12,"R",58,"R",58,"Z",0,"R",0,"R",56,"R",2,"Z",0,"Z",0,"R",0
480073, 1,"R",333,"Z",0,"R",180,"R",153,"A",,"A",,"A",,"A",,"A",
480073, 2,"R",302,"Z",0,"R",179,"R",123,"A",,"A",,"A",,"A",,"A",
480073, 3,"R",302,"Z",0,"R",179,"R",123,"A",,"A",,"A",,"A",,"A",
480073,12,"R",31,"Z",0,"R",1,"R",30,"A",,"A",,"A",,"A",,"A",
480082, 1,"R",99,"Z",0,"R",19,"R",80,"A",,"A",,"A",,"A",,"A",
480082, 2,"R",72,"Z",0,"R",18,"R",54,"A",,"A",,"A",,"A",,"A",
480082, 3,"R",72,"Z",0,"R",18,"R",54,"A",,"A",,"A",,"A",,"A",
480082,12,"R",27,"Z",0,"R",1,"R",26,"A",,"A",,"A",,"A",,"A",
480091, 1,"R",4442,"R",4436,"R",3,"R",3,"R",970,"R",3387,"R",1,"R",4,"R",74
480091, 2,"R",4442,"R",4436,"R",3,"R",3,"R",970,"R",3387,"R",1,"R",4,"R",74
480091, 3,"R",4436,"R",4430,"R",3,"R",3,"R",967,"R",3384,"R",1,"R",4,"R",74
480091,11,"R",6,"R",6,"A",,"A",,"R",3,"R",3,"R",0,"R",0,"R",0
480125, 1,"R",283,"A",,"A",,"R",283,"A",,"A",,"A",,"A",,"A",
480125, 2,"R",283,"A",,"A",,"R",283,"A",,"A",,"A",,"A",,"A",
480134, 1,"R",320,"R",255,"R",10,"R",55,"R",246,"R",9,"Z",0,"Z",0,"R",0
480134, 2,"R",247,"R",208,"R",9,"R",30,"R",202,"R",6,"Z",0,"Z",0,"R",0
480134, 3,"R",246,"R",207,"R",9,"R",30,"R",201,"R",6,"Z",0,"Z",0,"R",0
480134,11,"R",1,"R",1,"R",0,"R",0,"R",1,"Z",0,"Z",0,"Z",0,"R",0
480134,12,"R",73,"R",47,"R",1,"R",25,"R",44,"R",3,"Z",0,"Z",0,"R",0
480161, 1,"R",16,"A",,"A",,"R",16,"A",,"A",,"A",,"A",,"A",
480161, 2,"R",16,"A",,"A",,"R",16,"A",,"A",,"A",,"A",,"A",
480170, 1,"R",93,"A",,"A",,"R",93,"A",,"A",,"A",,"A",,"A",
480170, 2,"R",93,"A",,"A",,"R",93,"A",,"A",,"A",,"A",,"A",
480189, 1,"R",611,"A",,"A",,"R",611,"A",,"A",,"A",,"A",,"A",
480189, 2,"R",611,"A",,"A",,"R",611,"A",,"A",,"A",,"A",,"A",
480189, 3,"R",595,"A",,"A",,"R",595,"A",,"A",,"A",,"A",,"A",
480189,11,"R",16,"A",,"A",,"R",16,"A",,"A",,"A",,"A",,"A",
480198, 1,"R",377,"R",37,"R",39,"R",301,"R",23,"R",14,"Z",0,"Z",0,"R",0
480198, 2,"R",321,"R",37,"R",39,"R",245,"R",23,"R",14,"Z",0,"Z",0,"R",0
480198, 3,"R",321,"R",37,"R",39,"R",245,"R",23,"R",14,"Z",0,"Z",0,"R",0
480198,12,"R",56,"R",0,"Z",0,"R",56,"A",,"A",,"A",,"A",,"A",
480204, 1,"R",484,"A",,"A",,"R",484,"A",,"A",,"A",,"A",,"A",
480204, 2,"R",484,"A",,"A",,"R",484,"A",,"A",,"A",,"A",,"A",
480204, 3,"R",484,"A",,"A",,"R",484,"A",,"A",,"A",,"A",,"A",
480301, 1,"R",51,"R",0,"R",12,"R",39,"A",,"A",,"A",,"A",,"A",
480301,12,"R",51,"R",0,"R",12,"R",39,"A",,"A",,"A",,"A",,"A",
480310, 1,"R",100,"A",,"A",,"R",100,"A",,"A",,"A",,"A",,"A",
480310, 2,"R",100,"A",,"A",,"R",100,"A",,"A",,"A",,"A",,"A",
480347, 1,"R",74,"A",,"A",,"R",74,"A",,"A",,"A",,"A",,"A",
480347, 2,"R",74,"A",,"A",,"R",74,"A",,"A",,"A",,"A",,"A",
480471, 1,"R",569,"A",,"A",,"R",569,"A",,"A",,"A",,"A",,"A",
480471, 2,"R",569,"A",,"A",,"R",569,"A",,"A",,"A",,"A",,"A",
480499, 1,"R",42,"R",42,"A",,"A",,"R",6,"R",29,"Z",0,"R",7,"R",0
480499, 2,"R",14,"R",14,"A",,"A",,"R",3,"R",9,"Z",0,"R",2,"R",0
480499, 3,"R",14,"R",14,"A",,"A",,"R",3,"R",9,"Z",0,"R",2,"R",0
480499,12,"R",28,"R",28,"A",,"A",,"R",3,"R",20,"Z",0,"R",5,"R",0
480523, 1,"R",85,"A",,"A",,"R",85,"A",,"A",,"A",,"A",,"A",
480523, 2,"R",85,"A",,"A",,"R",85,"A",,"A",,"A",,"A",,"A",
480532, 1,"R",76,"A",,"A",,"R",76,"A",,"A",,"A",,"A",,"A",
480532, 2,"R",76,"A",,"A",,"R",76,"A",,"A",,"A",,"A",,"A",
480550, 1,"R",91,"A",,"A",,"R",91,"A",,"A",,"A",,"A",,"A",
480550, 2,"R",91,"A",,"A",,"R",91,"A",,"A",,"A",,"A",,"A",
480569, 1,"R",2310,"R",2310,"A",,"A",,"R",853,"R",1414,"Z",0,"R",43,"R",0
480569, 2,"R",1474,"R",1474,"A",,"A",,"R",511,"R",926,"Z",0,"R",37,"R",0
480569, 3,"R",1460,"R",1460,"A",,"A",,"R",510,"R",924,"Z",0,"R",26,"R",0
480569,11,"R",14,"R",14,"A",,"A",,"R",1,"R",2,"Z",0,"R",11,"R",0
480569,12,"R",836,"R",836,"A",,"A",,"R",342,"R",488,"Z",0,"R",6,"R",0
480657, 1,"R",553,"R",292,"R",221,"R",40,"R",199,"R",92,"R",0,"R",0,"R",1
480657, 2,"R",553,"R",292,"R",221,"R",40,"R",199,"R",92,"R",0,"R",0,"R",1
480657, 3,"R",553,"R",292,"R",221,"R",40,"R",199,"R",92,"R",0,"R",0,"R",1
480693, 1,"R",107,"R",12,"R",20,"R",75,"R",11,"R",1,"Z",0,"Z",0,"R",0
480693, 2,"R",107,"R",12,"R",20,"R",75,"R",11,"R",1,"Z",0,"Z",0,"R",0
480727, 1,"R",20,"A",,"A",,"R",20,"A",,"A",,"A",,"A",,"A",
480727, 2,"R",20,"A",,"A",,"R",20,"A",,"A",,"A",,"A",,"A",
480736, 1,"R",89,"A",,"A",,"R",89,"A",,"A",,"A",,"A",,"A",
480736, 2,"R",89,"A",,"A",,"R",89,"A",,"A",,"A",,"A",,"A",
480781, 1,"R",236,"R",44,"R",192,"R",0,"R",35,"R",3,"R",0,"R",6,"R",0
480781, 2,"R",68,"R",27,"R",41,"R",0,"R",25,"R",0,"R",0,"R",2,"R",0
480781, 3,"R",68,"R",27,"R",41,"R",0,"R",25,"R",0,"R",0,"R",2,"R",0
480781,12,"R",168,"R",17,"R",151,"R",0,"R",10,"R",3,"R",0,"R",4,"R",0
480790, 1,"R",952,"A",,"A",,"R",952,"A",,"A",,"A",,"A",,"A",
480790,12,"R",952,"A",,"A",,"R",952,"A",,"A",,"A",,"A",,"A",
480824, 1,"R",85,"A",,"A",,"R",85,"A",,"A",,"A",,"A",,"A",
480824, 2,"R",85,"A",,"A",,"R",85,"A",,"A",,"A",,"A",,"A",
480833, 1,"R",509,"A",,"A",,"R",509,"A",,"A",,"A",,"A",,"A",
480833, 2,"R",509,"A",,"A",,"R",509,"A",,"A",,"A",,"A",,"A",
480833, 3,"R",509,"A",,"A",,"R",509,"A",,"A",,"A",,"A",,"A",
480842, 1,"R",15,"A",,"A",,"R",15,"A",,"A",,"A",,"A",,"A",
480842, 2,"R",15,"A",,"A",,"R",15,"A",,"A",,"A",,"A",,"A",
480851, 1,"R",92,"R",0,"R",91,"R",1,"A",,"A",,"A",,"A",,"A",
480851, 2,"R",92,"R",0,"R",91,"R",1,"A",,"A",,"A",,"A",,"A",
480851, 3,"R",92,"R",0,"R",91,"R",1,"A",,"A",,"A",,"A",,"A",
480879, 1,"R",38,"A",,"A",,"R",38,"A",,"A",,"A",,"A",,"A",
480879, 2,"R",38,"A",,"A",,"R",38,"A",,"A",,"A",,"A",,"A",
480888, 1,"R",217,"A",,"A",,"R",217,"A",,"A",,"A",,"A",,"A",
480888, 2,"R",217,"A",,"A",,"R",217,"A",,"A",,"A",,"A",,"A",
480903, 1,"R",269,"A",,"A",,"R",269,"A",,"A",,"A",,"A",,"A",
480903, 2,"R",269,"A",,"A",,"R",269,"A",,"A",,"A",,"A",,"A",
480912, 1,"R",15,"A",,"A",,"R",15,"A",,"A",,"A",,"A",,"A",
480912, 2,"R",15,"A",,"A",,"R",15,"A",,"A",,"A",,"A",,"A",
480912, 3,"R",15,"A",,"A",,"R",15,"A",,"A",,"A",,"A",,"A",
480921, 1,"R",78,"A",,"A",,"R",78,"A",,"A",,"A",,"A",,"A",
480921, 2,"R",78,"A",,"A",,"R",78,"A",,"A",,"A",,"A",,"A",
480930, 1,"R",135,"A",,"A",,"R",135,"A",,"A",,"A",,"A",,"A",
480930, 2,"R",135,"A",,"A",,"R",135,"A",,"A",,"A",,"A",,"A",
480967, 1,"R",217,"R",0,"R",0,"R",217,"A",,"A",,"A",,"A",,"A",
480967, 2,"R",217,"R",0,"R",0,"R",217,"A",,"A",,"A",,"A",,"A",
480967, 3,"R",205,"R",0,"R",0,"R",205,"A",,"A",,"A",,"A",,"A",
480967,11,"R",12,"R",0,"R",0,"R",12,"A",,"A",,"A",,"A",,"A",
480976, 1,"R",46,"A",,"A",,"R",46,"A",,"A",,"A",,"A",,"A",
480976, 2,"R",46,"A",,"A",,"R",46,"A",,"A",,"A",,"A",,"A",
480985, 1,"R",262,"R",262,"A",,"A",,"R",27,"R",222,"Z",0,"R",13,"R",0
480985, 2,"R",257,"R",257,"A",,"A",,"R",27,"R",219,"Z",0,"R",11,"R",0
480985, 3,"R",257,"R",257,"A",,"A",,"R",27,"R",219,"Z",0,"R",11,"R",0
480985,12,"R",5,"R",5,"A",,"A",,"Z",0,"R",3,"Z",0,"R",2,"R",0
480994, 1,"R",55,"A",,"A",,"R",55,"A",,"A",,"A",,"A",,"A",
480994, 2,"R",55,"A",,"A",,"R",55,"A",,"A",,"A",,"A",,"A",
481003, 1,"R",176,"R",1,"R",0,"R",175,"R",1,"R",0,"R",0,"R",0,"R",0
481003, 2,"R",176,"R",1,"R",0,"R",175,"R",1,"R",0,"R",0,"R",0,"R",0
481021, 1,"R",50,"A",,"A",,"R",50,"A",,"A",,"A",,"A",,"A",
481021, 2,"R",50,"A",,"A",,"R",50,"A",,"A",,"A",,"A",,"A",
481021, 3,"R",46,"A",,"A",,"R",46,"A",,"A",,"A",,"A",,"A",
481021,11,"R",4,"A",,"A",,"R",4,"A",,"A",,"A",,"A",,"A",
481030, 1,"R",20,"R",20,"Z",0,"R",0,"R",1,"R",6,"R",0,"R",13,"R",0
481030,12,"R",20,"R",20,"Z",0,"R",0,"R",1,"R",6,"R",0,"R",13,"R",0
481049, 1,"R",28,"A",,"A",,"R",28,"A",,"A",,"A",,"A",,"A",
481049, 2,"R",28,"A",,"A",,"R",28,"A",,"A",,"A",,"A",,"A",
481049, 3,"R",28,"A",,"A",,"R",28,"A",,"A",,"A",,"A",,"A",
481058, 1,"R",194,"R",57,"R",3,"R",134,"R",45,"R",12,"Z",0,"Z",0,"R",0
481058, 2,"R",84,"R",17,"R",1,"R",66,"R",10,"R",7,"Z",0,"Z",0,"R",0
481058, 3,"R",84,"R",17,"R",1,"R",66,"R",10,"R",7,"Z",0,"Z",0,"R",0
481058,12,"R",110,"R",40,"R",2,"R",68,"R",35,"R",5,"Z",0,"Z",0,"R",0
481085, 1,"R",170,"A",,"A",,"R",170,"A",,"A",,"A",,"A",,"A",
481085, 2,"R",170,"A",,"A",,"R",170,"A",,"A",,"A",,"A",,"A",
481094, 1,"R",205,"A",,"A",,"R",205,"A",,"A",,"A",,"A",,"A",
481094,12,"R",205,"A",,"A",,"R",205,"A",,"A",,"A",,"A",,"A",
481100, 1,"R",30,"A",,"A",,"R",30,"A",,"A",,"A",,"A",,"A",
481100, 2,"R",30,"A",,"A",,"R",30,"A",,"A",,"A",,"A",,"A",
481128, 1,"R",110,"A",,"A",,"R",110,"A",,"A",,"A",,"A",,"A",
481128, 2,"R",110,"A",,"A",,"R",110,"A",,"A",,"A",,"A",,"A",
481137, 1,"R",80,"A",,"A",,"R",80,"A",,"A",,"A",,"A",,"A",
481137, 2,"R",80,"A",,"A",,"R",80,"A",,"A",,"A",,"A",,"A",
481146, 1,"R",142,"A",,"A",,"R",142,"A",,"A",,"A",,"A",,"A",
481146, 2,"R",142,"A",,"A",,"R",142,"A",,"A",,"A",,"A",,"A",
481155, 1,"R",304,"A",,"A",,"R",304,"A",,"A",,"A",,"A",,"A",
481155, 2,"R",304,"A",,"A",,"R",304,"A",,"A",,"A",,"A",,"A",
481155, 3,"R",304,"A",,"A",,"R",304,"A",,"A",,"A",,"A",,"A",
481182, 1,"R",34,"A",,"A",,"R",34,"A",,"A",,"A",,"A",,"A",
481182, 2,"R",34,"A",,"A",,"R",34,"A",,"A",,"A",,"A",,"A",
481182, 3,"R",34,"A",,"A",,"R",34,"A",,"A",,"A",,"A",,"A",
481191, 1,"R",230,"A",,"A",,"R",230,"A",,"A",,"A",,"A",,"A",
481191, 2,"R",230,"A",,"A",,"R",230,"A",,"A",,"A",,"A",,"A",
481191, 3,"R",230,"A",,"A",,"R",230,"A",,"A",,"A",,"A",,"A",
481207, 1,"R",126,"R",126,"R",0,"R",0,"R",2,"R",122,"R",0,"R",0,"R",2
481207, 2,"R",126,"R",126,"R",0,"R",0,"R",2,"R",122,"R",0,"R",0,"R",2
481225, 1,"R",28,"R",0,"R",1,"R",27,"A",,"A",,"A",,"A",,"A",
481225, 2,"R",28,"R",0,"R",1,"R",27,"A",,"A",,"A",,"A",,"A",
481225, 3,"R",28,"R",0,"R",1,"R",27,"A",,"A",,"A",,"A",,"A",
481243, 1,"R",163,"A",,"A",,"R",163,"A",,"A",,"A",,"A",,"A",
481243, 2,"R",163,"A",,"A",,"R",163,"A",,"A",,"A",,"A",,"A",
481252, 1,"R",98,"A",,"A",,"R",98,"A",,"A",,"A",,"A",,"A",
481252, 2,"R",98,"A",,"A",,"R",98,"A",,"A",,"A",,"A",,"A",
481252, 3,"R",98,"A",,"A",,"R",98,"A",,"A",,"A",,"A",,"A",
481289, 1,"R",79,"A",,"A",,"R",79,"A",,"A",,"A",,"A",,"A",
481289, 2,"R",79,"A",,"A",,"R",79,"A",,"A",,"A",,"A",,"A",
481298, 1,"R",51,"A",,"A",,"R",51,"A",,"A",,"A",,"A",,"A",
481298, 2,"R",51,"A",,"A",,"R",51,"A",,"A",,"A",,"A",,"A",
481313, 1,"R",36,"A",,"A",,"R",36,"A",,"A",,"A",,"A",,"A",
481313, 2,"R",36,"A",,"A",,"R",36,"A",,"A",,"A",,"A",,"A",
481331, 1,"R",105,"A",,"A",,"R",105,"A",,"A",,"A",,"A",,"A",
481331, 2,"R",105,"A",,"A",,"R",105,"A",,"A",,"A",,"A",,"A",
481340, 1,"R",36,"A",,"A",,"R",36,"A",,"A",,"A",,"A",,"A",
481340, 2,"R",36,"A",,"A",,"R",36,"A",,"A",,"A",,"A",,"A",
481368, 1,"R",30,"A",,"A",,"R",30,"A",,"A",,"A",,"A",,"A",
481368, 2,"R",30,"A",,"A",,"R",30,"A",,"A",,"A",,"A",,"A",
481386, 1,"R",196,"A",,"A",,"R",196,"A",,"A",,"A",,"A",,"A",
481386, 2,"R",196,"A",,"A",,"R",196,"A",,"A",,"A",,"A",,"A",
481395, 1,"R",35,"A",,"A",,"R",35,"A",,"A",,"A",,"A",,"A",
481395, 2,"R",35,"A",,"A",,"R",35,"A",,"A",,"A",,"A",,"A",
481401, 1,"R",532,"R",366,"R",25,"R",141,"R",104,"R",65,"Z",0,"R",197,"R",0
481401, 2,"R",237,"R",147,"R",9,"R",81,"R",48,"R",23,"Z",0,"R",76,"R",0
481401, 3,"R",237,"R",147,"R",9,"R",81,"R",48,"R",23,"Z",0,"R",76,"R",0
481401,12,"R",295,"R",219,"R",16,"R",60,"R",56,"R",42,"Z",0,"R",121,"R",0
481410, 1,"R",81,"A",,"A",,"R",81,"A",,"A",,"A",,"A",,"A",
481410, 2,"R",81,"A",,"A",,"R",81,"A",,"A",,"A",,"A",,"A",
481410, 3,"R",81,"A",,"A",,"R",81,"A",,"A",,"A",,"A",,"A",
481429, 1,"R",201,"A",,"A",,"R",201,"A",,"A",,"A",,"A",,"A",
481429, 2,"R",201,"A",,"A",,"R",201,"A",,"A",,"A",,"A",,"A",
481438, 1,"R",46,"A",,"A",,"R",46,"A",,"A",,"A",,"A",,"A",
481438, 2,"R",46,"A",,"A",,"R",46,"A",,"A",,"A",,"A",,"A",
481438, 3,"R",46,"A",,"A",,"R",46,"A",,"A",,"A",,"A",,"A",
481447, 1,"R",43,"A",,"A",,"R",43,"A",,"A",,"A",,"A",,"A",
481447, 2,"R",43,"A",,"A",,"R",43,"A",,"A",,"A",,"A",,"A",
481456, 1,"R",14,"A",,"A",,"R",14,"A",,"A",,"A",,"A",,"A",
481456, 2,"R",14,"A",,"A",,"R",14,"A",,"A",,"A",,"A",,"A",
481465, 1,"R",66,"A",,"A",,"R",66,"A",,"A",,"A",,"A",,"A",
481465, 2,"R",66,"A",,"A",,"R",66,"A",,"A",,"A",,"A",,"A",
481474, 1,"R",94,"A",,"A",,"R",94,"A",,"A",,"A",,"A",,"A",
481474, 2,"R",94,"A",,"A",,"R",94,"A",,"A",,"A",,"A",,"A",
481483, 1,"R",98,"A",,"A",,"R",98,"A",,"A",,"A",,"A",,"A",
481483, 2,"R",98,"A",,"A",,"R",98,"A",,"A",,"A",,"A",,"A",
481508, 1,"R",172,"A",,"A",,"R",172,"A",,"A",,"A",,"A",,"A",
481508, 2,"R",172,"A",,"A",,"R",172,"A",,"A",,"A",,"A",,"A",
481517, 1,"R",92,"A",,"A",,"R",92,"A",,"A",,"A",,"A",,"A",
481517, 2,"R",92,"A",,"A",,"R",92,"A",,"A",,"A",,"A",,"A",
481526, 1,"R",130,"A",,"A",,"R",130,"A",,"A",,"A",,"A",,"A",
481526, 2,"R",130,"A",,"A",,"R",130,"A",,"A",,"A",,"A",,"A",
481535, 1,"R",32,"A",,"A",,"R",32,"A",,"A",,"A",,"A",,"A",
481535,12,"R",32,"A",,"A",,"R",32,"A",,"A",,"A",,"A",,"A",
481544, 1,"R",35,"A",,"A",,"R",35,"A",,"A",,"A",,"A",,"A",
481544, 2,"R",35,"A",,"A",,"R",35,"A",,"A",,"A",,"A",,"A",
481571, 1,"R",8,"A",,"A",,"R",8,"A",,"A",,"A",,"A",,"A",
481571, 2,"R",8,"A",,"A",,"R",8,"A",,"A",,"A",,"A",,"A",
481678, 1,"R",81,"A",,"A",,"R",81,"A",,"A",,"A",,"A",,"A",
481678, 2,"R",81,"A",,"A",,"R",81,"A",,"A",,"A",,"A",,"A",
481720, 1,"R",49,"R",0,"R",4,"R",45,"A",,"A",,"A",,"A",,"A",
481720, 2,"R",35,"Z",0,"R",4,"R",31,"A",,"A",,"A",,"A",,"A",
481720, 3,"R",35,"Z",0,"R",4,"R",31,"A",,"A",,"A",,"A",,"A",
481720,12,"R",14,"R",0,"R",0,"R",14,"A",,"A",,"A",,"A",,"A",
481739, 1,"R",74,"A",,"A",,"R",74,"A",,"A",,"A",,"A",,"A",
481739, 2,"R",74,"A",,"A",,"R",74,"A",,"A",,"A",,"A",,"A",
481748, 1,"R",126,"A",,"A",,"R",126,"A",,"A",,"A",,"A",,"A",
481748, 2,"R",126,"A",,"A",,"R",126,"A",,"A",,"A",,"A",,"A",
481845, 1,"R",49,"A",,"A",,"R",49,"A",,"A",,"A",,"A",,"A",
481845, 2,"R",49,"A",,"A",,"R",49,"A",,"A",,"A",,"A",,"A",
481863, 1,"R",82,"A",,"A",,"R",82,"A",,"A",,"A",,"A",,"A",
481863, 2,"R",82,"A",,"A",,"R",82,"A",,"A",,"A",,"A",,"A",
481863, 3,"R",82,"A",,"A",,"R",82,"A",,"A",,"A",,"A",,"A",
481890, 1,"R",74,"A",,"A",,"R",74,"A",,"A",,"A",,"A",,"A",
481890, 2,"R",74,"A",,"A",,"R",74,"A",,"A",,"A",,"A",,"A",
481906, 1,"R",107,"A",,"A",,"R",107,"A",,"A",,"A",,"A",,"A",
481906, 2,"R",107,"A",,"A",,"R",107,"A",,"A",,"A",,"A",,"A",
481942, 1,"R",199,"A",,"A",,"R",199,"A",,"A",,"A",,"A",,"A",
481942, 2,"R",199,"A",,"A",,"R",199,"A",,"A",,"A",,"A",,"A",
481960, 1,"R",189,"A",,"A",,"R",189,"A",,"A",,"A",,"A",,"A",
481960, 2,"R",189,"A",,"A",,"R",189,"A",,"A",,"A",,"A",,"A",
481960, 3,"R",189,"A",,"A",,"R",189,"A",,"A",,"A",,"A",,"A",
482015, 1,"R",520,"R",0,"R",0,"R",520,"A",,"A",,"A",,"A",,"A",
482015, 2,"R",520,"R",0,"R",0,"R",520,"A",,"A",,"A",,"A",,"A",
482060, 1,"R",311,"A",,"A",,"R",311,"A",,"A",,"A",,"A",,"A",
482060, 2,"R",311,"A",,"A",,"R",311,"A",,"A",,"A",,"A",,"A",
482097, 1,"R",405,"A",,"A",,"R",405,"A",,"A",,"A",,"A",,"A",
482097, 2,"R",405,"A",,"A",,"R",405,"A",,"A",,"A",,"A",,"A",
482103, 1,"R",59,"A",,"A",,"R",59,"A",,"A",,"A",,"A",,"A",
482103, 2,"R",59,"A",,"A",,"R",59,"A",,"A",,"A",,"A",,"A",
482149, 1,"R",8458,"R",391,"R",2290,"R",5777,"R",344,"R",46,"R",1,"R",0,"R",0
482149, 2,"R",5463,"R",136,"R",1592,"R",3735,"R",121,"R",15,"R",0,"R",0,"R",0
482149, 3,"R",5146,"R",111,"R",1568,"R",3467,"R",100,"R",11,"R",0,"R",0,"R",0
482149,11,"R",317,"R",25,"R",24,"R",268,"R",21,"R",4,"R",0,"R",0,"R",0
482149,12,"R",2995,"R",255,"R",698,"R",2042,"R",223,"R",31,"R",1,"R",0,"R",0
482158, 1,"R",7802,"R",1598,"R",2535,"R",3669,"R",1492,"R",104,"R",1,"R",1,"R",0
482158, 2,"R",7584,"R",1417,"R",2522,"R",3645,"R",1342,"R",74,"R",1,"R",0,"R",0
482158, 3,"R",6931,"R",1309,"R",2431,"R",3191,"R",1238,"R",70,"R",1,"R",0,"R",0
482158,11,"R",653,"R",108,"R",91,"R",454,"R",104,"R",4,"R",0,"R",0,"R",0
482158,12,"R",218,"R",181,"R",13,"R",24,"R",150,"R",30,"R",0,"R",1,"R",0
482167, 1,"R",103,"A",,"A",,"R",103,"A",,"A",,"A",,"A",,"A",
482167, 2,"R",103,"A",,"A",,"R",103,"A",,"A",,"A",,"A",,"A",
482176, 1,"R",201,"A",,"A",,"R",201,"A",,"A",,"A",,"A",,"A",
482176, 2,"R",201,"A",,"A",,"R",201,"A",,"A",,"A",,"A",,"A",
482185, 1,"R",147,"A",,"A",,"R",147,"A",,"A",,"A",,"A",,"A",
482185, 2,"R",147,"A",,"A",,"R",147,"A",,"A",,"A",,"A",,"A",
482194, 1,"R",105,"A",,"A",,"R",105,"A",,"A",,"A",,"A",,"A",
482194, 2,"R",105,"A",,"A",,"R",105,"A",,"A",,"A",,"A",,"A",
482200, 1,"R",67,"A",,"A",,"R",67,"A",,"A",,"A",,"A",,"A",
482200, 2,"R",67,"A",,"A",,"R",67,"A",,"A",,"A",,"A",,"A",
482228, 1,"R",210,"R",210,"A",,"A",,"R",5,"R",194,"Z",0,"R",8,"R",3
482228, 2,"R",174,"R",174,"A",,"A",,"R",5,"R",158,"Z",0,"R",8,"R",3
482228, 3,"R",151,"R",151,"A",,"A",,"R",5,"R",135,"Z",0,"R",8,"R",3
482228,11,"R",23,"R",23,"A",,"A",,"R",0,"R",23,"Z",0,"R",0,"R",0
482228,12,"R",36,"R",36,"A",,"A",,"R",0,"R",36,"Z",0,"Z",0,"R",0
482246, 1,"R",24,"A",,"A",,"R",24,"A",,"A",,"A",,"A",,"A",
482246, 2,"R",24,"A",,"A",,"R",24,"A",,"A",,"A",,"A",,"A",
482255, 1,"R",359,"A",,"A",,"R",359,"A",,"A",,"A",,"A",,"A",
482255, 2,"R",359,"A",,"A",,"R",359,"A",,"A",,"A",,"A",,"A",
482291, 1,"R",904,"A",,"A",,"R",904,"A",,"A",,"A",,"A",,"A",
482291, 2,"R",904,"A",,"A",,"R",904,"A",,"A",,"A",,"A",,"A",
482325, 1,"R",84,"R",65,"R",14,"R",5,"R",58,"R",7,"Z",0,"Z",0,"R",0
482325, 2,"R",84,"R",65,"R",14,"R",5,"R",58,"R",7,"Z",0,"Z",0,"R",0
482325, 3,"R",84,"R",65,"R",14,"R",5,"R",58,"R",7,"Z",0,"Z",0,"R",0
482343, 1,"R",22,"R",20,"R",2,"R",0,"R",16,"R",4,"Z",0,"Z",0,"R",0
482343, 2,"R",22,"R",20,"R",2,"R",0,"R",16,"R",4,"Z",0,"Z",0,"R",0
482343, 3,"R",22,"R",20,"R",2,"R",0,"R",16,"R",4,"Z",0,"Z",0,"R",0
482370, 1,"R",299,"R",256,"R",25,"R",18,"R",220,"R",36,"Z",0,"Z",0,"R",0
482370, 2,"R",299,"R",256,"R",25,"R",18,"R",220,"R",36,"Z",0,"Z",0,"R",0
482370, 3,"R",299,"R",256,"R",25,"R",18,"R",220,"R",36,"Z",0,"Z",0,"R",0
482413, 1,"R",1471,"R",559,"R",623,"R",289,"R",481,"R",70,"R",0,"R",8,"R",0
482413, 2,"R",972,"R",411,"R",506,"R",55,"R",358,"R",51,"R",0,"R",2,"R",0
482413, 3,"R",963,"R",404,"R",505,"R",54,"R",352,"R",50,"R",0,"R",2,"R",0
482413,11,"R",9,"R",7,"R",1,"R",1,"R",6,"R",1,"R",0,"R",0,"R",0
482413,12,"R",499,"R",148,"R",117,"R",234,"R",123,"R",19,"R",0,"R",6,"R",0
482422, 1,"R",478,"R",287,"R",156,"R",35,"R",279,"R",7,"R",0,"R",1,"R",0
482422, 2,"R",382,"R",211,"R",144,"R",27,"R",205,"R",6,"R",0,"R",0,"R",0
482422, 3,"R",378,"R",210,"R",144,"R",24,"R",204,"R",6,"R",0,"R",0,"R",0
482422,11,"R",4,"R",1,"R",0,"R",3,"R",1,"R",0,"R",0,"R",0,"R",0
482422,12,"R",96,"R",76,"R",12,"R",8,"R",74,"R",1,"R",0,"R",1,"R",0
482431, 1,"R",2499,"R",1390,"R",848,"R",261,"R",1312,"R",69,"R",2,"R",5,"R",2
482431, 2,"R",1972,"R",1145,"R",753,"R",74,"R",1075,"R",63,"R",2,"R",3,"R",2
482431, 3,"R",1965,"R",1140,"R",752,"R",73,"R",1070,"R",63,"R",2,"R",3,"R",2
482431,11,"R",7,"R",5,"R",1,"R",1,"R",5,"R",0,"R",0,"R",0,"R",0
482431,12,"R",527,"R",245,"R",95,"R",187,"R",237,"R",6,"R",0,"R",2,"R",0
482440, 1,"R",171,"R",154,"R",15,"R",2,"R",147,"R",7,"R",0,"R",0,"R",0
482440, 2,"R",161,"R",144,"R",15,"R",2,"R",138,"R",6,"R",0,"R",0,"R",0
482440, 3,"R",159,"R",142,"R",15,"R",2,"R",136,"R",6,"R",0,"R",0,"R",0
482440,11,"R",2,"R",2,"R",0,"R",0,"R",2,"R",0,"R",0,"R",0,"R",0
482440,12,"R",10,"R",10,"R",0,"R",0,"R",9,"R",1,"R",0,"R",0,"R",0
482459, 1,"R",804,"R",665,"R",104,"R",35,"R",626,"R",36,"R",1,"R",2,"R",0
482459, 2,"R",585,"R",509,"R",74,"R",2,"R",475,"R",32,"R",1,"R",1,"R",0
482459, 3,"R",580,"R",504,"R",74,"R",2,"R",470,"R",32,"R",1,"R",1,"R",0
482459,11,"R",5,"R",5,"R",0,"R",0,"R",5,"R",0,"R",0,"R",0,"R",0
482459,12,"R",219,"R",156,"R",30,"R",33,"R",151,"R",4,"R",0,"R",1,"R",0
482468, 1,"R",1181,"R",869,"R",199,"R",113,"R",839,"R",27,"R",0,"R",2,"R",1
482468, 2,"R",902,"R",666,"R",164,"R",72,"R",641,"R",22,"R",0,"R",2,"R",1
482468, 3,"R",838,"R",659,"R",158,"R",21,"R",634,"R",22,"R",0,"R",2,"R",1
482468,11,"R",64,"R",7,"R",6,"R",51,"R",7,"R",0,"R",0,"R",0,"R",0
482468,12,"R",279,"R",203,"R",35,"R",41,"R",198,"R",5,"R",0,"R",0,"R",0
482477, 1,"R",17364,"R",15837,"R",941,"R",586,"R",2734,"R",12965,"R",21,"R",111,"R",6
482477, 2,"R",13068,"R",11986,"R",742,"R",340,"R",1752,"R",10150,"R",17,"R",63,"R",4
482477, 3,"R",12743,"R",11835,"R",742,"R",166,"R",1735,"R",10018,"R",17,"R",61,"R",4
482477,11,"R",325,"R",151,"R",0,"R",174,"R",17,"R",132,"R",0,"R",2,"R",0
482477,12,"R",4296,"R",3851,"R",199,"R",246,"R",982,"R",2815,"R",4,"R",48,"R",2
482486, 1,"R",62,"R",41,"R",15,"R",6,"R",36,"R",5,"R",0,"R",0,"R",0
482486, 2,"R",47,"R",33,"R",11,"R",3,"R",30,"R",3,"R",0,"R",0,"R",0
482486, 3,"R",47,"R",33,"R",11,"R",3,"R",30,"R",3,"R",0,"R",0,"R",0
482486,12,"R",15,"R",8,"R",4,"R",3,"R",6,"R",2,"R",0,"R",0,"R",0
482538, 1,"R",111,"R",69,"R",39,"R",3,"R",47,"R",22,"R",0,"R",0,"R",0
482538, 2,"R",92,"R",52,"R",38,"R",2,"R",36,"R",16,"R",0,"R",0,"R",0
482538, 3,"R",92,"R",52,"R",38,"R",2,"R",36,"R",16,"R",0,"R",0,"R",0
482538,12,"R",19,"R",17,"R",1,"R",1,"R",11,"R",6,"R",0,"R",0,"R",0
482547, 1,"R",114,"R",63,"R",39,"R",12,"R",53,"R",10,"R",0,"R",0,"R",0
482547, 2,"R",86,"R",47,"R",33,"R",6,"R",40,"R",7,"R",0,"R",0,"R",0
482547, 3,"R",86,"R",47,"R",33,"R",6,"R",40,"R",7,"R",0,"R",0,"R",0
482547,12,"R",28,"R",16,"R",6,"R",6,"R",13,"R",3,"R",0,"R",0,"R",0
482556, 1,"R",387,"R",221,"R",133,"R",33,"R",208,"R",13,"R",0,"R",0,"R",0
482556, 2,"R",335,"R",191,"R",121,"R",23,"R",180,"R",11,"R",0,"R",0,"R",0
482556, 3,"R",334,"R",191,"R",120,"R",23,"R",180,"R",11,"R",0,"R",0,"R",0
482556,11,"R",1,"R",0,"R",1,"R",0,"A",,"A",,"A",,"A",,"A",
482556,12,"R",52,"R",30,"R",12,"R",10,"R",28,"R",2,"R",0,"R",0,"R",0
482565, 1,"R",118,"R",97,"R",18,"R",3,"R",87,"R",10,"R",0,"R",0,"R",0
482565, 2,"R",68,"R",53,"R",14,"R",1,"R",48,"R",5,"R",0,"R",0,"R",0
482565, 3,"R",68,"R",53,"R",14,"R",1,"R",48,"R",5,"R",0,"R",0,"R",0
482565,12,"R",50,"R",44,"R",4,"R",2,"R",39,"R",5,"R",0,"R",0,"R",0
482574, 1,"R",772,"R",648,"R",97,"R",27,"R",618,"R",28,"R",1,"R",0,"R",1
482574, 2,"R",652,"R",535,"R",95,"R",22,"R",510,"R",24,"R",1,"R",0,"R",0
482574, 3,"R",649,"R",532,"R",95,"R",22,"R",507,"R",24,"R",1,"R",0,"R",0
482574,11,"R",3,"R",3,"R",0,"R",0,"R",3,"R",0,"R",0,"R",0,"R",0
482574,12,"R",120,"R",113,"R",2,"R",5,"R",108,"R",4,"R",0,"R",0,"R",1
482608, 1,"R",297,"R",262,"R",35,"R",0,"R",232,"R",29,"R",0,"R",1,"R",0
482608, 2,"R",199,"R",165,"R",34,"R",0,"R",141,"R",24,"R",0,"R",0,"R",0
482608, 3,"R",199,"R",165,"R",34,"R",0,"R",141,"R",24,"R",0,"R",0,"R",0
482608,12,"R",98,"R",97,"R",1,"R",0,"R",91,"R",5,"R",0,"R",1,"R",0
482617, 1,"R",48,"R",36,"R",11,"R",1,"R",33,"R",3,"R",0,"R",0,"R",0
482617, 2,"R",33,"R",23,"R",10,"R",0,"R",21,"R",2,"R",0,"R",0,"R",0
482617, 3,"R",33,"R",23,"R",10,"R",0,"R",21,"R",2,"R",0,"R",0,"R",0
482617,12,"R",15,"R",13,"R",1,"R",1,"R",12,"R",1,"R",0,"R",0,"R",0
482635, 1,"R",642,"R",364,"R",223,"R",55,"R",333,"R",28,"R",0,"R",0,"R",3
482635, 2,"R",482,"R",265,"R",189,"R",28,"R",241,"R",22,"R",0,"R",0,"R",2
482635, 3,"R",481,"R",265,"R",189,"R",27,"R",241,"R",22,"R",0,"R",0,"R",2
482635,11,"R",1,"R",0,"R",0,"R",1,"A",,"A",,"A",,"A",,"A",
482635,12,"R",160,"R",99,"R",34,"R",27,"R",92,"R",6,"R",0,"R",0,"R",1
482653, 1,"R",374,"R",186,"R",104,"R",84,"R",110,"R",75,"R",0,"R",1,"R",0
482653, 2,"R",188,"R",117,"R",68,"R",3,"R",67,"R",50,"R",0,"R",0,"R",0
482653, 3,"R",188,"R",117,"R",68,"R",3,"R",67,"R",50,"R",0,"R",0,"R",0
482653,12,"R",186,"R",69,"R",36,"R",81,"R",43,"R",25,"R",0,"R",1,"R",0
482680, 1,"R",19722,"R",1219,"R",3965,"R",14538,"R",1150,"R",68,"R",0,"R",1,"R",0
482680, 2,"R",19041,"R",940,"R",3858,"R",14243,"R",928,"R",11,"R",0,"R",1,"R",0
482680, 3,"R",17661,"R",781,"R",3730,"R",13150,"R",770,"R",11,"R",0,"R",0,"R",0
482680,11,"R",1380,"R",159,"R",128,"R",1093,"R",158,"R",0,"R",0,"R",1,"R",0
482680,12,"R",681,"R",279,"R",107,"R",295,"R",222,"R",57,"R",0,"R",0,"R",0
482699, 1,"R",2482,"R",256,"R",1121,"R",1105,"R",248,"R",8,"Z",0,"Z",0,"R",0
482699, 2,"R",2482,"R",256,"R",1121,"R",1105,"R",248,"R",8,"Z",0,"Z",0,"R",0
482699, 3,"R",2105,"R",181,"R",996,"R",928,"R",173,"R",8,"Z",0,"Z",0,"R",0
482699,11,"R",377,"R",75,"R",125,"R",177,"R",75,"R",0,"Z",0,"Z",0,"R",0
482705, 1,"R",11900,"R",4491,"R",2337,"R",5072,"R",1720,"R",2637,"Z",0,"R",134,"R",0
482705, 2,"R",3994,"R",749,"R",1135,"R",2110,"R",413,"R",318,"Z",0,"R",18,"R",0
482705, 3,"R",1984,"R",696,"R",1097,"R",191,"R",373,"R",305,"Z",0,"R",18,"R",0
482705,11,"R",2010,"R",53,"R",38,"R",1919,"R",40,"R",13,"Z",0,"Z",0,"R",0
482705,12,"R",7906,"R",3742,"R",1202,"R",2962,"R",1307,"R",2319,"Z",0,"R",116,"R",0
482936, 1,"R",1425,"A",,"A",,"R",1425,"A",,"A",,"A",,"A",,"A",
482936, 2,"R",1392,"A",,"A",,"R",1392,"A",,"A",,"A",,"A",,"A",
482936, 3,"R",1389,"A",,"A",,"R",1389,"A",,"A",,"A",,"A",,"A",
482936,11,"R",3,"A",,"A",,"R",3,"A",,"A",,"A",,"A",,"A",
482936,12,"R",33,"A",,"A",,"R",33,"A",,"A",,"A",,"A",,"A",
482963, 1,"R",346,"R",0,"R",326,"R",20,"A",,"A",,"A",,"A",,"A",
482963, 2,"R",346,"R",0,"R",326,"R",20,"A",,"A",,"A",,"A",,"A",
482972, 1,"R",82,"A",,"A",,"R",82,"A",,"A",,"A",,"A",,"A",
482972, 2,"R",82,"A",,"A",,"R",82,"A",,"A",,"A",,"A",,"A",
482981, 1,"R",157,"A",,"A",,"R",157,"A",,"A",,"A",,"A",,"A",
482981, 2,"R",157,"A",,"A",,"R",157,"A",,"A",,"A",,"A",,"A",
482990, 1,"R",771,"A",,"A",,"R",771,"A",,"A",,"A",,"A",,"A",
482990, 2,"R",771,"A",,"A",,"R",771,"A",,"A",,"A",,"A",,"A",
482990, 3,"R",771,"A",,"A",,"R",771,"A",,"A",,"A",,"A",,"A",
483009, 1,"R",52,"A",,"A",,"R",52,"A",,"A",,"A",,"A",,"A",
483009, 2,"R",52,"A",,"A",,"R",52,"A",,"A",,"A",,"A",,"A",
483018, 1,"R",102,"R",0,"R",6,"R",96,"A",,"A",,"A",,"A",,"A",
483018, 2,"R",102,"R",0,"R",6,"R",96,"A",,"A",,"A",,"A",,"A",
483018, 3,"R",102,"R",0,"R",6,"R",96,"A",,"A",,"A",,"A",,"A",
483036, 1,"R",2464,"R",796,"R",738,"R",930,"R",756,"R",38,"R",0,"R",2,"R",0
483036, 2,"R",1913,"R",614,"R",572,"R",727,"R",586,"R",28,"R",0,"R",0,"R",0
483036, 3,"R",1904,"R",611,"R",572,"R",721,"R",583,"R",28,"R",0,"R",0,"R",0
483036,11,"R",9,"R",3,"R",0,"R",6,"R",3,"R",0,"R",0,"R",0,"R",0
483036,12,"R",551,"R",182,"R",166,"R",203,"R",170,"R",10,"R",0,"R",2,"R",0
483045, 1,"R",8219,"R",1990,"R",2069,"R",4160,"R",1974,"R",16,"R",0,"R",0,"R",0
483045, 2,"R",8219,"R",1990,"R",2069,"R",4160,"R",1974,"R",16,"R",0,"R",0,"R",0
483045, 3,"R",6331,"R",1533,"R",1815,"R",2983,"R",1519,"R",14,"R",0,"R",0,"R",0
483045,11,"R",1888,"R",457,"R",254,"R",1177,"R",455,"R",2,"R",0,"R",0,"R",0
483054, 1,"R",78,"A",,"A",,"R",78,"A",,"A",,"A",,"A",,"A",
483054, 2,"R",78,"A",,"A",,"R",78,"A",,"A",,"A",,"A",,"A",
483106, 1,"R",135,"A",,"A",,"R",135,"A",,"A",,"A",,"A",,"A",
483106, 2,"R",135,"A",,"A",,"R",135,"A",,"A",,"A",,"A",,"A",
483124, 1,"R",38540,"R",37000,"R",305,"R",1235,"R",8506,"R",27914,"R",235,"R",345,"R",0
483124, 2,"R",29780,"R",28353,"R",274,"R",1153,"R",6192,"R",21806,"R",207,"R",148,"R",0
483124, 3,"R",29636,"R",28210,"R",274,"R",1152,"R",6170,"R",21692,"R",206,"R",142,"R",0
483124,11,"R",144,"R",143,"R",0,"R",1,"R",22,"R",114,"R",1,"R",6,"R",0
483124,12,"R",8760,"R",8647,"R",31,"R",82,"R",2314,"R",6108,"R",28,"R",197,"R",0
483212, 1,"R",3815,"R",624,"R",1203,"R",1988,"R",601,"R",22,"R",0,"R",1,"R",0
483212, 2,"R",3815,"R",624,"R",1203,"R",1988,"R",601,"R",22,"R",0,"R",1,"R",0
483212, 3,"R",3054,"R",552,"R",1184,"R",1318,"R",530,"R",21,"R",0,"R",1,"R",0
483212,11,"R",761,"R",72,"R",19,"R",670,"R",71,"R",1,"R",0,"R",0,"R",0
483221, 1,"R",25,"A",,"A",,"R",25,"A",,"A",,"A",,"A",,"A",
483221, 2,"R",25,"A",,"A",,"R",25,"A",,"A",,"A",,"A",,"A",
483221, 3,"R",25,"A",,"A",,"R",25,"A",,"A",,"A",,"A",,"A",
483230, 1,"R",163,"A",,"A",,"R",163,"A",,"A",,"A",,"A",,"A",
483230, 2,"R",163,"A",,"A",,"R",163,"A",,"A",,"A",,"A",,"A",
483258, 1,"R",44,"A",,"A",,"R",44,"A",,"A",,"A",,"A",,"A",
483258, 2,"R",44,"A",,"A",,"R",44,"A",,"A",,"A",,"A",,"A",
483276, 1,"R",46,"A",,"A",,"R",46,"A",,"A",,"A",,"A",,"A",
483276, 2,"R",46,"A",,"A",,"R",46,"A",,"A",,"A",,"A",,"A",
483328, 1,"R",126,"A",,"A",,"R",126,"A",,"A",,"A",,"A",,"A",
483328, 2,"R",126,"A",,"A",,"R",126,"A",,"A",,"A",,"A",,"A",
483337, 1,"R",171,"A",,"A",,"R",171,"A",,"A",,"A",,"A",,"A",
483337, 2,"R",171,"A",,"A",,"R",171,"A",,"A",,"A",,"A",,"A",
483346, 1,"R",43,"A",,"A",,"R",43,"A",,"A",,"A",,"A",,"A",
483346, 2,"R",43,"A",,"A",,"R",43,"A",,"A",,"A",,"A",,"A",
483355, 1,"R",123,"A",,"A",,"R",123,"A",,"A",,"A",,"A",,"A",
483355, 2,"R",123,"A",,"A",,"R",123,"A",,"A",,"A",,"A",,"A",
483364, 1,"R",61,"A",,"A",,"R",61,"A",,"A",,"A",,"A",,"A",
483364, 2,"R",61,"A",,"A",,"R",61,"A",,"A",,"A",,"A",,"A",
483373, 1,"R",46,"A",,"A",,"R",46,"A",,"A",,"A",,"A",,"A",
483373, 2,"R",46,"A",,"A",,"R",46,"A",,"A",,"A",,"A",,"A",
483382, 1,"R",187,"A",,"A",,"R",187,"A",,"A",,"A",,"A",,"A",
483382, 2,"R",187,"A",,"A",,"R",187,"A",,"A",,"A",,"A",,"A",
483425, 1,"R",33,"A",,"A",,"R",33,"A",,"A",,"A",,"A",,"A",
483425, 2,"R",33,"A",,"A",,"R",33,"A",,"A",,"A",,"A",,"A",
483443, 1,"R",778,"A",,"A",,"R",778,"A",,"A",,"A",,"A",,"A",
483443, 2,"R",778,"A",,"A",,"R",778,"A",,"A",,"A",,"A",,"A",
483470, 1,"R",68,"A",,"A",,"R",68,"A",,"A",,"A",,"A",,"A",
483470, 2,"R",68,"A",,"A",,"R",68,"A",,"A",,"A",,"A",,"A",
483504, 1,"R",337,"A",,"A",,"R",337,"A",,"A",,"A",,"A",,"A",
483504, 2,"R",337,"A",,"A",,"R",337,"A",,"A",,"A",,"A",,"A",
483513, 1,"R",59,"A",,"A",,"R",59,"A",,"A",,"A",,"A",,"A",
483513, 2,"R",59,"A",,"A",,"R",59,"A",,"A",,"A",,"A",,"A",
483559, 1,"R",89,"A",,"A",,"R",89,"A",,"A",,"A",,"A",,"A",
483559, 2,"R",89,"A",,"A",,"R",89,"A",,"A",,"A",,"A",,"A",
483577, 1,"R",26,"A",,"A",,"R",26,"A",,"A",,"A",,"A",,"A",
483577, 2,"R",26,"A",,"A",,"R",26,"A",,"A",,"A",,"A",,"A",
483595, 1,"R",233,"R",233,"A",,"A",,"R",175,"R",52,"R",0,"R",0,"R",6
483595,12,"R",233,"R",233,"A",,"A",,"R",175,"R",52,"R",0,"R",0,"R",6
483610, 1,"R",71,"A",,"A",,"R",71,"A",,"A",,"A",,"A",,"A",
483610, 2,"R",71,"A",,"A",,"R",71,"A",,"A",,"A",,"A",,"A",
483638, 1,"R",114,"A",,"A",,"R",114,"A",,"A",,"A",,"A",,"A",
483638, 2,"R",114,"A",,"A",,"R",114,"A",,"A",,"A",,"A",,"A",
483647, 1,"R",39,"A",,"A",,"R",39,"A",,"A",,"A",,"A",,"A",
483647, 2,"R",39,"A",,"A",,"R",39,"A",,"A",,"A",,"A",,"A",
483665, 1,"R",27,"A",,"A",,"R",27,"A",,"A",,"A",,"A",,"A",
483665, 2,"R",27,"A",,"A",,"R",27,"A",,"A",,"A",,"A",,"A",
483708, 1,"R",44,"A",,"A",,"R",44,"A",,"A",,"A",,"A",,"A",
483708, 2,"R",44,"A",,"A",,"R",44,"A",,"A",,"A",,"A",,"A",
483717, 1,"R",21,"A",,"A",,"R",21,"A",,"A",,"A",,"A",,"A",
483717, 2,"R",21,"A",,"A",,"R",21,"A",,"A",,"A",,"A",,"A",
483726, 1,"R",14,"A",,"A",,"R",14,"A",,"A",,"A",,"A",,"A",
483726, 2,"R",14,"A",,"A",,"R",14,"A",,"A",,"A",,"A",,"A",
483735, 1,"R",35,"A",,"A",,"R",35,"A",,"A",,"A",,"A",,"A",
483735, 2,"R",35,"A",,"A",,"R",35,"A",,"A",,"A",,"A",,"A",
483744, 1,"R",53,"A",,"A",,"R",53,"A",,"A",,"A",,"A",,"A",
483744, 2,"R",53,"A",,"A",,"R",53,"A",,"A",,"A",,"A",,"A",
483753, 1,"R",27,"A",,"A",,"R",27,"A",,"A",,"A",,"A",,"A",
483753, 2,"R",27,"A",,"A",,"R",27,"A",,"A",,"A",,"A",,"A",
483780, 1,"R",302,"R",20,"R",205,"R",77,"R",3,"R",2,"Z",0,"R",1,"R",14
483780, 2,"R",72,"R",5,"R",53,"R",14,"R",3,"Z",0,"Z",0,"Z",0,"R",2
483780, 3,"R",72,"R",5,"R",53,"R",14,"R",3,"Z",0,"Z",0,"Z",0,"R",2
483780,12,"R",230,"R",15,"R",152,"R",63,"Z",0,"R",2,"Z",0,"R",1,"R",12
483799, 1,"R",10,"A",,"A",,"R",10,"A",,"A",,"A",,"A",,"A",
483799, 2,"R",10,"A",,"A",,"R",10,"A",,"A",,"A",,"A",,"A",
483814, 1,"R",311,"A",,"A",,"R",311,"A",,"A",,"A",,"A",,"A",
483814, 2,"R",311,"A",,"A",,"R",311,"A",,"A",,"A",,"A",,"A",
483814, 3,"R",311,"A",,"A",,"R",311,"A",,"A",,"A",,"A",,"A",
483823, 1,"R",170,"A",,"A",,"R",170,"A",,"A",,"A",,"A",,"A",
483823, 2,"R",170,"A",,"A",,"R",170,"A",,"A",,"A",,"A",,"A",
483841, 1,"R",68,"A",,"A",,"R",68,"A",,"A",,"A",,"A",,"A",
483841, 2,"R",68,"A",,"A",,"R",68,"A",,"A",,"A",,"A",,"A",
483850, 1,"R",3,"A",,"A",,"R",3,"A",,"A",,"A",,"A",,"A",
483850, 2,"R",3,"A",,"A",,"R",3,"A",,"A",,"A",,"A",,"A",
483869, 1,"R",65,"A",,"A",,"R",65,"A",,"A",,"A",,"A",,"A",
483869, 2,"R",65,"A",,"A",,"R",65,"A",,"A",,"A",,"A",,"A",
483878, 1,"R",152,"A",,"A",,"R",152,"A",,"A",,"A",,"A",,"A",
483878, 2,"R",152,"A",,"A",,"R",152,"A",,"A",,"A",,"A",,"A",
483887, 1,"R",48,"A",,"A",,"R",48,"A",,"A",,"A",,"A",,"A",
483887, 2,"R",48,"A",,"A",,"R",48,"A",,"A",,"A",,"A",,"A",
483896, 1,"R",128,"A",,"A",,"R",128,"A",,"A",,"A",,"A",,"A",
483896, 2,"R",128,"A",,"A",,"R",128,"A",,"A",,"A",,"A",,"A",
483911, 1,"R",18,"A",,"A",,"R",18,"A",,"A",,"A",,"A",,"A",
483911, 2,"R",18,"A",,"A",,"R",18,"A",,"A",,"A",,"A",,"A",
483920, 1,"R",137,"A",,"A",,"R",137,"A",,"A",,"A",,"A",,"A",
483920, 2,"R",137,"A",,"A",,"R",137,"A",,"A",,"A",,"A",,"A",
483939, 1,"R",15,"A",,"A",,"R",15,"A",,"A",,"A",,"A",,"A",
483939, 2,"R",15,"A",,"A",,"R",15,"A",,"A",,"A",,"A",,"A",
483948, 1,"R",40,"A",,"A",,"R",40,"A",,"A",,"A",,"A",,"A",
483948, 2,"R",40,"A",,"A",,"R",40,"A",,"A",,"A",,"A",,"A",
483957, 1,"R",38,"A",,"A",,"R",38,"A",,"A",,"A",,"A",,"A",
483957, 2,"R",38,"A",,"A",,"R",38,"A",,"A",,"A",,"A",,"A",
483975, 1,"R",654,"A",,"A",,"R",654,"A",,"A",,"A",,"A",,"A",
483975,12,"R",654,"A",,"A",,"R",654,"A",,"A",,"A",,"A",,"A",
484002, 1,"R",640,"R",0,"R",27,"R",613,"A",,"A",,"A",,"A",,"A",
484002, 2,"R",640,"R",0,"R",27,"R",613,"A",,"A",,"A",,"A",,"A",
484002, 3,"R",640,"R",0,"R",27,"R",613,"A",,"A",,"A",,"A",,"A",
484011, 1,"R",120,"A",,"A",,"R",120,"A",,"A",,"A",,"A",,"A",
484011, 2,"R",120,"A",,"A",,"R",120,"A",,"A",,"A",,"A",,"A",
484020, 1,"R",41,"A",,"A",,"R",41,"A",,"A",,"A",,"A",,"A",
484020, 2,"R",41,"A",,"A",,"R",41,"A",,"A",,"A",,"A",,"A",
484039, 1,"R",238,"A",,"A",,"R",238,"A",,"A",,"A",,"A",,"A",
484039, 2,"R",238,"A",,"A",,"R",238,"A",,"A",,"A",,"A",,"A",
484048, 1,"R",6,"A",,"A",,"R",6,"A",,"A",,"A",,"A",,"A",
484048, 2,"R",6,"A",,"A",,"R",6,"A",,"A",,"A",,"A",,"A",
484057, 1,"R",175,"A",,"A",,"R",175,"A",,"A",,"A",,"A",,"A",
484057, 2,"R",175,"A",,"A",,"R",175,"A",,"A",,"A",,"A",,"A",
484066, 1,"R",246,"A",,"A",,"R",246,"A",,"A",,"A",,"A",,"A",
484066, 2,"R",246,"A",,"A",,"R",246,"A",,"A",,"A",,"A",,"A",
484066, 3,"R",246,"A",,"A",,"R",246,"A",,"A",,"A",,"A",,"A",
484075, 1,"R",50,"A",,"A",,"R",50,"A",,"A",,"A",,"A",,"A",
484075, 2,"R",50,"A",,"A",,"R",50,"A",,"A",,"A",,"A",,"A",
484084, 1,"R",83,"A",,"A",,"R",83,"A",,"A",,"A",,"A",,"A",
484084, 2,"R",83,"A",,"A",,"R",83,"A",,"A",,"A",,"A",,"A",
484093, 1,"R",125,"A",,"A",,"R",125,"A",,"A",,"A",,"A",,"A",
484093, 2,"R",125,"A",,"A",,"R",125,"A",,"A",,"A",,"A",,"A",
484109, 1,"R",72,"A",,"A",,"R",72,"A",,"A",,"A",,"A",,"A",
484109, 2,"R",72,"A",,"A",,"R",72,"A",,"A",,"A",,"A",,"A",
484118, 1,"R",44,"A",,"A",,"R",44,"A",,"A",,"A",,"A",,"A",
484118, 2,"R",44,"A",,"A",,"R",44,"A",,"A",,"A",,"A",,"A",
484127, 1,"R",98,"A",,"A",,"R",98,"A",,"A",,"A",,"A",,"A",
484127, 2,"R",98,"A",,"A",,"R",98,"A",,"A",,"A",,"A",,"A",
484136, 1,"R",38,"A",,"A",,"R",38,"A",,"A",,"A",,"A",,"A",
484136, 2,"R",38,"A",,"A",,"R",38,"A",,"A",,"A",,"A",,"A",
484154, 1,"R",26,"A",,"A",,"R",26,"A",,"A",,"A",,"A",,"A",
484154, 2,"R",26,"A",,"A",,"R",26,"A",,"A",,"A",,"A",,"A",
484163, 1,"R",149,"A",,"A",,"R",149,"A",,"A",,"A",,"A",,"A",
484163, 2,"R",149,"A",,"A",,"R",149,"A",,"A",,"A",,"A",,"A",
484172, 1,"R",14,"A",,"A",,"R",14,"A",,"A",,"A",,"A",,"A",
484172, 2,"R",14,"A",,"A",,"R",14,"A",,"A",,"A",,"A",,"A",
484190, 1,"R",34,"A",,"A",,"R",34,"A",,"A",,"A",,"A",,"A",
484190, 2,"R",34,"A",,"A",,"R",34,"A",,"A",,"A",,"A",,"A",
484206, 1,"R",138,"A",,"A",,"R",138,"A",,"A",,"A",,"A",,"A",
484206, 2,"R",138,"A",,"A",,"R",138,"A",,"A",,"A",,"A",,"A",
484233, 1,"R",268,"A",,"A",,"R",268,"A",,"A",,"A",,"A",,"A",
484233, 2,"R",268,"A",,"A",,"R",268,"A",,"A",,"A",,"A",,"A",
484233, 3,"R",268,"A",,"A",,"R",268,"A",,"A",,"A",,"A",,"A",
484321, 1,"R",73,"A",,"A",,"R",73,"A",,"A",,"A",,"A",,"A",
484321, 2,"R",73,"A",,"A",,"R",73,"A",,"A",,"A",,"A",,"A",
484330, 1,"R",56,"A",,"A",,"R",56,"A",,"A",,"A",,"A",,"A",
484330, 2,"R",56,"A",,"A",,"R",56,"A",,"A",,"A",,"A",,"A",
484349, 1,"R",91,"A",,"A",,"R",91,"A",,"A",,"A",,"A",,"A",
484349, 2,"R",91,"A",,"A",,"R",91,"A",,"A",,"A",,"A",,"A",
484349, 3,"R",91,"A",,"A",,"R",91,"A",,"A",,"A",,"A",,"A",
484358, 1,"R",98,"A",,"A",,"R",98,"A",,"A",,"A",,"A",,"A",
484358, 2,"R",98,"A",,"A",,"R",98,"A",,"A",,"A",,"A",,"A",
484367, 1,"R",205,"A",,"A",,"R",205,"A",,"A",,"A",,"A",,"A",
484367, 2,"R",205,"A",,"A",,"R",205,"A",,"A",,"A",,"A",,"A",
484376, 1,"R",325,"A",,"A",,"R",325,"A",,"A",,"A",,"A",,"A",
484376, 2,"R",325,"A",,"A",,"R",325,"A",,"A",,"A",,"A",,"A",
484385, 1,"R",129,"A",,"A",,"R",129,"A",,"A",,"A",,"A",,"A",
484385, 2,"R",129,"A",,"A",,"R",129,"A",,"A",,"A",,"A",,"A",
484394, 1,"R",182,"A",,"A",,"R",182,"A",,"A",,"A",,"A",,"A",
484394, 2,"R",182,"A",,"A",,"R",182,"A",,"A",,"A",,"A",,"A",
484473, 1,"R",3585,"R",3585,"A",,"A",,"R",3188,"R",290,"R",0,"R",107,"R",0
484473, 2,"R",3585,"R",3585,"A",,"A",,"R",3188,"R",290,"R",0,"R",107,"R",0
484473, 3,"R",2912,"R",2912,"A",,"A",,"R",2561,"R",251,"R",0,"R",100,"R",0
484473,11,"R",673,"R",673,"A",,"A",,"R",627,"R",39,"R",0,"R",7,"R",0
484604, 1,"R",373,"A",,"A",,"R",373,"A",,"A",,"A",,"A",,"A",
484604, 2,"R",373,"A",,"A",,"R",373,"A",,"A",,"A",,"A",,"A",
484613, 1,"R",95777,"R",94472,"R",342,"R",963,"R",4466,"R",89454,"R",171,"R",381,"R",0
484613, 2,"R",74061,"R",73297,"R",181,"R",583,"R",3274,"R",69687,"R",118,"R",218,"R",0
484613, 3,"R",70241,"R",69485,"R",180,"R",576,"R",3182,"R",66025,"R",101,"R",177,"R",0
484613,11,"R",3820,"R",3812,"R",1,"R",7,"R",92,"R",3662,"R",17,"R",41,"R",0
484613,12,"R",21716,"R",21175,"R",161,"R",380,"R",1192,"R",19767,"R",53,"R",163,"R",0
484631, 1,"R",6952,"R",975,"R",594,"R",5383,"R",878,"R",96,"R",0,"R",1,"R",0
484631, 2,"R",5641,"R",915,"R",545,"R",4181,"R",826,"R",89,"R",0,"R",0,"R",0
484631, 3,"R",5544,"R",909,"R",544,"R",4091,"R",820,"R",89,"R",0,"R",0,"R",0
484631,11,"R",97,"R",6,"R",1,"R",90,"R",6,"R",0,"R",0,"R",0,"R",0
484631,12,"R",1311,"R",60,"R",49,"R",1202,"R",52,"R",7,"R",0,"R",1,"R",0
484640, 1,"R",99,"R",39,"R",8,"R",52,"R",31,"R",6,"R",0,"R",2,"R",0
484640, 2,"R",90,"R",36,"R",8,"R",46,"R",28,"R",6,"R",0,"R",2,"R",0
484640, 3,"R",90,"R",36,"R",8,"R",46,"R",28,"R",6,"R",0,"R",2,"R",0
484640,12,"R",9,"R",3,"R",0,"R",6,"R",3,"R",0,"R",0,"R",0,"R",0
484668, 1,"R",246,"R",123,"R",28,"R",95,"R",112,"R",10,"R",1,"R",0,"R",0
484668, 2,"R",222,"R",115,"R",27,"R",80,"R",104,"R",10,"R",1,"R",0,"R",0
484668, 3,"R",222,"R",115,"R",27,"R",80,"R",104,"R",10,"R",1,"R",0,"R",0
484668,12,"R",24,"R",8,"R",1,"R",15,"R",8,"R",0,"R",0,"R",0,"R",0
484677, 1,"R",143,"R",80,"R",19,"R",44,"R",68,"R",12,"R",0,"R",0,"R",0
484677, 2,"R",130,"R",72,"R",19,"R",39,"R",60,"R",12,"R",0,"R",0,"R",0
484677, 3,"R",130,"R",72,"R",19,"R",39,"R",60,"R",12,"R",0,"R",0,"R",0
484677,12,"R",13,"R",8,"R",0,"R",5,"R",8,"R",0,"R",0,"R",0,"R",0
484686, 1,"R",15,"R",8,"R",1,"R",6,"R",7,"R",1,"R",0,"R",0,"R",0
484686, 2,"R",15,"R",8,"R",1,"R",6,"R",7,"R",1,"R",0,"R",0,"R",0
484686, 3,"R",15,"R",8,"R",1,"R",6,"R",7,"R",1,"R",0,"R",0,"R",0
484695, 1,"R",52,"R",36,"R",6,"R",10,"R",35,"R",1,"R",0,"R",0,"R",0
484695, 2,"R",47,"R",31,"R",6,"R",10,"R",30,"R",1,"R",0,"R",0,"R",0
484695, 3,"R",47,"R",31,"R",6,"R",10,"R",30,"R",1,"R",0,"R",0,"R",0
484695,12,"R",5,"R",5,"R",0,"R",0,"R",5,"R",0,"R",0,"R",0,"R",0
484701, 1,"R",15,"R",12,"R",2,"R",1,"R",8,"R",4,"R",0,"R",0,"R",0
484701, 2,"R",14,"R",11,"R",2,"R",1,"R",8,"R",3,"R",0,"R",0,"R",0
484701, 3,"R",14,"R",11,"R",2,"R",1,"R",8,"R",3,"R",0,"R",0,"R",0
484701,12,"R",1,"R",1,"R",0,"R",0,"R",0,"R",1,"R",0,"R",0,"R",0
484710, 1,"R",320,"R",84,"R",38,"R",198,"R",76,"R",8,"R",0,"R",0,"R",0
484710, 2,"R",275,"R",79,"R",37,"R",159,"R",72,"R",7,"R",0,"R",0,"R",0
484710, 3,"R",275,"R",79,"R",37,"R",159,"R",72,"R",7,"R",0,"R",0,"R",0
484710,12,"R",45,"R",5,"R",1,"R",39,"R",4,"R",1,"R",0,"R",0,"R",0
484729, 1,"R",72,"R",29,"R",7,"R",36,"R",19,"R",10,"R",0,"R",0,"R",0
484729, 2,"R",62,"R",25,"R",7,"R",30,"R",16,"R",9,"R",0,"R",0,"R",0
484729, 3,"R",62,"R",25,"R",7,"R",30,"R",16,"R",9,"R",0,"R",0,"R",0
484729,12,"R",10,"R",4,"R",0,"R",6,"R",3,"R",1,"R",0,"R",0,"R",0
484747, 1,"R",62,"R",36,"R",3,"R",23,"R",33,"R",3,"R",0,"R",0,"R",0
484747, 2,"R",61,"R",35,"R",3,"R",23,"R",32,"R",3,"R",0,"R",0,"R",0
484747, 3,"R",61,"R",35,"R",3,"R",23,"R",32,"R",3,"R",0,"R",0,"R",0
484747,12,"R",1,"R",1,"R",0,"R",0,"R",1,"R",0,"R",0,"R",0,"R",0
484756, 1,"R",890,"R",268,"R",124,"R",498,"R",250,"R",18,"R",0,"R",0,"R",0
484756, 2,"R",744,"R",246,"R",111,"R",387,"R",229,"R",17,"R",0,"R",0,"R",0
484756, 3,"R",744,"R",246,"R",111,"R",387,"R",229,"R",17,"R",0,"R",0,"R",0
484756,12,"R",146,"R",22,"R",13,"R",111,"R",21,"R",1,"R",0,"R",0,"R",0
484765, 1,"R",113,"R",42,"R",12,"R",59,"R",31,"R",11,"R",0,"R",0,"R",0
484765, 2,"R",75,"R",35,"R",10,"R",30,"R",26,"R",9,"R",0,"R",0,"R",0
484765, 3,"R",75,"R",35,"R",10,"R",30,"R",26,"R",9,"R",0,"R",0,"R",0
484765,12,"R",38,"R",7,"R",2,"R",29,"R",5,"R",2,"R",0,"R",0,"R",0
484783, 1,"R",62,"R",25,"R",9,"R",28,"R",21,"R",4,"R",0,"R",0,"R",0
484783, 2,"R",61,"R",24,"R",9,"R",28,"R",21,"R",3,"R",0,"R",0,"R",0
484783, 3,"R",61,"R",24,"R",9,"R",28,"R",21,"R",3,"R",0,"R",0,"R",0
484783,12,"R",1,"R",1,"R",0,"R",0,"R",0,"R",1,"R",0,"R",0,"R",0
484826, 1,"R",53,"A",,"A",,"R",53,"A",,"A",,"A",,"A",,"A",
484826, 2,"R",53,"A",,"A",,"R",53,"A",,"A",,"A",,"A",,"A",
484835, 1,"R",233,"A",,"A",,"R",233,"A",,"A",,"A",,"A",,"A",
484835, 2,"R",233,"A",,"A",,"R",233,"A",,"A",,"A",,"A",,"A",
484835, 3,"R",233,"A",,"A",,"R",233,"A",,"A",,"A",,"A",,"A",
484862, 1,"R",199,"A",,"A",,"R",199,"A",,"A",,"A",,"A",,"A",
484862, 2,"R",5,"A",,"A",,"R",5,"A",,"A",,"A",,"A",,"A",
484862, 3,"R",5,"A",,"A",,"R",5,"A",,"A",,"A",,"A",,"A",
484862,12,"R",194,"A",,"A",,"R",194,"A",,"A",,"A",,"A",,"A",
484871, 1,"R",122,"A",,"A",,"R",122,"A",,"A",,"A",,"A",,"A",
484871, 2,"R",122,"A",,"A",,"R",122,"A",,"A",,"A",,"A",,"A",
484871, 3,"R",122,"A",,"A",,"R",122,"A",,"A",,"A",,"A",,"A",
484899, 1,"R",141,"A",,"A",,"R",141,"A",,"A",,"A",,"A",,"A",
484899, 2,"R",141,"A",,"A",,"R",141,"A",,"A",,"A",,"A",,"A",
484905, 1,"R",3757,"R",488,"R",1538,"R",1731,"R",486,"R",0,"R",0,"R",2,"R",0
484905, 2,"R",2949,"R",479,"R",1470,"R",1000,"R",477,"R",0,"R",0,"R",2,"R",0
484905, 3,"R",2945,"R",478,"R",1469,"R",998,"R",476,"R",0,"R",0,"R",2,"R",0
484905,11,"R",4,"R",1,"R",1,"R",2,"R",1,"R",0,"R",0,"R",0,"R",0
484905,12,"R",808,"R",9,"R",68,"R",731,"R",9,"R",0,"R",0,"R",0,"R",0
484923, 1,"R",102,"A",,"A",,"R",102,"A",,"A",,"A",,"A",,"A",
484923, 2,"R",102,"A",,"A",,"R",102,"A",,"A",,"A",,"A",,"A",
484932, 1,"R",1689,"R",179,"R",887,"R",623,"R",176,"R",3,"Z",0,"Z",0,"R",0
484932, 2,"R",1689,"R",179,"R",887,"R",623,"R",176,"R",3,"Z",0,"Z",0,"R",0
484932, 3,"R",1667,"R",173,"R",879,"R",615,"R",171,"R",2,"Z",0,"Z",0,"R",0
484932,11,"R",22,"R",6,"R",8,"R",8,"R",5,"R",1,"Z",0,"Z",0,"R",0
484950, 1,"R",123,"A",,"A",,"R",123,"A",,"A",,"A",,"A",,"A",
484950, 2,"R",123,"A",,"A",,"R",123,"A",,"A",,"A",,"A",,"A",
484996, 1,"R",114,"A",,"A",,"R",114,"A",,"A",,"A",,"A",,"A",
484996, 2,"R",114,"A",,"A",,"R",114,"A",,"A",,"A",,"A",,"A",
485014, 1,"R",57,"A",,"A",,"R",57,"A",,"A",,"A",,"A",,"A",
485014, 2,"R",57,"A",,"A",,"R",57,"A",,"A",,"A",,"A",,"A",
485032, 1,"R",165,"A",,"A",,"R",165,"A",,"A",,"A",,"A",,"A",
485032, 2,"R",165,"A",,"A",,"R",165,"A",,"A",,"A",,"A",,"A",
485111, 1,"R",8812,"R",2381,"R",1419,"R",5012,"R",2278,"R",103,"R",0,"R",0,"R",0
485111, 2,"R",8812,"R",2381,"R",1419,"R",5012,"R",2278,"R",103,"R",0,"R",0,"R",0
485111, 3,"R",5704,"R",1406,"R",1088,"R",3210,"R",1325,"R",81,"R",0,"R",0,"R",0
485111,11,"R",3108,"R",975,"R",331,"R",1802,"R",953,"R",22,"R",0,"R",0,"R",0
485120, 1,"R",39,"A",,"A",,"R",39,"A",,"A",,"A",,"A",,"A",
485120, 2,"R",39,"A",,"A",,"R",39,"A",,"A",,"A",,"A",,"A",
485139, 1,"R",359,"A",,"A",,"R",359,"A",,"A",,"A",,"A",,"A",
485139, 2,"R",359,"A",,"A",,"R",359,"A",,"A",,"A",,"A",,"A",
485139, 3,"R",359,"A",,"A",,"R",359,"A",,"A",,"A",,"A",,"A",
485166, 1,"R",116,"A",,"A",,"R",116,"A",,"A",,"A",,"A",,"A",
485166, 2,"R",116,"A",,"A",,"R",116,"A",,"A",,"A",,"A",,"A",
485236, 1,"R",26,"A",,"A",,"R",26,"A",,"A",,"A",,"A",,"A",
485236, 2,"R",26,"A",,"A",,"R",26,"A",,"A",,"A",,"A",,"A",
485263, 1,"R",761,"R",0,"R",761,"R",0,"A",,"A",,"A",,"A",,"A",
485263, 2,"R",761,"R",0,"R",761,"R",0,"A",,"A",,"A",,"A",,"A",
485263, 3,"R",761,"R",0,"R",761,"R",0,"A",,"A",,"A",,"A",,"A",
485272, 1,"R",854,"Z",0,"R",226,"R",628,"A",,"A",,"A",,"A",,"A",
485272, 2,"R",854,"Z",0,"R",226,"R",628,"A",,"A",,"A",,"A",,"A",
485272, 3,"R",854,"Z",0,"R",226,"R",628,"A",,"A",,"A",,"A",,"A",
485290, 1,"R",480,"R",479,"Z",0,"R",1,"R",100,"R",376,"Z",0,"Z",0,"R",3
485290,12,"R",480,"R",479,"Z",0,"R",1,"R",100,"R",376,"Z",0,"Z",0,"R",3
485306, 1,"R",37,"A",,"A",,"R",37,"A",,"A",,"A",,"A",,"A",
485306, 2,"R",37,"A",,"A",,"R",37,"A",,"A",,"A",,"A",,"A",
485342, 1,"R",294,"A",,"A",,"R",294,"A",,"A",,"A",,"A",,"A",
485342, 2,"R",294,"A",,"A",,"R",294,"A",,"A",,"A",,"A",,"A",
485342, 3,"R",51,"A",,"A",,"R",51,"A",,"A",,"A",,"A",,"A",
485342,11,"R",243,"A",,"A",,"R",243,"A",,"A",,"A",,"A",,"A",
485360, 1,"R",11,"A",,"A",,"R",11,"A",,"A",,"A",,"A",,"A",
485360, 2,"R",11,"A",,"A",,"R",11,"A",,"A",,"A",,"A",,"A",
485379, 1,"R",227,"A",,"A",,"R",227,"A",,"A",,"A",,"A",,"A",
485379, 2,"R",227,"A",,"A",,"R",227,"A",,"A",,"A",,"A",,"A",
485388, 1,"R",317,"A",,"A",,"R",317,"A",,"A",,"A",,"A",,"A",
485388, 2,"R",317,"A",,"A",,"R",317,"A",,"A",,"A",,"A",,"A",
485397, 1,"R",119,"A",,"A",,"R",119,"A",,"A",,"A",,"A",,"A",
485397, 2,"R",119,"A",,"A",,"R",119,"A",,"A",,"A",,"A",,"A",
485403, 1,"R",34,"A",,"A",,"R",34,"A",,"A",,"A",,"A",,"A",
485403,12,"R",34,"A",,"A",,"R",34,"A",,"A",,"A",,"A",,"A",
485412, 1,"R",73,"A",,"A",,"R",73,"A",,"A",,"A",,"A",,"A",
485412, 2,"R",73,"A",,"A",,"R",73,"A",,"A",,"A",,"A",,"A",
485458, 1,"R",3467,"R",367,"R",620,"R",2480,"R",367,"R",0,"R",0,"R",0,"R",0
485458, 2,"R",3467,"R",367,"R",620,"R",2480,"R",367,"R",0,"R",0,"R",0,"R",0
485458, 3,"R",1639,"R",247,"R",454,"R",938,"R",247,"R",0,"R",0,"R",0,"R",0
485458,11,"R",1828,"R",120,"R",166,"R",1542,"R",120,"R",0,"R",0,"R",0,"R",0
485476, 1,"R",68,"A",,"A",,"R",68,"A",,"A",,"A",,"A",,"A",
485476, 2,"R",68,"A",,"A",,"R",68,"A",,"A",,"A",,"A",,"A",
485485, 1,"R",134,"A",,"A",,"R",134,"A",,"A",,"A",,"A",,"A",
485485, 2,"R",134,"A",,"A",,"R",134,"A",,"A",,"A",,"A",,"A",
485494, 1,"R",19,"A",,"A",,"R",19,"A",,"A",,"A",,"A",,"A",
485494, 2,"R",19,"A",,"A",,"R",19,"A",,"A",,"A",,"A",,"A",
485500, 1,"R",65,"A",,"A",,"R",65,"A",,"A",,"A",,"A",,"A",
485500, 2,"R",65,"A",,"A",,"R",65,"A",,"A",,"A",,"A",,"A",
485519, 1,"R",310,"R",310,"A",,"A",,"R",31,"R",273,"R",0,"R",6,"R",0
485519, 2,"R",310,"R",310,"A",,"A",,"R",31,"R",273,"R",0,"R",6,"R",0
485519, 3,"R",310,"R",310,"A",,"A",,"R",31,"R",273,"R",0,"R",6,"R",0
485528, 1,"R",36,"A",,"A",,"R",36,"A",,"A",,"A",,"A",,"A",
485528, 2,"R",36,"A",,"A",,"R",36,"A",,"A",,"A",,"A",,"A",
485537, 1,"R",43,"A",,"A",,"R",43,"A",,"A",,"A",,"A",,"A",
485537,12,"R",43,"A",,"A",,"R",43,"A",,"A",,"A",,"A",,"A",
485546, 1,"R",505,"R",505,"A",,"A",,"R",119,"R",331,"R",0,"R",55,"R",0
485546, 2,"R",145,"R",145,"A",,"A",,"R",67,"R",71,"R",0,"R",7,"R",0
485546, 3,"R",141,"R",141,"A",,"A",,"R",65,"R",69,"R",0,"R",7,"R",0
485546,11,"R",4,"R",4,"A",,"A",,"R",2,"R",2,"R",0,"R",0,"R",0
485546,12,"R",360,"R",360,"A",,"A",,"R",52,"R",260,"R",0,"R",48,"R",0
485564, 1,"R",125,"A",,"A",,"R",125,"A",,"A",,"A",,"A",,"A",
485564, 2,"R",125,"A",,"A",,"R",125,"A",,"A",,"A",,"A",,"A",
485573, 1,"R",99,"A",,"A",,"R",99,"A",,"A",,"A",,"A",,"A",
485573, 2,"R",99,"A",,"A",,"R",99,"A",,"A",,"A",,"A",,"A",
485582, 1,"R",117,"A",,"A",,"R",117,"A",,"A",,"A",,"A",,"A",
485582, 2,"R",117,"A",,"A",,"R",117,"A",,"A",,"A",,"A",,"A",
485591, 1,"R",32,"A",,"A",,"R",32,"A",,"A",,"A",,"A",,"A",
485591, 2,"R",32,"A",,"A",,"R",32,"A",,"A",,"A",,"A",,"A",
485607, 1,"R",47,"A",,"A",,"R",47,"A",,"A",,"A",,"A",,"A",
485607, 2,"R",47,"A",,"A",,"R",47,"A",,"A",,"A",,"A",,"A",
485704, 1,"R",13,"A",,"A",,"R",13,"A",,"A",,"A",,"A",,"A",
485704, 2,"R",13,"A",,"A",,"R",13,"A",,"A",,"A",,"A",,"A",
485731, 1,"R",15,"A",,"A",,"R",15,"A",,"A",,"A",,"A",,"A",
485731, 2,"R",15,"A",,"A",,"R",15,"A",,"A",,"A",,"A",,"A",
485768, 1,"R",341,"R",48,"R",0,"R",293,"R",18,"R",30,"R",0,"R",0,"R",0
485768, 2,"R",184,"R",20,"R",0,"R",164,"R",12,"R",8,"R",0,"R",0,"R",0
485768, 3,"R",184,"R",20,"R",0,"R",164,"R",12,"R",8,"R",0,"R",0,"R",0
485768,12,"R",157,"R",28,"R",0,"R",129,"R",6,"R",22,"R",0,"R",0,"R",0
485801, 1,"R",76,"A",,"A",,"R",76,"A",,"A",,"A",,"A",,"A",
485801, 2,"R",76,"A",,"A",,"R",76,"A",,"A",,"A",,"A",,"A",
485810, 1,"R",20,"A",,"A",,"R",20,"A",,"A",,"A",,"A",,"A",
485810, 2,"R",20,"A",,"A",,"R",20,"A",,"A",,"A",,"A",,"A",
485856, 1,"R",40,"A",,"A",,"R",40,"A",,"A",,"A",,"A",,"A",
485856, 2,"R",40,"A",,"A",,"R",40,"A",,"A",,"A",,"A",,"A",
485874, 1,"R",135,"A",,"A",,"R",135,"A",,"A",,"A",,"A",,"A",
485874, 2,"R",135,"A",,"A",,"R",135,"A",,"A",,"A",,"A",,"A",
485908, 1,"R",137,"R",137,"A",,"A",,"R",19,"R",103,"Z",0,"R",1,"R",14
485908, 2,"R",137,"R",137,"A",,"A",,"R",19,"R",103,"Z",0,"R",1,"R",14
485908, 3,"R",137,"R",137,"A",,"A",,"R",19,"R",103,"Z",0,"R",1,"R",14
485926, 1,"R",116,"A",,"A",,"R",116,"A",,"A",,"A",,"A",,"A",
485926, 2,"R",116,"A",,"A",,"R",116,"A",,"A",,"A",,"A",,"A",
485953, 1,"R",41,"R",0,"R",41,"R",0,"A",,"A",,"A",,"A",,"A",
485953, 2,"R",41,"R",0,"R",41,"R",0,"A",,"A",,"A",,"A",,"A",
485962, 1,"R",27,"A",,"A",,"R",27,"A",,"A",,"A",,"A",,"A",
485962, 2,"R",27,"A",,"A",,"R",27,"A",,"A",,"A",,"A",,"A",
485999, 1,"R",106,"A",,"A",,"R",106,"A",,"A",,"A",,"A",,"A",
485999, 2,"R",106,"A",,"A",,"R",106,"A",,"A",,"A",,"A",,"A",
485999, 3,"R",106,"A",,"A",,"R",106,"A",,"A",,"A",,"A",,"A",
486017, 1,"R",38,"A",,"A",,"R",38,"A",,"A",,"A",,"A",,"A",
486017, 2,"R",38,"A",,"A",,"R",38,"A",,"A",,"A",,"A",,"A",
486017, 3,"R",38,"A",,"A",,"R",38,"A",,"A",,"A",,"A",,"A",
486026, 1,"R",92,"A",,"A",,"R",92,"A",,"A",,"A",,"A",,"A",
486026, 2,"R",92,"A",,"A",,"R",92,"A",,"A",,"A",,"A",,"A",
486026, 3,"R",92,"A",,"A",,"R",92,"A",,"A",,"A",,"A",,"A",
486053, 1,"R",203,"A",,"A",,"R",203,"A",,"A",,"A",,"A",,"A",
486053, 2,"R",117,"A",,"A",,"R",117,"A",,"A",,"A",,"A",,"A",
486053, 3,"R",115,"A",,"A",,"R",115,"A",,"A",,"A",,"A",,"A",
486053,11,"R",2,"A",,"A",,"R",2,"A",,"A",,"A",,"A",,"A",
486053,12,"R",86,"A",,"A",,"R",86,"A",,"A",,"A",,"A",,"A",
486080, 1,"R",11,"A",,"A",,"R",11,"A",,"A",,"A",,"A",,"A",
486080,12,"R",11,"A",,"A",,"R",11,"A",,"A",,"A",,"A",,"A",
486099, 1,"R",10,"A",,"A",,"R",10,"A",,"A",,"A",,"A",,"A",
486099, 2,"R",10,"A",,"A",,"R",10,"A",,"A",,"A",,"A",,"A",
486105, 1,"R",5,"A",,"A",,"R",5,"A",,"A",,"A",,"A",,"A",
486105, 2,"R",5,"A",,"A",,"R",5,"A",,"A",,"A",,"A",,"A",
486123, 1,"R",36,"A",,"A",,"R",36,"A",,"A",,"A",,"A",,"A",
486123, 2,"R",36,"A",,"A",,"R",36,"A",,"A",,"A",,"A",,"A",
486123, 3,"R",36,"A",,"A",,"R",36,"A",,"A",,"A",,"A",,"A",
486141, 1,"R",5,"A",,"A",,"R",5,"A",,"A",,"A",,"A",,"A",
486141, 2,"R",5,"A",,"A",,"R",5,"A",,"A",,"A",,"A",,"A",
486150, 1,"R",72,"A",,"A",,"R",72,"A",,"A",,"A",,"A",,"A",
486150, 2,"R",72,"A",,"A",,"R",72,"A",,"A",,"A",,"A",,"A",
486150, 3,"R",72,"A",,"A",,"R",72,"A",,"A",,"A",,"A",,"A",
486169, 1,"R",69,"A",,"A",,"R",69,"A",,"A",,"A",,"A",,"A",
486169, 2,"R",69,"A",,"A",,"R",69,"A",,"A",,"A",,"A",,"A",
486196, 1,"R",139,"A",,"A",,"R",139,"A",,"A",,"A",,"A",,"A",
486196, 2,"R",139,"A",,"A",,"R",139,"A",,"A",,"A",,"A",,"A",
486196, 3,"R",139,"A",,"A",,"R",139,"A",,"A",,"A",,"A",,"A",
486202, 1,"R",34,"A",,"A",,"R",34,"A",,"A",,"A",,"A",,"A",
486202, 2,"R",34,"A",,"A",,"R",34,"A",,"A",,"A",,"A",,"A",
486202, 3,"R",34,"A",,"A",,"R",34,"A",,"A",,"A",,"A",,"A",
486239, 1,"R",349,"R",0,"R",0,"R",349,"A",,"A",,"A",,"A",,"A",
486239, 2,"R",236,"R",0,"R",0,"R",236,"A",,"A",,"A",,"A",,"A",
486239, 3,"R",236,"R",0,"R",0,"R",236,"A",,"A",,"A",,"A",,"A",
486239,12,"R",113,"R",0,"R",0,"R",113,"A",,"A",,"A",,"A",,"A",
486248, 1,"R",115,"A",,"A",,"R",115,"A",,"A",,"A",,"A",,"A",
486248, 2,"R",115,"A",,"A",,"R",115,"A",,"A",,"A",,"A",,"A",
486257, 1,"R",313,"R",118,"R",52,"R",143,"R",25,"R",90,"R",0,"R",3,"R",0
486257, 2,"R",313,"R",118,"R",52,"R",143,"R",25,"R",90,"R",0,"R",3,"R",0
486257, 3,"R",313,"R",118,"R",52,"R",143,"R",25,"R",90,"R",0,"R",3,"R",0
486284, 1,"R",346,"R",134,"Z",0,"R",212,"R",5,"R",11,"Z",0,"R",118,"R",0
486284, 2,"R",319,"R",107,"Z",0,"R",212,"Z",0,"Z",0,"Z",0,"R",107,"R",0
486284, 3,"R",315,"R",107,"Z",0,"R",208,"Z",0,"Z",0,"Z",0,"R",107,"R",0
486284,11,"R",4,"Z",0,"Z",0,"R",4,"A",,"A",,"A",,"A",,"A",
486284,12,"R",27,"R",27,"Z",0,"R",0,"R",5,"R",11,"Z",0,"R",11,"R",0
486309, 1,"R",23,"A",,"A",,"R",23,"A",,"A",,"A",,"A",,"A",
486309, 2,"R",23,"A",,"A",,"R",23,"A",,"A",,"A",,"A",,"A",
486327, 1,"R",20,"A",,"A",,"R",20,"A",,"A",,"A",,"A",,"A",
486327, 2,"R",20,"A",,"A",,"R",20,"A",,"A",,"A",,"A",,"A",
486345, 1,"R",118,"A",,"A",,"R",118,"A",,"A",,"A",,"A",,"A",
486345, 2,"R",118,"A",,"A",,"R",118,"A",,"A",,"A",,"A",,"A",
486354, 1,"R",84,"A",,"A",,"R",84,"A",,"A",,"A",,"A",,"A",
486354, 2,"R",84,"A",,"A",,"R",84,"A",,"A",,"A",,"A",,"A",
486354, 3,"R",84,"A",,"A",,"R",84,"A",,"A",,"A",,"A",,"A",
486372, 1,"R",45,"A",,"A",,"R",45,"A",,"A",,"A",,"A",,"A",
486372, 2,"R",45,"A",,"A",,"R",45,"A",,"A",,"A",,"A",,"A",
486372, 3,"R",45,"A",,"A",,"R",45,"A",,"A",,"A",,"A",,"A",
486381, 1,"R",96,"A",,"A",,"R",96,"A",,"A",,"A",,"A",,"A",
486381, 2,"R",96,"A",,"A",,"R",96,"A",,"A",,"A",,"A",,"A",
486390, 1,"R",178,"A",,"A",,"R",178,"A",,"A",,"A",,"A",,"A",
486390, 2,"R",178,"A",,"A",,"R",178,"A",,"A",,"A",,"A",,"A",
486406, 1,"R",16,"A",,"A",,"R",16,"A",,"A",,"A",,"A",,"A",
486406, 2,"R",16,"A",,"A",,"R",16,"A",,"A",,"A",,"A",,"A",
486406, 3,"R",16,"A",,"A",,"R",16,"A",,"A",,"A",,"A",,"A",
486415, 1,"R",230,"A",,"A",,"R",230,"A",,"A",,"A",,"A",,"A",
486415, 2,"R",230,"A",,"A",,"R",230,"A",,"A",,"A",,"A",,"A",
486424, 1,"R",193,"A",,"A",,"R",193,"A",,"A",,"A",,"A",,"A",
486424, 2,"R",193,"A",,"A",,"R",193,"A",,"A",,"A",,"A",,"A",
486424, 3,"R",106,"A",,"A",,"R",106,"A",,"A",,"A",,"A",,"A",
486424,11,"R",87,"A",,"A",,"R",87,"A",,"A",,"A",,"A",,"A",
486433, 1,"R",120,"A",,"A",,"R",120,"A",,"A",,"A",,"A",,"A",
486433,12,"R",120,"A",,"A",,"R",120,"A",,"A",,"A",,"A",,"A",
486442, 1,"R",87,"A",,"A",,"R",87,"A",,"A",,"A",,"A",,"A",
486442, 2,"R",87,"A",,"A",,"R",87,"A",,"A",,"A",,"A",,"A",
486460, 1,"R",23,"A",,"A",,"R",23,"A",,"A",,"A",,"A",,"A",
486460,12,"R",23,"A",,"A",,"R",23,"A",,"A",,"A",,"A",,"A",
486488, 1,"R",54,"A",,"A",,"R",54,"A",,"A",,"A",,"A",,"A",
486488, 2,"R",54,"A",,"A",,"R",54,"A",,"A",,"A",,"A",,"A",
486488, 3,"R",54,"A",,"A",,"R",54,"A",,"A",,"A",,"A",,"A",
486497, 1,"R",66,"A",,"A",,"R",66,"A",,"A",,"A",,"A",,"A",
486497, 2,"R",66,"A",,"A",,"R",66,"A",,"A",,"A",,"A",,"A",
486503, 1,"R",66,"A",,"A",,"R",66,"A",,"A",,"A",,"A",,"A",
486503, 2,"R",66,"A",,"A",,"R",66,"A",,"A",,"A",,"A",,"A",
486512, 1,"R",91,"A",,"A",,"R",91,"A",,"A",,"A",,"A",,"A",
486512, 2,"R",91,"A",,"A",,"R",91,"A",,"A",,"A",,"A",,"A",
486521, 1,"R",5,"A",,"A",,"R",5,"A",,"A",,"A",,"A",,"A",
486521, 2,"R",5,"A",,"A",,"R",5,"A",,"A",,"A",,"A",,"A",
486530, 1,"R",157,"A",,"A",,"R",157,"A",,"A",,"A",,"A",,"A",
486530, 2,"R",157,"A",,"A",,"R",157,"A",,"A",,"A",,"A",,"A",
486558, 1,"R",238,"A",,"A",,"R",238,"A",,"A",,"A",,"A",,"A",
486558, 2,"R",238,"A",,"A",,"R",238,"A",,"A",,"A",,"A",,"A",
486567, 1,"R",193,"A",,"A",,"R",193,"A",,"A",,"A",,"A",,"A",
486567, 2,"R",193,"A",,"A",,"R",193,"A",,"A",,"A",,"A",,"A",
486576, 1,"R",446,"A",,"A",,"R",446,"A",,"A",,"A",,"A",,"A",
486576, 2,"R",446,"A",,"A",,"R",446,"A",,"A",,"A",,"A",,"A",
486594, 1,"R",65,"R",3,"R",0,"R",62,"R",0,"R",2,"R",0,"R",0,"R",1
486594, 2,"R",65,"R",3,"R",0,"R",62,"R",0,"R",2,"R",0,"R",0,"R",1
486594, 3,"R",61,"R",3,"R",0,"R",58,"R",0,"R",2,"R",0,"R",0,"R",1
486594,11,"R",4,"R",0,"R",0,"R",4,"A",,"A",,"A",,"A",,"A",
486619, 1,"R",77,"A",,"A",,"R",77,"A",,"A",,"A",,"A",,"A",
486619, 2,"R",77,"A",,"A",,"R",77,"A",,"A",,"A",,"A",,"A",
486691, 1,"R",92,"A",,"A",,"R",92,"A",,"A",,"A",,"A",,"A",
486691, 2,"R",92,"A",,"A",,"R",92,"A",,"A",,"A",,"A",,"A",
486707, 1,"R",154,"A",,"A",,"R",154,"A",,"A",,"A",,"A",,"A",
486707, 2,"R",154,"A",,"A",,"R",154,"A",,"A",,"A",,"A",,"A",
486716, 1,"R",98,"A",,"A",,"R",98,"A",,"A",,"A",,"A",,"A",
486716, 2,"R",98,"A",,"A",,"R",98,"A",,"A",,"A",,"A",,"A",
486734, 1,"R",145,"A",,"A",,"R",145,"A",,"A",,"A",,"A",,"A",
486734, 2,"R",145,"A",,"A",,"R",145,"A",,"A",,"A",,"A",,"A",
486752, 1,"R",77,"A",,"A",,"R",77,"A",,"A",,"A",,"A",,"A",
486752, 2,"R",77,"A",,"A",,"R",77,"A",,"A",,"A",,"A",,"A",
486752, 3,"R",77,"A",,"A",,"R",77,"A",,"A",,"A",,"A",,"A",
486770, 1,"R",162,"A",,"A",,"R",162,"A",,"A",,"A",,"A",,"A",
486770, 2,"R",162,"A",,"A",,"R",162,"A",,"A",,"A",,"A",,"A",
486798, 1,"R",1418,"A",,"A",,"R",1418,"A",,"A",,"A",,"A",,"A",
486798, 2,"R",1418,"A",,"A",,"R",1418,"A",,"A",,"A",,"A",,"A",
486813, 1,"R",483,"R",0,"R",11,"R",472,"A",,"A",,"A",,"A",,"A",
486813, 2,"R",483,"R",0,"R",11,"R",472,"A",,"A",,"A",,"A",,"A",
486813, 3,"R",483,"R",0,"R",11,"R",472,"A",,"A",,"A",,"A",,"A",
486822, 1,"R",547,"R",0,"R",17,"R",530,"A",,"A",,"A",,"A",,"A",
486822, 2,"R",547,"R",0,"R",17,"R",530,"A",,"A",,"A",,"A",,"A",
486822, 3,"R",547,"R",0,"R",17,"R",530,"A",,"A",,"A",,"A",,"A",
486840, 1,"R",35420,"R",3899,"R",11083,"R",20438,"R",3693,"R",198,"Z",0,"R",8,"R",0
486840, 2,"R",32274,"R",2272,"R",10739,"R",19263,"R",2190,"R",82,"Z",0,"Z",0,"R",0
486840, 3,"R",31511,"R",2209,"R",10624,"R",18678,"R",2127,"R",82,"Z",0,"Z",0,"R",0
486840,11,"R",763,"R",63,"R",115,"R",585,"R",63,"Z",0,"Z",0,"Z",0,"R",0
486840,12,"R",3146,"R",1627,"R",344,"R",1175,"R",1503,"R",116,"Z",0,"R",8,"R",0
486859, 1,"R",51,"A",,"A",,"R",51,"A",,"A",,"A",,"A",,"A",
486859, 2,"R",51,"A",,"A",,"R",51,"A",,"A",,"A",,"A",,"A",
486868, 1,"R",16,"A",,"A",,"R",16,"A",,"A",,"A",,"A",,"A",
486868, 2,"R",16,"A",,"A",,"R",16,"A",,"A",,"A",,"A",,"A",
486877, 1,"R",21,"A",,"A",,"R",21,"A",,"A",,"A",,"A",,"A",
486877, 2,"R",21,"A",,"A",,"R",21,"A",,"A",,"A",,"A",,"A",
486877, 3,"R",21,"A",,"A",,"R",21,"A",,"A",,"A",,"A",,"A",
486886, 1,"R",29,"A",,"A",,"R",29,"A",,"A",,"A",,"A",,"A",
486886, 2,"R",29,"A",,"A",,"R",29,"A",,"A",,"A",,"A",,"A",
486886, 3,"R",29,"A",,"A",,"R",29,"A",,"A",,"A",,"A",,"A",
486901, 1,"R",1225,"R",71,"R",333,"R",821,"R",71,"R",0,"R",0,"R",0,"R",0
486901, 2,"R",829,"R",25,"R",287,"R",517,"R",25,"R",0,"R",0,"R",0,"R",0
486901, 3,"R",780,"R",23,"R",284,"R",473,"R",23,"R",0,"R",0,"R",0,"R",0
486901,11,"R",49,"R",2,"R",3,"R",44,"R",2,"R",0,"R",0,"R",0,"R",0
486901,12,"R",396,"R",46,"R",46,"R",304,"R",46,"R",0,"R",0,"R",0,"R",0
486938, 1,"R",310,"R",4,"R",214,"R",92,"R",3,"R",1,"R",0,"R",0,"R",0
486938, 2,"R",310,"R",4,"R",214,"R",92,"R",3,"R",1,"R",0,"R",0,"R",0
486938, 3,"R",310,"R",4,"R",214,"R",92,"R",3,"R",1,"R",0,"R",0,"R",0
486947, 1,"R",299,"R",0,"R",147,"R",152,"A",,"A",,"A",,"A",,"A",
486947, 2,"R",299,"R",0,"R",147,"R",152,"A",,"A",,"A",,"A",,"A",
486947, 3,"R",299,"R",0,"R",147,"R",152,"A",,"A",,"A",,"A",,"A",
486956, 1,"R",677,"R",4,"R",376,"R",297,"R",2,"R",2,"R",0,"R",0,"R",0
486956, 2,"R",677,"R",4,"R",376,"R",297,"R",2,"R",2,"R",0,"R",0,"R",0
486956, 3,"R",677,"R",4,"R",376,"R",297,"R",2,"R",2,"R",0,"R",0,"R",0
486965, 1,"R",162,"A",,"A",,"R",162,"A",,"A",,"A",,"A",,"A",
486965, 2,"R",161,"A",,"A",,"R",161,"A",,"A",,"A",,"A",,"A",
486965, 3,"R",161,"A",,"A",,"R",161,"A",,"A",,"A",,"A",,"A",
486965,12,"R",1,"A",,"A",,"R",1,"A",,"A",,"A",,"A",,"A",
486983, 1,"R",53,"A",,"A",,"R",53,"A",,"A",,"A",,"A",,"A",
486983, 2,"R",53,"A",,"A",,"R",53,"A",,"A",,"A",,"A",,"A",
487010, 1,"R",3280,"R",248,"R",486,"R",2546,"R",194,"R",53,"R",0,"R",1,"R",0
487010, 2,"R",359,"R",11,"R",193,"R",155,"R",8,"R",3,"R",0,"R",0,"R",0
487010, 3,"R",359,"R",11,"R",193,"R",155,"R",8,"R",3,"R",0,"R",0,"R",0
487010,12,"R",2921,"R",237,"R",293,"R",2391,"R",186,"R",50,"R",0,"R",1,"R",0
487047, 1,"R",48,"A",,"A",,"R",48,"A",,"A",,"A",,"A",,"A",
487047, 2,"R",48,"A",,"A",,"R",48,"A",,"A",,"A",,"A",,"A",
487065, 1,"R",58,"A",,"A",,"R",58,"A",,"A",,"A",,"A",,"A",
487065, 2,"R",58,"A",,"A",,"R",58,"A",,"A",,"A",,"A",,"A",
487083, 1,"R",29,"A",,"A",,"R",29,"A",,"A",,"A",,"A",,"A",
487083, 2,"R",29,"A",,"A",,"R",29,"A",,"A",,"A",,"A",,"A",
487092, 1,"R",993,"A",,"A",,"R",993,"A",,"A",,"A",,"A",,"A",
487092, 2,"R",993,"A",,"A",,"R",993,"A",,"A",,"A",,"A",,"A",
487092, 3,"R",992,"A",,"A",,"R",992,"A",,"A",,"A",,"A",,"A",
487092,11,"R",1,"A",,"A",,"R",1,"A",,"A",,"A",,"A",,"A",
487153, 1,"R",28,"R",1,"R",2,"R",25,"R",1,"R",0,"R",0,"R",0,"R",0
487153,12,"R",28,"R",1,"R",2,"R",25,"R",1,"R",0,"R",0,"R",0,"R",0
487162, 1,"R",4637,"R",573,"R",1512,"R",2552,"R",569,"R",4,"R",0,"R",0,"R",0
487162, 2,"R",4637,"R",573,"R",1512,"R",2552,"R",569,"R",4,"R",0,"R",0,"R",0
487162, 3,"R",2857,"R",440,"R",1193,"R",1224,"R",436,"R",4,"R",0,"R",0,"R",0
487162,11,"R",1780,"R",133,"R",319,"R",1328,"R",133,"R",0,"R",0,"R",0,"R",0
487232, 1,"R",71,"A",,"A",,"R",71,"A",,"A",,"A",,"A",,"A",
487232, 2,"R",71,"A",,"A",,"R",71,"A",,"A",,"A",,"A",,"A",
487296, 1,"R",429,"R",301,"R",114,"R",14,"R",300,"R",0,"R",0,"R",1,"R",0
487296, 2,"R",394,"R",300,"R",94,"R",0,"R",299,"R",0,"R",0,"R",1,"R",0
487296, 3,"R",394,"R",300,"R",94,"R",0,"R",299,"R",0,"R",0,"R",1,"R",0
487296,12,"R",35,"R",1,"R",20,"R",14,"R",1,"R",0,"R",0,"R",0,"R",0
487302, 1,"R",500,"R",0,"R",271,"R",229,"A",,"A",,"A",,"A",,"A",
487302, 2,"R",500,"R",0,"R",271,"R",229,"A",,"A",,"A",,"A",,"A",
487302, 3,"R",500,"R",0,"R",271,"R",229,"A",,"A",,"A",,"A",,"A",
487311, 1,"R",307,"A",,"A",,"R",307,"A",,"A",,"A",,"A",,"A",
487311, 2,"R",307,"A",,"A",,"R",307,"A",,"A",,"A",,"A",,"A",
487311, 3,"R",307,"A",,"A",,"R",307,"A",,"A",,"A",,"A",,"A",
487320, 1,"R",12445,"R",605,"R",1783,"R",10057,"R",597,"R",8,"Z",0,"Z",0,"R",0
487320, 2,"R",12445,"R",605,"R",1783,"R",10057,"R",597,"R",8,"Z",0,"Z",0,"R",0
487320, 3,"R",9061,"R",459,"R",1461,"R",7141,"R",454,"R",5,"Z",0,"Z",0,"R",0
487320,11,"R",3384,"R",146,"R",322,"R",2916,"R",143,"R",3,"Z",0,"Z",0,"R",0
487348, 1,"R",121,"A",,"A",,"R",121,"A",,"A",,"A",,"A",,"A",
487348, 2,"R",121,"A",,"A",,"R",121,"A",,"A",,"A",,"A",,"A",
487375, 1,"R",500,"A",,"A",,"R",500,"A",,"A",,"A",,"A",,"A",
487375, 2,"R",500,"A",,"A",,"R",500,"A",,"A",,"A",,"A",,"A",
487375, 3,"R",500,"A",,"A",,"R",500,"A",,"A",,"A",,"A",,"A",
487384, 1,"R",707,"A",,"A",,"R",707,"A",,"A",,"A",,"A",,"A",
487384, 2,"R",707,"A",,"A",,"R",707,"A",,"A",,"A",,"A",,"A",
487384, 3,"R",707,"A",,"A",,"R",707,"A",,"A",,"A",,"A",,"A",
487393, 1,"R",764,"A",,"A",,"R",764,"A",,"A",,"A",,"A",,"A",
487393, 2,"R",764,"A",,"A",,"R",764,"A",,"A",,"A",,"A",,"A",
487393, 3,"R",764,"A",,"A",,"R",764,"A",,"A",,"A",,"A",,"A",
487409, 1,"R",633,"A",,"A",,"R",633,"A",,"A",,"A",,"A",,"A",
487409, 2,"R",633,"A",,"A",,"R",633,"A",,"A",,"A",,"A",,"A",
487409, 3,"R",633,"A",,"A",,"R",633,"A",,"A",,"A",,"A",,"A",
487418, 1,"R",787,"A",,"A",,"R",787,"A",,"A",,"A",,"A",,"A",
487418, 2,"R",787,"A",,"A",,"R",787,"A",,"A",,"A",,"A",,"A",
487418, 3,"R",787,"A",,"A",,"R",787,"A",,"A",,"A",,"A",,"A",
487427, 1,"R",538,"A",,"A",,"R",538,"A",,"A",,"A",,"A",,"A",
487427, 2,"R",538,"A",,"A",,"R",538,"A",,"A",,"A",,"A",,"A",
487427, 3,"R",538,"A",,"A",,"R",538,"A",,"A",,"A",,"A",,"A",
487436, 1,"R",398,"A",,"A",,"R",398,"A",,"A",,"A",,"A",,"A",
487436, 2,"R",398,"A",,"A",,"R",398,"A",,"A",,"A",,"A",,"A",
487436, 3,"R",398,"A",,"A",,"R",398,"A",,"A",,"A",,"A",,"A",
487445, 1,"R",458,"A",,"A",,"R",458,"A",,"A",,"A",,"A",,"A",
487445, 2,"R",458,"A",,"A",,"R",458,"A",,"A",,"A",,"A",,"A",
487445, 3,"R",458,"A",,"A",,"R",458,"A",,"A",,"A",,"A",,"A",
487454, 1,"R",460,"A",,"A",,"R",460,"A",,"A",,"A",,"A",,"A",
487454, 2,"R",460,"A",,"A",,"R",460,"A",,"A",,"A",,"A",,"A",
487454, 3,"R",460,"A",,"A",,"R",460,"A",,"A",,"A",,"A",,"A",
487472, 1,"R",889,"A",,"A",,"R",889,"A",,"A",,"A",,"A",,"A",
487472, 2,"R",889,"A",,"A",,"R",889,"A",,"A",,"A",,"A",,"A",
487472, 3,"R",889,"A",,"A",,"R",889,"A",,"A",,"A",,"A",,"A",
487481, 1,"R",315,"A",,"A",,"R",315,"A",,"A",,"A",,"A",,"A",
487481, 2,"R",315,"A",,"A",,"R",315,"A",,"A",,"A",,"A",,"A",
487490, 1,"R",394,"A",,"A",,"R",394,"A",,"A",,"A",,"A",,"A",
487490, 2,"R",394,"A",,"A",,"R",394,"A",,"A",,"A",,"A",,"A",
487490, 3,"R",394,"A",,"A",,"R",394,"A",,"A",,"A",,"A",,"A",
487506, 1,"R",102,"A",,"A",,"R",102,"A",,"A",,"A",,"A",,"A",
487506, 2,"R",102,"A",,"A",,"R",102,"A",,"A",,"A",,"A",,"A",
487524, 1,"R",3761,"R",693,"R",1197,"R",1871,"R",608,"R",63,"R",0,"R",22,"R",0
487524, 2,"R",2910,"R",382,"R",1040,"R",1488,"R",343,"R",20,"R",0,"R",19,"R",0
487524, 3,"R",2682,"R",226,"R",1028,"R",1428,"R",188,"R",19,"R",0,"R",19,"R",0
487524,11,"R",228,"R",156,"R",12,"R",60,"R",155,"R",1,"R",0,"R",0,"R",0
487524,12,"R",851,"R",311,"R",157,"R",383,"R",265,"R",43,"R",0,"R",3,"R",0
487533, 1,"R",100,"A",,"A",,"R",100,"A",,"A",,"A",,"A",,"A",
487533, 2,"R",100,"A",,"A",,"R",100,"A",,"A",,"A",,"A",,"A",
487588, 1,"R",345,"A",,"A",,"R",345,"A",,"A",,"A",,"A",,"A",
487588, 2,"R",345,"A",,"A",,"R",345,"A",,"A",,"A",,"A",,"A",
487588, 3,"R",345,"A",,"A",,"R",345,"A",,"A",,"A",,"A",,"A",
487597, 1,"R",983,"A",,"A",,"R",983,"A",,"A",,"A",,"A",,"A",
487597, 2,"R",983,"A",,"A",,"R",983,"A",,"A",,"A",,"A",,"A",
487603, 1,"R",1155,"R",678,"R",28,"R",449,"R",355,"R",314,"R",0,"R",9,"R",0
487603, 2,"R",1043,"R",567,"R",28,"R",448,"R",288,"R",277,"R",0,"R",2,"R",0
487603, 3,"R",663,"R",563,"R",28,"R",72,"R",284,"R",277,"R",0,"R",2,"R",0
487603,11,"R",380,"R",4,"R",0,"R",376,"R",4,"R",0,"R",0,"R",0,"R",0
487603,12,"R",112,"R",111,"R",0,"R",1,"R",67,"R",37,"R",0,"R",7,"R",0
487621, 1,"R",17,"A",,"A",,"R",17,"A",,"A",,"A",,"A",,"A",
487621, 2,"R",17,"A",,"A",,"R",17,"A",,"A",,"A",,"A",,"A",
487649, 1,"R",70,"R",3,"R",67,"R",0,"R",2,"R",0,"R",0,"R",1,"R",0
487649,12,"R",70,"R",3,"R",67,"R",0,"R",2,"R",0,"R",0,"R",1,"R",0
487658, 1,"R",64,"A",,"A",,"R",64,"A",,"A",,"A",,"A",,"A",
487658, 2,"R",64,"A",,"A",,"R",64,"A",,"A",,"A",,"A",,"A",
487658, 3,"R",64,"A",,"A",,"R",64,"A",,"A",,"A",,"A",,"A",
487676, 1,"R",190,"A",,"A",,"R",190,"A",,"A",,"A",,"A",,"A",
487676, 2,"R",190,"A",,"A",,"R",190,"A",,"A",,"A",,"A",,"A",
487746, 1,"R",21,"A",,"A",,"R",21,"A",,"A",,"A",,"A",,"A",
487746, 2,"R",21,"A",,"A",,"R",21,"A",,"A",,"A",,"A",,"A",
487746, 3,"R",21,"A",,"A",,"R",21,"A",,"A",,"A",,"A",,"A",
487773, 1,"R",73,"A",,"A",,"R",73,"A",,"A",,"A",,"A",,"A",
487773, 2,"R",73,"A",,"A",,"R",73,"A",,"A",,"A",,"A",,"A",
487773, 3,"R",73,"A",,"A",,"R",73,"A",,"A",,"A",,"A",,"A",
487791, 1,"R",452,"A",,"A",,"R",452,"A",,"A",,"A",,"A",,"A",
487791, 2,"R",452,"A",,"A",,"R",452,"A",,"A",,"A",,"A",,"A",
487807, 1,"R",23,"A",,"A",,"R",23,"A",,"A",,"A",,"A",,"A",
487807, 2,"R",23,"A",,"A",,"R",23,"A",,"A",,"A",,"A",,"A",
487816, 1,"R",23,"A",,"A",,"R",23,"A",,"A",,"A",,"A",,"A",
487816, 2,"R",23,"A",,"A",,"R",23,"A",,"A",,"A",,"A",,"A",
487852, 1,"R",24,"A",,"A",,"R",24,"A",,"A",,"A",,"A",,"A",
487852, 2,"R",24,"A",,"A",,"R",24,"A",,"A",,"A",,"A",,"A",
487861, 1,"R",253,"R",0,"R",19,"R",234,"A",,"A",,"A",,"A",,"A",
487861, 2,"R",253,"R",0,"R",19,"R",234,"A",,"A",,"A",,"A",,"A",
487861, 3,"R",253,"R",0,"R",19,"R",234,"A",,"A",,"A",,"A",,"A",
487870, 1,"R",19,"A",,"A",,"R",19,"A",,"A",,"A",,"A",,"A",
487870, 2,"R",19,"A",,"A",,"R",19,"A",,"A",,"A",,"A",,"A",
487889, 1,"R",74,"A",,"A",,"R",74,"A",,"A",,"A",,"A",,"A",
487889, 2,"R",74,"A",,"A",,"R",74,"A",,"A",,"A",,"A",,"A",
487898, 1,"R",23,"A",,"A",,"R",23,"A",,"A",,"A",,"A",,"A",
487898, 2,"R",23,"A",,"A",,"R",23,"A",,"A",,"A",,"A",,"A",
487904, 1,"R",15,"A",,"A",,"R",15,"A",,"A",,"A",,"A",,"A",
487904, 2,"R",15,"A",,"A",,"R",15,"A",,"A",,"A",,"A",,"A",
487913, 1,"R",19,"A",,"A",,"R",19,"A",,"A",,"A",,"A",,"A",
487913, 2,"R",19,"A",,"A",,"R",19,"A",,"A",,"A",,"A",,"A",
487922, 1,"R",24,"A",,"A",,"R",24,"A",,"A",,"A",,"A",,"A",
487922, 2,"R",24,"A",,"A",,"R",24,"A",,"A",,"A",,"A",,"A",
487959, 1,"R",25,"A",,"A",,"R",25,"A",,"A",,"A",,"A",,"A",
487959, 2,"R",25,"A",,"A",,"R",25,"A",,"A",,"A",,"A",,"A",
487968, 1,"R",59,"A",,"A",,"R",59,"A",,"A",,"A",,"A",,"A",
487968, 2,"R",59,"A",,"A",,"R",59,"A",,"A",,"A",,"A",,"A",
487977, 1,"R",1203,"R",1203,"A",,"A",,"R",2,"R",1116,"R",0,"R",85,"R",0
487977, 2,"R",1203,"R",1203,"A",,"A",,"R",2,"R",1116,"R",0,"R",85,"R",0
487977, 3,"R",1203,"R",1203,"A",,"A",,"R",2,"R",1116,"R",0,"R",85,"R",0
487995, 1,"R",145,"A",,"A",,"R",145,"A",,"A",,"A",,"A",,"A",
487995, 2,"R",57,"A",,"A",,"R",57,"A",,"A",,"A",,"A",,"A",
487995, 3,"R",55,"A",,"A",,"R",55,"A",,"A",,"A",,"A",,"A",
487995,11,"R",2,"A",,"A",,"R",2,"A",,"A",,"A",,"A",,"A",
487995,12,"R",88,"A",,"A",,"R",88,"A",,"A",,"A",,"A",,"A",
488004, 1,"R",20,"A",,"A",,"R",20,"A",,"A",,"A",,"A",,"A",
488004, 2,"R",20,"A",,"A",,"R",20,"A",,"A",,"A",,"A",,"A",
488004, 3,"R",20,"A",,"A",,"R",20,"A",,"A",,"A",,"A",,"A",
488013, 1,"R",61,"A",,"A",,"R",61,"A",,"A",,"A",,"A",,"A",
488013, 2,"R",61,"A",,"A",,"R",61,"A",,"A",,"A",,"A",,"A",
488022, 1,"R",47,"A",,"A",,"R",47,"A",,"A",,"A",,"A",,"A",
488022, 2,"R",47,"A",,"A",,"R",47,"A",,"A",,"A",,"A",,"A",
488031, 1,"R",217,"R",217,"A",,"A",,"R",136,"R",80,"Z",0,"R",1,"R",0
488031, 2,"R",47,"R",47,"A",,"A",,"R",24,"R",23,"Z",0,"Z",0,"R",0
488031, 3,"R",47,"R",47,"A",,"A",,"R",24,"R",23,"Z",0,"Z",0,"R",0
488031,12,"R",170,"R",170,"A",,"A",,"R",112,"R",57,"Z",0,"R",1,"R",0
488040, 1,"R",22,"A",,"A",,"R",22,"A",,"A",,"A",,"A",,"A",
488040, 2,"R",22,"A",,"A",,"R",22,"A",,"A",,"A",,"A",,"A",
488059, 1,"R",63,"A",,"A",,"R",63,"A",,"A",,"A",,"A",,"A",
488059, 2,"R",63,"A",,"A",,"R",63,"A",,"A",,"A",,"A",,"A",
488059, 3,"R",53,"A",,"A",,"R",53,"A",,"A",,"A",,"A",,"A",
488059,11,"R",10,"A",,"A",,"R",10,"A",,"A",,"A",,"A",,"A",
488068, 1,"R",134,"R",134,"A",,"A",,"R",4,"R",126,"Z",0,"R",4,"R",0
488068, 2,"R",115,"R",115,"A",,"A",,"R",4,"R",108,"Z",0,"R",3,"R",0
488068, 3,"R",93,"R",93,"A",,"A",,"R",4,"R",87,"Z",0,"R",2,"R",0
488068,11,"R",22,"R",22,"A",,"A",,"Z",0,"R",21,"Z",0,"R",1,"R",0
488068,12,"R",19,"R",19,"A",,"A",,"Z",0,"R",18,"Z",0,"R",1,"R",0
488077, 1,"R",1755,"R",1755,"A",,"A",,"R",80,"R",1668,"R",0,"R",7,"R",0
488077, 2,"R",1755,"R",1755,"A",,"A",,"R",80,"R",1668,"R",0,"R",7,"R",0
488077, 3,"R",1713,"R",1713,"A",,"A",,"R",80,"R",1626,"R",0,"R",7,"R",0
488077,11,"R",42,"R",42,"A",,"A",,"R",0,"R",42,"R",0,"R",0,"R",0
488086, 1,"R",44,"A",,"A",,"R",44,"A",,"A",,"A",,"A",,"A",
488086, 2,"R",44,"A",,"A",,"R",44,"A",,"A",,"A",,"A",,"A",
488101, 1,"R",96,"A",,"A",,"R",96,"A",,"A",,"A",,"A",,"A",
488101, 2,"R",96,"A",,"A",,"R",96,"A",,"A",,"A",,"A",,"A",
488101, 3,"R",96,"A",,"A",,"R",96,"A",,"A",,"A",,"A",,"A",
488110, 1,"R",56,"A",,"A",,"R",56,"A",,"A",,"A",,"A",,"A",
488110, 2,"R",56,"A",,"A",,"R",56,"A",,"A",,"A",,"A",,"A",
488129, 1,"R",22,"A",,"A",,"R",22,"A",,"A",,"A",,"A",,"A",
488129, 2,"R",22,"A",,"A",,"R",22,"A",,"A",,"A",,"A",,"A",
488138, 1,"R",102,"A",,"A",,"R",102,"A",,"A",,"A",,"A",,"A",
488138, 2,"R",102,"A",,"A",,"R",102,"A",,"A",,"A",,"A",,"A",
488147, 1,"R",54,"A",,"A",,"R",54,"A",,"A",,"A",,"A",,"A",
488147, 2,"R",54,"A",,"A",,"R",54,"A",,"A",,"A",,"A",,"A",
488156, 1,"P",10,"A",,"A",,"P",10,"A",,"A",,"A",,"A",,"A",
488156, 2,"P",10,"A",,"A",,"P",10,"A",,"A",,"A",,"A",,"A",
488165, 1,"R",28,"A",,"A",,"R",28,"A",,"A",,"A",,"A",,"A",
488165, 2,"R",28,"A",,"A",,"R",28,"A",,"A",,"A",,"A",,"A",
488174, 1,"R",48,"A",,"A",,"R",48,"A",,"A",,"A",,"A",,"A",
488174, 2,"R",48,"A",,"A",,"R",48,"A",,"A",,"A",,"A",,"A",
488183, 1,"R",19,"A",,"A",,"R",19,"A",,"A",,"A",,"A",,"A",
488183, 2,"R",19,"A",,"A",,"R",19,"A",,"A",,"A",,"A",,"A",
488192, 1,"R",65,"A",,"A",,"R",65,"A",,"A",,"A",,"A",,"A",
488192, 2,"R",65,"A",,"A",,"R",65,"A",,"A",,"A",,"A",,"A",
488217, 1,"R",80,"A",,"A",,"R",80,"A",,"A",,"A",,"A",,"A",
488217, 2,"R",80,"A",,"A",,"R",80,"A",,"A",,"A",,"A",,"A",
488226, 1,"R",22,"A",,"A",,"R",22,"A",,"A",,"A",,"A",,"A",
488226, 2,"R",22,"A",,"A",,"R",22,"A",,"A",,"A",,"A",,"A",
488235, 1,"R",12,"A",,"A",,"R",12,"A",,"A",,"A",,"A",,"A",
488235, 2,"R",12,"A",,"A",,"R",12,"A",,"A",,"A",,"A",,"A",
488253, 1,"R",65,"A",,"A",,"R",65,"A",,"A",,"A",,"A",,"A",
488253, 2,"R",65,"A",,"A",,"R",65,"A",,"A",,"A",,"A",,"A",
488262, 1,"R",26,"A",,"A",,"R",26,"A",,"A",,"A",,"A",,"A",
488262, 2,"R",26,"A",,"A",,"R",26,"A",,"A",,"A",,"A",,"A",
488271, 1,"R",102,"A",,"A",,"R",102,"A",,"A",,"A",,"A",,"A",
488271, 2,"R",102,"A",,"A",,"R",102,"A",,"A",,"A",,"A",,"A",
488280, 1,"R",119,"A",,"A",,"R",119,"A",,"A",,"A",,"A",,"A",
488280, 2,"R",119,"A",,"A",,"R",119,"A",,"A",,"A",,"A",,"A",
488299, 1,"R",19,"A",,"A",,"R",19,"A",,"A",,"A",,"A",,"A",
488299, 2,"R",19,"A",,"A",,"R",19,"A",,"A",,"A",,"A",,"A",
488305, 1,"R",113,"R",9,"R",4,"R",100,"R",8,"R",1,"R",0,"R",0,"R",0
488305, 2,"R",113,"R",9,"R",4,"R",100,"R",8,"R",1,"R",0,"R",0,"R",0
488305, 3,"R",106,"R",7,"R",4,"R",95,"R",6,"R",1,"R",0,"R",0,"R",0
488305,11,"R",7,"R",2,"R",0,"R",5,"R",2,"R",0,"R",0,"R",0,"R",0
488314, 1,"R",58,"A",,"A",,"R",58,"A",,"A",,"A",,"A",,"A",
488314, 2,"R",58,"A",,"A",,"R",58,"A",,"A",,"A",,"A",,"A",
488314, 3,"R",58,"A",,"A",,"R",58,"A",,"A",,"A",,"A",,"A",
488332, 1,"R",158,"R",87,"R",71,"R",0,"R",2,"R",85,"Z",0,"Z",0,"R",0
488332, 2,"R",158,"R",87,"R",71,"R",0,"R",2,"R",85,"Z",0,"Z",0,"R",0
488332, 3,"R",158,"R",87,"R",71,"R",0,"R",2,"R",85,"Z",0,"Z",0,"R",0
488350, 1,"R",77,"A",,"A",,"R",77,"A",,"A",,"A",,"A",,"A",
488350, 2,"R",77,"A",,"A",,"R",77,"A",,"A",,"A",,"A",,"A",
488350, 3,"R",77,"A",,"A",,"R",77,"A",,"A",,"A",,"A",,"A",
488369, 1,"R",63,"A",,"A",,"R",63,"A",,"A",,"A",,"A",,"A",
488369, 2,"R",63,"A",,"A",,"R",63,"A",,"A",,"A",,"A",,"A",
488378, 1,"R",32,"A",,"A",,"R",32,"A",,"A",,"A",,"A",,"A",
488378, 2,"R",32,"A",,"A",,"R",32,"A",,"A",,"A",,"A",,"A",
488387, 1,"R",116,"R",116,"A",,"A",,"R",37,"R",77,"R",0,"R",2,"R",0
488387,12,"R",116,"R",116,"A",,"A",,"R",37,"R",77,"R",0,"R",2,"R",0
488396, 1,"R",29,"A",,"A",,"R",29,"A",,"A",,"A",,"A",,"A",
488396, 2,"R",29,"A",,"A",,"R",29,"A",,"A",,"A",,"A",,"A",
488411, 1,"R",57,"A",,"A",,"R",57,"A",,"A",,"A",,"A",,"A",
488411, 2,"R",57,"A",,"A",,"R",57,"A",,"A",,"A",,"A",,"A",
488420, 1,"R",110,"A",,"A",,"R",110,"A",,"A",,"A",,"A",,"A",
488420, 2,"R",110,"A",,"A",,"R",110,"A",,"A",,"A",,"A",,"A",
488439, 1,"R",92,"A",,"A",,"R",92,"A",,"A",,"A",,"A",,"A",
488439, 2,"R",92,"A",,"A",,"R",92,"A",,"A",,"A",,"A",,"A",
488448, 1,"R",100,"R",6,"R",0,"R",94,"R",2,"R",4,"R",0,"R",0,"R",0
488448, 2,"R",67,"R",1,"R",0,"R",66,"R",1,"R",0,"R",0,"R",0,"R",0
488448, 3,"R",67,"R",1,"R",0,"R",66,"R",1,"R",0,"R",0,"R",0,"R",0
488448,12,"R",33,"R",5,"R",0,"R",28,"R",1,"R",4,"R",0,"R",0,"R",0
488527, 1,"R",318,"A",,"A",,"R",318,"A",,"A",,"A",,"A",,"A",
488527,12,"R",318,"A",,"A",,"R",318,"A",,"A",,"A",,"A",,"A",
488554, 1,"R",476,"R",0,"R",147,"R",329,"A",,"A",,"A",,"A",,"A",
488554,12,"R",476,"R",0,"R",147,"R",329,"A",,"A",,"A",,"A",,"A",
488572, 1,"R",253,"A",,"A",,"R",253,"A",,"A",,"A",,"A",,"A",
488572,12,"R",253,"A",,"A",,"R",253,"A",,"A",,"A",,"A",,"A",
488590, 1,"R",11,"A",,"A",,"R",11,"A",,"A",,"A",,"A",,"A",
488590, 2,"R",11,"A",,"A",,"R",11,"A",,"A",,"A",,"A",,"A",
488651, 1,"R",87,"A",,"A",,"R",87,"A",,"A",,"A",,"A",,"A",
488651, 2,"R",87,"A",,"A",,"R",87,"A",,"A",,"A",,"A",,"A",
488679, 1,"R",10614,"R",8637,"R",323,"R",1654,"R",4226,"R",4255,"Z",0,"R",156,"R",0
488679, 2,"R",6316,"R",5219,"R",183,"R",914,"R",2585,"R",2550,"Z",0,"R",84,"R",0
488679, 3,"R",6280,"R",5207,"R",183,"R",890,"R",2578,"R",2545,"Z",0,"R",84,"R",0
488679,11,"R",36,"R",12,"R",0,"R",24,"R",7,"R",5,"Z",0,"Z",0,"R",0
488679,12,"R",4298,"R",3418,"R",140,"R",740,"R",1641,"R",1705,"Z",0,"R",72,"R",0
488730, 1,"R",5510,"R",812,"R",725,"R",3973,"R",801,"R",10,"R",0,"R",1,"R",0
488730, 2,"R",5510,"R",812,"R",725,"R",3973,"R",801,"R",10,"R",0,"R",1,"R",0
488730, 3,"R",4587,"R",783,"R",625,"R",3179,"R",772,"R",10,"R",0,"R",1,"R",0
488730,11,"R",923,"R",29,"R",100,"R",794,"R",29,"R",0,"R",0,"R",0,"R",0
488749, 1,"R",132,"A",,"A",,"R",132,"A",,"A",,"A",,"A",,"A",
488749, 2,"R",132,"A",,"A",,"R",132,"A",,"A",,"A",,"A",,"A",
488776, 1,"R",97,"A",,"A",,"R",97,"A",,"A",,"A",,"A",,"A",
488776, 2,"R",41,"A",,"A",,"R",41,"A",,"A",,"A",,"A",,"A",
488776, 3,"R",40,"A",,"A",,"R",40,"A",,"A",,"A",,"A",,"A",
488776,11,"R",1,"A",,"A",,"R",1,"A",,"A",,"A",,"A",,"A",
488776,12,"R",56,"A",,"A",,"R",56,"A",,"A",,"A",,"A",,"A",
488785, 1,"R",196,"R",0,"R",79,"R",117,"A",,"A",,"A",,"A",,"A",
488785, 2,"R",196,"R",0,"R",79,"R",117,"A",,"A",,"A",,"A",,"A",
488785, 3,"R",196,"R",0,"R",79,"R",117,"A",,"A",,"A",,"A",,"A",
488800, 1,"R",964,"A",,"A",,"R",964,"A",,"A",,"A",,"A",,"A",
488800, 2,"R",643,"A",,"A",,"R",643,"A",,"A",,"A",,"A",,"A",
488800, 3,"R",643,"A",,"A",,"R",643,"A",,"A",,"A",,"A",,"A",
488800,12,"R",321,"A",,"A",,"R",321,"A",,"A",,"A",,"A",,"A",
488828, 1,"R",25,"A",,"A",,"R",25,"A",,"A",,"A",,"A",,"A",
488828, 2,"R",25,"A",,"A",,"R",25,"A",,"A",,"A",,"A",,"A",
488837, 1,"R",173,"A",,"A",,"R",173,"A",,"A",,"A",,"A",,"A",
488837, 2,"R",173,"A",,"A",,"R",173,"A",,"A",,"A",,"A",,"A",
488846, 1,"R",4987,"R",4987,"A",,"A",,"R",283,"R",1633,"R",0,"R",3069,"R",2
488846, 2,"R",4384,"R",4384,"A",,"A",,"R",242,"R",1400,"R",0,"R",2742,"R",0
488846, 3,"R",4384,"R",4384,"A",,"A",,"R",242,"R",1400,"R",0,"R",2742,"R",0
488846,12,"R",603,"R",603,"A",,"A",,"R",41,"R",233,"R",0,"R",327,"R",2
488891, 1,"R",113,"A",,"A",,"R",113,"A",,"A",,"A",,"A",,"A",
488891, 2,"R",113,"A",,"A",,"R",113,"A",,"A",,"A",,"A",,"A",
488891, 3,"R",113,"A",,"A",,"R",113,"A",,"A",,"A",,"A",,"A",
488907, 1,"R",44,"A",,"A",,"R",44,"A",,"A",,"A",,"A",,"A",
488907,12,"R",44,"A",,"A",,"R",44,"A",,"A",,"A",,"A",,"A",
488916, 1,"R",25,"A",,"A",,"R",25,"A",,"A",,"A",,"A",,"A",
488916, 2,"R",25,"A",,"A",,"R",25,"A",,"A",,"A",,"A",,"A",
488925, 1,"R",91,"A",,"A",,"R",91,"A",,"A",,"A",,"A",,"A",
488925, 2,"R",91,"A",,"A",,"R",91,"A",,"A",,"A",,"A",,"A",
488934, 1,"R",4070,"A",,"A",,"R",4070,"A",,"A",,"A",,"A",,"A",
488934, 2,"R",4070,"A",,"A",,"R",4070,"A",,"A",,"A",,"A",,"A",
488934, 3,"R",1245,"A",,"A",,"R",1245,"A",,"A",,"A",,"A",,"A",
488934,11,"R",2825,"A",,"A",,"R",2825,"A",,"A",,"A",,"A",,"A",
488952, 1,"R",134,"A",,"A",,"R",134,"A",,"A",,"A",,"A",,"A",
488952, 2,"R",134,"A",,"A",,"R",134,"A",,"A",,"A",,"A",,"A",
488961, 1,"R",118,"A",,"A",,"R",118,"A",,"A",,"A",,"A",,"A",
488961, 2,"R",118,"A",,"A",,"R",118,"A",,"A",,"A",,"A",,"A",
488961, 3,"R",118,"A",,"A",,"R",118,"A",,"A",,"A",,"A",,"A",
488970, 1,"R",53,"A",,"A",,"R",53,"A",,"A",,"A",,"A",,"A",
488970, 2,"R",53,"A",,"A",,"R",53,"A",,"A",,"A",,"A",,"A",
488989, 1,"R",152,"A",,"A",,"R",152,"A",,"A",,"A",,"A",,"A",
488989, 2,"R",152,"A",,"A",,"R",152,"A",,"A",,"A",,"A",,"A",
488998, 1,"R",117,"A",,"A",,"R",117,"A",,"A",,"A",,"A",,"A",
488998, 2,"R",117,"A",,"A",,"R",117,"A",,"A",,"A",,"A",,"A",
489122, 1,"R",27,"A",,"A",,"R",27,"A",,"A",,"A",,"A",,"A",
489122, 2,"R",27,"A",,"A",,"R",27,"A",,"A",,"A",,"A",,"A",
489131, 1,"R",30,"A",,"A",,"R",30,"A",,"A",,"A",,"A",,"A",
489131, 2,"R",30,"A",,"A",,"R",30,"A",,"A",,"A",,"A",,"A",
489140, 1,"R",27,"A",,"A",,"R",27,"A",,"A",,"A",,"A",,"A",
489140, 2,"R",27,"A",,"A",,"R",27,"A",,"A",,"A",,"A",,"A",
489159, 1,"R",116,"A",,"A",,"R",116,"A",,"A",,"A",,"A",,"A",
489159, 2,"R",116,"A",,"A",,"R",116,"A",,"A",,"A",,"A",,"A",
489201, 1,"R",7765,"R",697,"R",699,"R",6369,"R",689,"R",0,"R",8,"R",0,"R",0
489201, 2,"R",7765,"R",697,"R",699,"R",6369,"R",689,"R",0,"R",8,"R",0,"R",0
489201, 3,"R",6678,"R",527,"R",661,"R",5490,"R",522,"R",0,"R",5,"R",0,"R",0
489201,11,"R",1087,"R",170,"R",38,"R",879,"R",167,"R",0,"R",3,"R",0,"R",0
489238, 1,"R",140,"A",,"A",,"R",140,"A",,"A",,"A",,"A",,"A",
489238, 2,"R",140,"A",,"A",,"R",140,"A",,"A",,"A",,"A",,"A",
489247, 1,"R",19,"A",,"A",,"R",19,"A",,"A",,"A",,"A",,"A",
489247, 2,"R",19,"A",,"A",,"R",19,"A",,"A",,"A",,"A",,"A",
489256, 1,"R",222,"A",,"A",,"R",222,"A",,"A",,"A",,"A",,"A",
489256, 2,"R",222,"A",,"A",,"R",222,"A",,"A",,"A",,"A",,"A",
489283, 1,"R",432,"A",,"A",,"R",432,"A",,"A",,"A",,"A",,"A",
489283, 2,"R",432,"A",,"A",,"R",432,"A",,"A",,"A",,"A",,"A",
489283, 3,"R",432,"A",,"A",,"R",432,"A",,"A",,"A",,"A",,"A",
489335, 1,"R",22,"R",7,"R",8,"R",7,"R",2,"R",5,"Z",0,"Z",0,"R",0
489335,12,"R",22,"R",7,"R",8,"R",7,"R",2,"R",5,"Z",0,"Z",0,"R",0
489344, 1,"R",179,"R",4,"R",110,"R",65,"R",3,"R",1,"R",0,"R",0,"R",0
489344, 2,"R",179,"R",4,"R",110,"R",65,"R",3,"R",1,"R",0,"R",0,"R",0
489344, 3,"R",179,"R",4,"R",110,"R",65,"R",3,"R",1,"R",0,"R",0,"R",0
489353, 1,"R",226,"R",2,"R",134,"R",90,"R",2,"R",0,"R",0,"R",0,"R",0
489353, 2,"R",226,"R",2,"R",134,"R",90,"R",2,"R",0,"R",0,"R",0,"R",0
489353, 3,"R",226,"R",2,"R",134,"R",90,"R",2,"R",0,"R",0,"R",0,"R",0
489371, 1,"R",140,"A",,"A",,"R",140,"A",,"A",,"A",,"A",,"A",
489371, 2,"R",140,"A",,"A",,"R",140,"A",,"A",,"A",,"A",,"A",
489399, 1,"R",5,"A",,"A",,"R",5,"A",,"A",,"A",,"A",,"A",
489399, 2,"R",5,"A",,"A",,"R",5,"A",,"A",,"A",,"A",,"A",
489414, 1,"R",38,"A",,"A",,"R",38,"A",,"A",,"A",,"A",,"A",
489414, 2,"R",38,"A",,"A",,"R",38,"A",,"A",,"A",,"A",,"A",
489760, 1,"R",79,"A",,"A",,"R",79,"A",,"A",,"A",,"A",,"A",
489760, 2,"R",79,"A",,"A",,"R",79,"A",,"A",,"A",,"A",,"A",
489779, 1,"R",1498,"R",1498,"R",0,"R",0,"R",1489,"R",9,"Z",0,"Z",0,"R",0
489779, 2,"R",1258,"R",1258,"R",0,"R",0,"R",1251,"R",7,"Z",0,"Z",0,"R",0
489779, 3,"R",1255,"R",1255,"R",0,"R",0,"R",1249,"R",6,"Z",0,"Z",0,"R",0
489779,11,"R",3,"R",3,"Z",0,"R",0,"R",2,"R",1,"Z",0,"Z",0,"R",0
489779,12,"R",240,"R",240,"Z",0,"R",0,"R",238,"R",2,"Z",0,"Z",0,"R",0
489788, 1,"R",284,"R",284,"Z",0,"R",0,"R",264,"R",20,"Z",0,"Z",0,"R",0
489788, 2,"R",233,"R",233,"Z",0,"R",0,"R",214,"R",19,"Z",0,"Z",0,"R",0
489788, 3,"R",232,"R",232,"Z",0,"R",0,"R",213,"R",19,"Z",0,"Z",0,"R",0
489788,11,"R",1,"R",1,"Z",0,"R",0,"R",1,"Z",0,"Z",0,"Z",0,"R",0
489788,12,"R",51,"R",51,"Z",0,"R",0,"R",50,"R",1,"Z",0,"Z",0,"R",0
489812, 1,"R",43,"R",0,"R",0,"R",43,"A",,"A",,"A",,"A",,"A",
489812, 2,"R",43,"R",0,"R",0,"R",43,"A",,"A",,"A",,"A",,"A",
489812, 3,"R",43,"R",0,"R",0,"R",43,"A",,"A",,"A",,"A",,"A",
489830, 1,"R",57,"A",,"A",,"R",57,"A",,"A",,"A",,"A",,"A",
489830, 2,"R",57,"A",,"A",,"R",57,"A",,"A",,"A",,"A",,"A",
489858, 1,"R",470,"A",,"A",,"R",470,"A",,"A",,"A",,"A",,"A",
489858,12,"R",470,"A",,"A",,"R",470,"A",,"A",,"A",,"A",,"A",
489937, 1,"R",896,"R",550,"R",335,"R",11,"R",200,"R",294,"R",0,"R",8,"R",48
489937, 2,"R",496,"R",161,"R",335,"R",0,"R",79,"R",78,"R",0,"R",1,"R",3
489937, 3,"R",496,"R",161,"R",335,"R",0,"R",79,"R",78,"R",0,"R",1,"R",3
489937,12,"R",400,"R",389,"R",0,"R",11,"R",121,"R",216,"R",0,"R",7,"R",45
490018, 1,"R",36,"A",,"A",,"R",36,"A",,"A",,"A",,"A",,"A",
490018, 2,"R",36,"A",,"A",,"R",36,"A",,"A",,"A",,"A",,"A",
490045, 1,"R",196,"R",110,"R",52,"R",34,"R",21,"R",16,"R",67,"R",6,"R",0
490045, 2,"R",48,"R",22,"R",19,"R",7,"R",7,"R",9,"R",0,"R",6,"R",0
490045, 3,"R",48,"R",22,"R",19,"R",7,"R",7,"R",9,"R",0,"R",6,"R",0
490045,12,"R",148,"R",88,"R",33,"R",27,"R",14,"R",7,"R",67,"R",0,"R",0
490054, 1,"R",404,"R",0,"R",0,"R",404,"A",,"A",,"A",,"A",,"A",
490054, 2,"R",404,"R",0,"R",0,"R",404,"A",,"A",,"A",,"A",,"A",
490054, 3,"R",404,"R",0,"R",0,"R",404,"A",,"A",,"A",,"A",,"A",
490063, 1,"R",355,"R",0,"R",355,"R",0,"A",,"A",,"A",,"A",,"A",
490063, 2,"R",63,"R",0,"R",63,"R",0,"A",,"A",,"A",,"A",,"A",
490063, 3,"R",63,"R",0,"R",63,"R",0,"A",,"A",,"A",,"A",,"A",
490063,12,"R",292,"R",0,"R",292,"R",0,"A",,"A",,"A",,"A",,"A",
490072, 1,"R",32,"A",,"A",,"R",32,"A",,"A",,"A",,"A",,"A",
490072, 2,"R",32,"A",,"A",,"R",32,"A",,"A",,"A",,"A",,"A",
490081, 1,"R",85,"Z",0,"R",38,"R",47,"A",,"A",,"A",,"A",,"A",
490081, 2,"R",36,"Z",0,"R",17,"R",19,"A",,"A",,"A",,"A",,"A",
490081, 3,"R",36,"Z",0,"R",17,"R",19,"A",,"A",,"A",,"A",,"A",
490081,12,"R",49,"Z",0,"R",21,"R",28,"A",,"A",,"A",,"A",,"A",
490090, 1,"R",43,"A",,"A",,"R",43,"A",,"A",,"A",,"A",,"A",
490090, 2,"R",43,"A",,"A",,"R",43,"A",,"A",,"A",,"A",,"A",
490090, 3,"R",43,"A",,"A",,"R",43,"A",,"A",,"A",,"A",,"A",
490106, 1,"R",301,"A",,"A",,"R",301,"A",,"A",,"A",,"A",,"A",
490106,12,"R",301,"A",,"A",,"R",301,"A",,"A",,"A",,"A",,"A",
490115, 1,"R",53,"A",,"A",,"R",53,"A",,"A",,"A",,"A",,"A",
490115, 2,"R",53,"A",,"A",,"R",53,"A",,"A",,"A",,"A",,"A",
490124, 1,"R",14,"A",,"A",,"R",14,"A",,"A",,"A",,"A",,"A",
490124, 2,"R",14,"A",,"A",,"R",14,"A",,"A",,"A",,"A",,"A",
490124, 3,"R",14,"A",,"A",,"R",14,"A",,"A",,"A",,"A",,"A",
490133, 1,"R",1760,"R",864,"R",609,"R",287,"R",88,"R",9,"R",0,"R",767,"R",0
490133, 2,"R",470,"R",382,"R",4,"R",84,"R",4,"R",2,"R",0,"R",376,"R",0
490133, 3,"R",468,"R",380,"R",4,"R",84,"R",4,"R",2,"R",0,"R",374,"R",0
490133,11,"R",2,"R",2,"R",0,"R",0,"R",0,"R",0,"R",0,"R",2,"R",0
490133,12,"R",1290,"R",482,"R",605,"R",203,"R",84,"R",7,"R",0,"R",391,"R",0
490142, 1,"R",14,"A",,"A",,"R",14,"A",,"A",,"A",,"A",,"A",
490142, 2,"R",14,"A",,"A",,"R",14,"A",,"A",,"A",,"A",,"A",
490151, 1,"R",82,"A",,"A",,"R",82,"A",,"A",,"A",,"A",,"A",
490151, 2,"R",82,"A",,"A",,"R",82,"A",,"A",,"A",,"A",,"A",
490160, 1,"R",82,"A",,"A",,"R",82,"A",,"A",,"A",,"A",,"A",
490160, 2,"R",82,"A",,"A",,"R",82,"A",,"A",,"A",,"A",,"A",
490160, 3,"R",82,"A",,"A",,"R",82,"A",,"A",,"A",,"A",,"A",
490179, 1,"R",245,"Z",0,"R",102,"R",143,"A",,"A",,"A",,"A",,"A",
490179, 2,"R",245,"Z",0,"R",102,"R",143,"A",,"A",,"A",,"A",,"A",
490179, 3,"R",245,"Z",0,"R",102,"R",143,"A",,"A",,"A",,"A",,"A",
490188, 1,"R",21,"A",,"A",,"R",21,"A",,"A",,"A",,"A",,"A",
490188, 2,"R",21,"A",,"A",,"R",21,"A",,"A",,"A",,"A",,"A",
490197, 1,"R",10,"A",,"A",,"R",10,"A",,"A",,"A",,"A",,"A",
490197, 2,"R",10,"A",,"A",,"R",10,"A",,"A",,"A",,"A",,"A",
490203, 1,"R",120,"A",,"A",,"R",120,"A",,"A",,"A",,"A",,"A",
490203, 2,"R",120,"A",,"A",,"R",120,"A",,"A",,"A",,"A",,"A",
490203, 3,"R",120,"A",,"A",,"R",120,"A",,"A",,"A",,"A",,"A",
490212, 1,"R",26,"A",,"A",,"R",26,"A",,"A",,"A",,"A",,"A",
490212, 2,"R",26,"A",,"A",,"R",26,"A",,"A",,"A",,"A",,"A",
490212, 3,"R",26,"A",,"A",,"R",26,"A",,"A",,"A",,"A",,"A",
490221, 1,"R",23,"A",,"A",,"R",23,"A",,"A",,"A",,"A",,"A",
490221, 2,"R",23,"A",,"A",,"R",23,"A",,"A",,"A",,"A",,"A",
490230, 1,"R",139,"A",,"A",,"R",139,"A",,"A",,"A",,"A",,"A",
490230, 2,"R",110,"A",,"A",,"R",110,"A",,"A",,"A",,"A",,"A",
490230, 3,"R",110,"A",,"A",,"R",110,"A",,"A",,"A",,"A",,"A",
490230,12,"R",29,"A",,"A",,"R",29,"A",,"A",,"A",,"A",,"A",
490249, 1,"R",31,"A",,"A",,"R",31,"A",,"A",,"A",,"A",,"A",
490249, 2,"R",31,"A",,"A",,"R",31,"A",,"A",,"A",,"A",,"A",
490258, 1,"R",44,"A",,"A",,"R",44,"A",,"A",,"A",,"A",,"A",
490258, 2,"R",44,"A",,"A",,"R",44,"A",,"A",,"A",,"A",,"A",
490267, 1,"R",27,"A",,"A",,"R",27,"A",,"A",,"A",,"A",,"A",
490267, 2,"R",27,"A",,"A",,"R",27,"A",,"A",,"A",,"A",,"A",
490276, 1,"R",109,"A",,"A",,"R",109,"A",,"A",,"A",,"A",,"A",
490276, 2,"R",109,"A",,"A",,"R",109,"A",,"A",,"A",,"A",,"A",
490276, 3,"R",109,"A",,"A",,"R",109,"A",,"A",,"A",,"A",,"A",
490285, 1,"R",530,"R",80,"R",0,"R",450,"R",45,"R",35,"Z",0,"Z",0,"R",0
490285, 2,"R",530,"R",80,"R",0,"R",450,"R",45,"R",35,"Z",0,"Z",0,"R",0
490285, 3,"R",526,"R",80,"R",0,"R",446,"R",45,"R",35,"Z",0,"Z",0,"R",0
490285,11,"R",4,"R",0,"R",0,"R",4,"A",,"A",,"A",,"A",,"A",
490294, 1,"R",113,"A",,"A",,"R",113,"A",,"A",,"A",,"A",,"A",
490294, 2,"R",113,"A",,"A",,"R",113,"A",,"A",,"A",,"A",,"A",
490300, 1,"R",77,"A",,"A",,"R",77,"A",,"A",,"A",,"A",,"A",
490300, 2,"R",77,"A",,"A",,"R",77,"A",,"A",,"A",,"A",,"A",
490319, 1,"R",41,"A",,"A",,"R",41,"A",,"A",,"A",,"A",,"A",
490319, 2,"R",41,"A",,"A",,"R",41,"A",,"A",,"A",,"A",,"A",
490319, 3,"R",41,"A",,"A",,"R",41,"A",,"A",,"A",,"A",,"A",
490328, 1,"R",45,"A",,"A",,"R",45,"A",,"A",,"A",,"A",,"A",
490328, 2,"R",45,"A",,"A",,"R",45,"A",,"A",,"A",,"A",,"A",
490328, 3,"R",45,"A",,"A",,"R",45,"A",,"A",,"A",,"A",,"A",
490337, 1,"R",57,"A",,"A",,"R",57,"A",,"A",,"A",,"A",,"A",
490337, 2,"R",57,"A",,"A",,"R",57,"A",,"A",,"A",,"A",,"A",
490346, 1,"R",41,"A",,"A",,"R",41,"A",,"A",,"A",,"A",,"A",
490346, 2,"R",41,"A",,"A",,"R",41,"A",,"A",,"A",,"A",,"A",
490346, 3,"R",41,"A",,"A",,"R",41,"A",,"A",,"A",,"A",,"A",
490364, 1,"R",24,"A",,"A",,"R",24,"A",,"A",,"A",,"A",,"A",
490364, 2,"R",24,"A",,"A",,"R",24,"A",,"A",,"A",,"A",,"A",
490373, 1,"R",307,"A",,"A",,"R",307,"A",,"A",,"A",,"A",,"A",
490373,12,"R",307,"A",,"A",,"R",307,"A",,"A",,"A",,"A",,"A",
490382, 1,"R",54,"A",,"A",,"R",54,"A",,"A",,"A",,"A",,"A",
490382, 2,"R",54,"A",,"A",,"R",54,"A",,"A",,"A",,"A",,"A",
490391, 1,"R",31,"A",,"A",,"R",31,"A",,"A",,"A",,"A",,"A",
490391, 2,"R",31,"A",,"A",,"R",31,"A",,"A",,"A",,"A",,"A",
490407, 1,"R",14,"A",,"A",,"R",14,"A",,"A",,"A",,"A",,"A",
490407, 2,"R",14,"A",,"A",,"R",14,"A",,"A",,"A",,"A",,"A",
490416, 1,"R",36,"A",,"A",,"R",36,"A",,"A",,"A",,"A",,"A",
490416, 2,"R",36,"A",,"A",,"R",36,"A",,"A",,"A",,"A",,"A",
490425, 1,"R",134,"A",,"A",,"R",134,"A",,"A",,"A",,"A",,"A",
490425, 2,"R",134,"A",,"A",,"R",134,"A",,"A",,"A",,"A",,"A",
490434, 1,"R",27,"A",,"A",,"R",27,"A",,"A",,"A",,"A",,"A",
490434, 2,"R",27,"A",,"A",,"R",27,"A",,"A",,"A",,"A",,"A",
490443, 1,"R",145,"A",,"A",,"R",145,"A",,"A",,"A",,"A",,"A",
490443, 2,"R",145,"A",,"A",,"R",145,"A",,"A",,"A",,"A",,"A",
490452, 1,"R",14,"A",,"A",,"R",14,"A",,"A",,"A",,"A",,"A",
490452, 2,"R",14,"A",,"A",,"R",14,"A",,"A",,"A",,"A",,"A",
490461, 1,"R",40,"A",,"A",,"R",40,"A",,"A",,"A",,"A",,"A",
490461, 2,"R",40,"A",,"A",,"R",40,"A",,"A",,"A",,"A",,"A",
490470, 1,"R",29,"A",,"A",,"R",29,"A",,"A",,"A",,"A",,"A",
490470, 2,"R",29,"A",,"A",,"R",29,"A",,"A",,"A",,"A",,"A",
490498, 1,"R",26,"A",,"A",,"R",26,"A",,"A",,"A",,"A",,"A",
490498, 2,"R",26,"A",,"A",,"R",26,"A",,"A",,"A",,"A",,"A",
490504, 1,"R",18,"A",,"A",,"R",18,"A",,"A",,"A",,"A",,"A",
490504, 2,"R",18,"A",,"A",,"R",18,"A",,"A",,"A",,"A",,"A",
490504, 3,"R",18,"A",,"A",,"R",18,"A",,"A",,"A",,"A",,"A",
490513, 1,"R",69,"A",,"A",,"R",69,"A",,"A",,"A",,"A",,"A",
490513, 2,"R",69,"A",,"A",,"R",69,"A",,"A",,"A",,"A",,"A",
490513, 3,"R",69,"A",,"A",,"R",69,"A",,"A",,"A",,"A",,"A",
490522, 1,"R",8,"A",,"A",,"R",8,"A",,"A",,"A",,"A",,"A",
490522, 2,"R",8,"A",,"A",,"R",8,"A",,"A",,"A",,"A",,"A",
490531, 1,"R",11,"A",,"A",,"R",11,"A",,"A",,"A",,"A",,"A",
490531, 2,"R",11,"A",,"A",,"R",11,"A",,"A",,"A",,"A",,"A",
490540, 1,"R",45,"A",,"A",,"R",45,"A",,"A",,"A",,"A",,"A",
490540, 2,"R",45,"A",,"A",,"R",45,"A",,"A",,"A",,"A",,"A",
490559, 1,"R",262,"A",,"A",,"R",262,"A",,"A",,"A",,"A",,"A",
490559, 2,"R",262,"A",,"A",,"R",262,"A",,"A",,"A",,"A",,"A",
490559, 3,"R",262,"A",,"A",,"R",262,"A",,"A",,"A",,"A",,"A",
490568, 1,"R",60,"R",0,"R",12,"R",48,"A",,"A",,"A",,"A",,"A",
490568, 2,"R",60,"R",0,"R",12,"R",48,"A",,"A",,"A",,"A",,"A",
490568, 3,"R",60,"R",0,"R",12,"R",48,"A",,"A",,"A",,"A",,"A",
490601, 1,"R",326,"A",,"A",,"R",326,"A",,"A",,"A",,"A",,"A",
490601,12,"R",326,"A",,"A",,"R",326,"A",,"A",,"A",,"A",,"A",
490674, 1,"R",9,"A",,"A",,"R",9,"A",,"A",,"A",,"A",,"A",
490674, 2,"R",9,"A",,"A",,"R",9,"A",,"A",,"A",,"A",,"A",
490692, 1,"R",35,"A",,"A",,"R",35,"A",,"A",,"A",,"A",,"A",
490692, 2,"R",35,"A",,"A",,"R",35,"A",,"A",,"A",,"A",,"A",
490717, 1,"R",63,"A",,"A",,"R",63,"A",,"A",,"A",,"A",,"A",
490717, 2,"R",63,"A",,"A",,"R",63,"A",,"A",,"A",,"A",,"A",
490735, 1,"R",70,"R",0,"R",11,"R",59,"A",,"A",,"A",,"A",,"A",
490735, 2,"R",70,"R",0,"R",11,"R",59,"A",,"A",,"A",,"A",,"A",
490744, 1,"R",29,"A",,"A",,"R",29,"A",,"A",,"A",,"A",,"A",
490744, 2,"R",29,"A",,"A",,"R",29,"A",,"A",,"A",,"A",,"A",
490771, 1,"R",278,"R",278,"Z",0,"R",0,"R",206,"R",72,"Z",0,"Z",0,"R",0
490771, 2,"R",232,"R",232,"Z",0,"R",0,"R",172,"R",60,"Z",0,"Z",0,"R",0
490771, 3,"R",232,"R",232,"Z",0,"R",0,"R",172,"R",60,"Z",0,"Z",0,"R",0
490771,12,"R",46,"R",46,"Z",0,"R",0,"R",34,"R",12,"Z",0,"Z",0,"R",0
490805, 1,"R",10473,"R",1549,"R",2696,"R",6228,"R",590,"R",936,"R",0,"Z",0,"R",23
490805, 2,"R",9573,"R",1429,"R",2546,"R",5598,"R",517,"R",912,"Z",0,"Z",0,"R",0
490805, 3,"R",8244,"R",1400,"R",2543,"R",4301,"R",490,"R",910,"Z",0,"Z",0,"R",0
490805,11,"R",1329,"R",29,"R",3,"R",1297,"R",27,"R",2,"Z",0,"Z",0,"R",0
490805,12,"R",900,"R",120,"R",150,"R",630,"R",73,"R",24,"R",0,"Z",0,"R",23
490814, 1,"R",72,"A",,"A",,"R",72,"A",,"A",,"A",,"A",,"A",
490814, 2,"R",72,"A",,"A",,"R",72,"A",,"A",,"A",,"A",,"A",
490832, 1,"R",225,"A",,"A",,"R",225,"A",,"A",,"A",,"A",,"A",
490832, 2,"R",225,"A",,"A",,"R",225,"A",,"A",,"A",,"A",,"A",
490832, 3,"R",225,"A",,"A",,"R",225,"A",,"A",,"A",,"A",,"A",
490841, 1,"R",96,"A",,"A",,"R",96,"A",,"A",,"A",,"A",,"A",
490841, 2,"R",96,"A",,"A",,"R",96,"A",,"A",,"A",,"A",,"A",
490850, 1,"N",11,"A",,"A",,"N",11,"A",,"A",,"A",,"A",,"A",
490850, 2,"N",11,"A",,"A",,"N",11,"A",,"A",,"A",,"A",,"A",
490850, 3,"N",11,"A",,"A",,"N",11,"A",,"A",,"A",,"A",,"A",
490869, 1,"R",200,"R",0,"R",172,"R",28,"A",,"A",,"A",,"A",,"A",
490869, 2,"R",200,"R",0,"R",172,"R",28,"A",,"A",,"A",,"A",,"A",
490878, 1,"R",349,"A",,"A",,"R",349,"A",,"A",,"A",,"A",,"A",
490878, 2,"R",349,"A",,"A",,"R",349,"A",,"A",,"A",,"A",,"A",
490878, 3,"R",349,"A",,"A",,"R",349,"A",,"A",,"A",,"A",,"A",
490896, 1,"R",104,"A",,"A",,"R",104,"A",,"A",,"A",,"A",,"A",
490896, 2,"R",104,"A",,"A",,"R",104,"A",,"A",,"A",,"A",,"A",
490948, 1,"R",8,"A",,"A",,"R",8,"A",,"A",,"A",,"A",,"A",
490948, 2,"R",8,"A",,"A",,"R",8,"A",,"A",,"A",,"A",,"A",
490975, 1,"R",302,"R",0,"R",218,"R",84,"A",,"A",,"A",,"A",,"A",
490975, 2,"R",302,"R",0,"R",218,"R",84,"A",,"A",,"A",,"A",,"A",
490975, 3,"R",302,"R",0,"R",218,"R",84,"A",,"A",,"A",,"A",,"A",
491057, 1,"R",94,"A",,"A",,"R",94,"A",,"A",,"A",,"A",,"A",
491057, 2,"R",94,"A",,"A",,"R",94,"A",,"A",,"A",,"A",,"A",
491057, 3,"R",94,"A",,"A",,"R",94,"A",,"A",,"A",,"A",,"A",
491066, 1,"R",11,"A",,"A",,"R",11,"A",,"A",,"A",,"A",,"A",
491066, 2,"R",11,"A",,"A",,"R",11,"A",,"A",,"A",,"A",,"A",
491075, 1,"R",15,"A",,"A",,"R",15,"A",,"A",,"A",,"A",,"A",
491075, 2,"R",15,"A",,"A",,"R",15,"A",,"A",,"A",,"A",,"A",
491084, 1,"R",54,"A",,"A",,"R",54,"A",,"A",,"A",,"A",,"A",
491084, 2,"R",54,"A",,"A",,"R",54,"A",,"A",,"A",,"A",,"A",
491093, 1,"R",53,"R",38,"R",8,"R",7,"R",36,"R",2,"Z",0,"Z",0,"R",0
491093, 2,"R",53,"R",38,"R",8,"R",7,"R",36,"R",2,"Z",0,"Z",0,"R",0
491093, 3,"R",53,"R",38,"R",8,"R",7,"R",36,"R",2,"Z",0,"Z",0,"R",0
491118, 1,"R",42,"R",2,"Z",0,"R",40,"R",2,"Z",0,"Z",0,"Z",0,"R",0
491118, 2,"R",42,"R",2,"Z",0,"R",40,"R",2,"Z",0,"Z",0,"Z",0,"R",0
491118, 3,"R",42,"R",2,"Z",0,"R",40,"R",2,"Z",0,"Z",0,"Z",0,"R",0
491136, 1,"R",71,"A",,"A",,"R",71,"A",,"A",,"A",,"A",,"A",
491136, 2,"R",71,"A",,"A",,"R",71,"A",,"A",,"A",,"A",,"A",
491145, 1,"R",77,"A",,"A",,"R",77,"A",,"A",,"A",,"A",,"A",
491145, 2,"R",77,"A",,"A",,"R",77,"A",,"A",,"A",,"A",,"A",
491163, 1,"R",53,"R",0,"R",2,"R",51,"A",,"A",,"A",,"A",,"A",
491163, 2,"R",53,"R",0,"R",2,"R",51,"A",,"A",,"A",,"A",,"A",
491163, 3,"R",53,"R",0,"R",2,"R",51,"A",,"A",,"A",,"A",,"A",
491181, 1,"R",246,"R",0,"R",183,"R",63,"A",,"A",,"A",,"A",,"A",
491181, 2,"R",246,"R",0,"R",183,"R",63,"A",,"A",,"A",,"A",,"A",
491181, 3,"R",246,"R",0,"R",183,"R",63,"A",,"A",,"A",,"A",,"A",
491190, 1,"R",71,"R",0,"R",2,"R",69,"A",,"A",,"A",,"A",,"A",
491190,12,"R",71,"R",0,"R",2,"R",69,"A",,"A",,"A",,"A",,"A",
491224, 1,"R",58,"A",,"A",,"R",58,"A",,"A",,"A",,"A",,"A",
491224, 2,"R",58,"A",,"A",,"R",58,"A",,"A",,"A",,"A",,"A",
491233, 1,"R",22,"A",,"A",,"R",22,"A",,"A",,"A",,"A",,"A",
491233, 2,"R",22,"A",,"A",,"R",22,"A",,"A",,"A",,"A",,"A",
491242, 1,"R",65,"A",,"A",,"R",65,"A",,"A",,"A",,"A",,"A",
491242, 2,"R",65,"A",,"A",,"R",65,"A",,"A",,"A",,"A",,"A",
491251, 1,"R",32,"A",,"A",,"R",32,"A",,"A",,"A",,"A",,"A",
491251, 2,"R",32,"A",,"A",,"R",32,"A",,"A",,"A",,"A",,"A",
491260, 1,"R",58,"A",,"A",,"R",58,"A",,"A",,"A",,"A",,"A",
491260, 2,"R",58,"A",,"A",,"R",58,"A",,"A",,"A",,"A",,"A",
491288, 1,"R",538,"R",538,"A",,"A",,"R",424,"R",113,"R",0,"R",1,"R",0
491288, 2,"R",538,"R",538,"A",,"A",,"R",424,"R",113,"R",0,"R",1,"R",0
491288, 3,"R",538,"R",538,"A",,"A",,"R",424,"R",113,"R",0,"R",1,"R",0
491297, 1,"R",5,"R",5,"A",,"A",,"R",4,"R",1,"Z",0,"Z",0,"R",0
491297, 2,"R",5,"R",5,"A",,"A",,"R",4,"R",1,"Z",0,"Z",0,"R",0
491297, 3,"R",5,"R",5,"A",,"A",,"R",4,"R",1,"Z",0,"Z",0,"R",0
491303, 1,"R",186,"R",186,"A",,"A",,"R",145,"R",40,"R",0,"R",1,"R",0
491303, 2,"R",186,"R",186,"A",,"A",,"R",145,"R",40,"R",0,"R",1,"R",0
491303, 3,"R",44,"R",44,"A",,"A",,"R",34,"R",9,"R",0,"R",1,"R",0
491303,11,"R",142,"R",142,"A",,"A",,"R",111,"R",31,"R",0,"R",0,"R",0
491394, 1,"R",22,"A",,"A",,"R",22,"A",,"A",,"A",,"A",,"A",
491394, 2,"R",22,"A",,"A",,"R",22,"A",,"A",,"A",,"A",,"A",
491446, 1,"R",122,"A",,"A",,"R",122,"A",,"A",,"A",,"A",,"A",
491446, 2,"R",122,"A",,"A",,"R",122,"A",,"A",,"A",,"A",,"A",
491446, 3,"R",122,"A",,"A",,"R",122,"A",,"A",,"A",,"A",,"A",
491455, 1,"R",60,"A",,"A",,"R",60,"A",,"A",,"A",,"A",,"A",
491455, 2,"R",60,"A",,"A",,"R",60,"A",,"A",,"A",,"A",,"A",
491464, 1,"R",90,"A",,"A",,"R",90,"A",,"A",,"A",,"A",,"A",
491464, 2,"R",90,"A",,"A",,"R",90,"A",,"A",,"A",,"A",,"A",
491464, 3,"R",90,"A",,"A",,"R",90,"A",,"A",,"A",,"A",,"A",
491473, 1,"R",317,"A",,"A",,"R",317,"A",,"A",,"A",,"A",,"A",
491473, 2,"R",317,"A",,"A",,"R",317,"A",,"A",,"A",,"A",,"A",
491473, 3,"R",317,"A",,"A",,"R",317,"A",,"A",,"A",,"A",,"A",
491482, 1,"R",16,"A",,"A",,"R",16,"A",,"A",,"A",,"A",,"A",
491482, 2,"R",16,"A",,"A",,"R",16,"A",,"A",,"A",,"A",,"A",
491491, 1,"R",86,"A",,"A",,"R",86,"A",,"A",,"A",,"A",,"A",
491491, 2,"R",62,"A",,"A",,"R",62,"A",,"A",,"A",,"A",,"A",
491491, 3,"R",62,"A",,"A",,"R",62,"A",,"A",,"A",,"A",,"A",
491491,12,"R",24,"A",,"A",,"R",24,"A",,"A",,"A",,"A",,"A",
491507, 1,"R",8,"A",,"A",,"R",8,"A",,"A",,"A",,"A",,"A",
491507, 2,"R",8,"A",,"A",,"R",8,"A",,"A",,"A",,"A",,"A",
491525, 1,"R",61,"R",14,"R",3,"R",44,"R",7,"R",5,"R",0,"R",2,"R",0
491525, 2,"R",61,"R",14,"R",3,"R",44,"R",7,"R",5,"R",0,"R",2,"R",0
491525, 3,"R",56,"R",10,"R",3,"R",43,"R",6,"R",3,"R",0,"R",1,"R",0
491525,11,"R",5,"R",4,"R",0,"R",1,"R",1,"R",2,"R",0,"R",1,"R",0
491534, 1,"R",7,"A",,"A",,"R",7,"A",,"A",,"A",,"A",,"A",
491534, 2,"R",7,"A",,"A",,"R",7,"A",,"A",,"A",,"A",,"A",
491543, 1,"R",117,"A",,"A",,"R",117,"A",,"A",,"A",,"A",,"A",
491543, 2,"R",117,"A",,"A",,"R",117,"A",,"A",,"A",,"A",,"A",
491552, 1,"R",4,"A",,"A",,"R",4,"A",,"A",,"A",,"A",,"A",
491552, 2,"R",4,"A",,"A",,"R",4,"A",,"A",,"A",,"A",,"A",
491570, 1,"R",22,"A",,"A",,"R",22,"A",,"A",,"A",,"A",,"A",
491570, 2,"R",22,"A",,"A",,"R",22,"A",,"A",,"A",,"A",,"A",
491589, 1,"R",7,"A",,"A",,"R",7,"A",,"A",,"A",,"A",,"A",
491589, 2,"R",7,"A",,"A",,"R",7,"A",,"A",,"A",,"A",,"A",
491598, 1,"R",17,"A",,"A",,"R",17,"A",,"A",,"A",,"A",,"A",
491598, 2,"R",17,"A",,"A",,"R",17,"A",,"A",,"A",,"A",,"A",
491613, 1,"R",63,"A",,"A",,"R",63,"A",,"A",,"A",,"A",,"A",
491613, 2,"R",63,"A",,"A",,"R",63,"A",,"A",,"A",,"A",,"A",
491613, 3,"R",63,"A",,"A",,"R",63,"A",,"A",,"A",,"A",,"A",
491622, 1,"R",63,"A",,"A",,"R",63,"A",,"A",,"A",,"A",,"A",
491622, 2,"R",63,"A",,"A",,"R",63,"A",,"A",,"A",,"A",,"A",
491622, 3,"R",63,"A",,"A",,"R",63,"A",,"A",,"A",,"A",,"A",
491631, 1,"R",72,"A",,"A",,"R",72,"A",,"A",,"A",,"A",,"A",
491631, 2,"R",72,"A",,"A",,"R",72,"A",,"A",,"A",,"A",,"A",
491631, 3,"R",72,"A",,"A",,"R",72,"A",,"A",,"A",,"A",,"A",
491640, 1,"R",147,"A",,"A",,"R",147,"A",,"A",,"A",,"A",,"A",
491640, 2,"R",147,"A",,"A",,"R",147,"A",,"A",,"A",,"A",,"A",
491640, 3,"R",147,"A",,"A",,"R",147,"A",,"A",,"A",,"A",,"A",
491659, 1,"R",44,"A",,"A",,"R",44,"A",,"A",,"A",,"A",,"A",
491659, 2,"R",44,"A",,"A",,"R",44,"A",,"A",,"A",,"A",,"A",
491668, 1,"R",183,"A",,"A",,"R",183,"A",,"A",,"A",,"A",,"A",
491668, 2,"R",183,"A",,"A",,"R",183,"A",,"A",,"A",,"A",,"A",
491677, 1,"R",23,"A",,"A",,"R",23,"A",,"A",,"A",,"A",,"A",
491677, 2,"R",23,"A",,"A",,"R",23,"A",,"A",,"A",,"A",,"A",
491686, 1,"R",13,"A",,"A",,"R",13,"A",,"A",,"A",,"A",,"A",
491686, 2,"R",13,"A",,"A",,"R",13,"A",,"A",,"A",,"A",,"A",
491695, 1,"R",21,"A",,"A",,"R",21,"A",,"A",,"A",,"A",,"A",
491695, 2,"R",21,"A",,"A",,"R",21,"A",,"A",,"A",,"A",,"A",
491701, 1,"R",46,"A",,"A",,"R",46,"A",,"A",,"A",,"A",,"A",
491701, 2,"R",46,"A",,"A",,"R",46,"A",,"A",,"A",,"A",,"A",
491710, 1,"R",84,"A",,"A",,"R",84,"A",,"A",,"A",,"A",,"A",
491710, 2,"R",84,"A",,"A",,"R",84,"A",,"A",,"A",,"A",,"A",
491710, 3,"R",84,"A",,"A",,"R",84,"A",,"A",,"A",,"A",,"A",
491729, 1,"R",39,"A",,"A",,"R",39,"A",,"A",,"A",,"A",,"A",
491729, 2,"R",39,"A",,"A",,"R",39,"A",,"A",,"A",,"A",,"A",
491738, 1,"R",60,"A",,"A",,"R",60,"A",,"A",,"A",,"A",,"A",
491738, 2,"R",60,"A",,"A",,"R",60,"A",,"A",,"A",,"A",,"A",
491747, 1,"R",35,"A",,"A",,"R",35,"A",,"A",,"A",,"A",,"A",
491747, 2,"R",35,"A",,"A",,"R",35,"A",,"A",,"A",,"A",,"A",
491756, 1,"R",104,"A",,"A",,"R",104,"A",,"A",,"A",,"A",,"A",
491756, 2,"R",104,"A",,"A",,"R",104,"A",,"A",,"A",,"A",,"A",
491765, 1,"R",46,"A",,"A",,"R",46,"A",,"A",,"A",,"A",,"A",
491765, 2,"R",46,"A",,"A",,"R",46,"A",,"A",,"A",,"A",,"A",
491765, 3,"R",46,"A",,"A",,"R",46,"A",,"A",,"A",,"A",,"A",
491774, 1,"R",76,"A",,"A",,"R",76,"A",,"A",,"A",,"A",,"A",
491774, 2,"R",76,"A",,"A",,"R",76,"A",,"A",,"A",,"A",,"A",
491783, 1,"R",54,"A",,"A",,"R",54,"A",,"A",,"A",,"A",,"A",
491783, 2,"R",54,"A",,"A",,"R",54,"A",,"A",,"A",,"A",,"A",
491783, 3,"R",54,"A",,"A",,"R",54,"A",,"A",,"A",,"A",,"A",
491792, 1,"R",24,"A",,"A",,"R",24,"A",,"A",,"A",,"A",,"A",
491792, 2,"R",24,"A",,"A",,"R",24,"A",,"A",,"A",,"A",,"A",
491808, 1,"R",138,"R",51,"R",87,"R",0,"R",17,"R",17,"R",0,"R",5,"R",12
491808,12,"R",138,"R",51,"R",87,"R",0,"R",17,"R",17,"R",0,"R",5,"R",12
491817, 1,"R",159,"A",,"A",,"R",159,"A",,"A",,"A",,"A",,"A",
491817, 2,"R",159,"A",,"A",,"R",159,"A",,"A",,"A",,"A",,"A",
491817, 3,"R",159,"A",,"A",,"R",159,"A",,"A",,"A",,"A",,"A",
491826, 1,"R",40,"A",,"A",,"R",40,"A",,"A",,"A",,"A",,"A",
491826, 2,"R",40,"A",,"A",,"R",40,"A",,"A",,"A",,"A",,"A",
491835, 1,"R",55,"A",,"A",,"R",55,"A",,"A",,"A",,"A",,"A",
491835, 2,"R",55,"A",,"A",,"R",55,"A",,"A",,"A",,"A",,"A",
491844, 1,"R",143,"R",0,"R",13,"R",130,"A",,"A",,"A",,"A",,"A",
491844, 2,"R",143,"R",0,"R",13,"R",130,"A",,"A",,"A",,"A",,"A",
491844, 3,"R",129,"R",0,"R",13,"R",116,"A",,"A",,"A",,"A",,"A",
491844,11,"R",14,"R",0,"R",0,"R",14,"A",,"A",,"A",,"A",,"A",
491853, 1,"R",24,"A",,"A",,"R",24,"A",,"A",,"A",,"A",,"A",
491853, 2,"R",24,"A",,"A",,"R",24,"A",,"A",,"A",,"A",,"A",
491871, 1,"R",4,"A",,"A",,"R",4,"A",,"A",,"A",,"A",,"A",
491871, 2,"R",4,"A",,"A",,"R",4,"A",,"A",,"A",,"A",,"A",
491880, 1,"R",26,"A",,"A",,"R",26,"A",,"A",,"A",,"A",,"A",
491880, 2,"R",26,"A",,"A",,"R",26,"A",,"A",,"A",,"A",,"A",
491899, 1,"R",97,"A",,"A",,"R",97,"A",,"A",,"A",,"A",,"A",
491899, 2,"R",97,"A",,"A",,"R",97,"A",,"A",,"A",,"A",,"A",
491905, 1,"R",59,"A",,"A",,"R",59,"A",,"A",,"A",,"A",,"A",
491905, 2,"R",59,"A",,"A",,"R",59,"A",,"A",,"A",,"A",,"A",
491914, 1,"R",128,"A",,"A",,"R",128,"A",,"A",,"A",,"A",,"A",
491914, 2,"R",128,"A",,"A",,"R",128,"A",,"A",,"A",,"A",,"A",
491914, 3,"R",128,"A",,"A",,"R",128,"A",,"A",,"A",,"A",,"A",
491923, 1,"R",119,"A",,"A",,"R",119,"A",,"A",,"A",,"A",,"A",
491923, 2,"R",119,"A",,"A",,"R",119,"A",,"A",,"A",,"A",,"A",
491932, 1,"R",48,"A",,"A",,"R",48,"A",,"A",,"A",,"A",,"A",
491932, 2,"R",48,"A",,"A",,"R",48,"A",,"A",,"A",,"A",,"A",
491941, 1,"R",66,"A",,"A",,"R",66,"A",,"A",,"A",,"A",,"A",
491941, 2,"R",66,"A",,"A",,"R",66,"A",,"A",,"A",,"A",,"A",
491941, 3,"R",66,"A",,"A",,"R",66,"A",,"A",,"A",,"A",,"A",
491950, 1,"R",963,"A",,"A",,"R",963,"A",,"A",,"A",,"A",,"A",
491950, 2,"R",963,"A",,"A",,"R",963,"A",,"A",,"A",,"A",,"A",
491969, 1,"R",10,"A",,"A",,"R",10,"A",,"A",,"A",,"A",,"A",
491969, 2,"R",10,"A",,"A",,"R",10,"A",,"A",,"A",,"A",,"A",
491978, 1,"R",42,"A",,"A",,"R",42,"A",,"A",,"A",,"A",,"A",
491978, 2,"R",42,"A",,"A",,"R",42,"A",,"A",,"A",,"A",,"A",
491996, 1,"R",37,"A",,"A",,"R",37,"A",,"A",,"A",,"A",,"A",
491996, 2,"R",37,"A",,"A",,"R",37,"A",,"A",,"A",,"A",,"A",
492005, 1,"R",32,"A",,"A",,"R",32,"A",,"A",,"A",,"A",,"A",
492005, 2,"R",32,"A",,"A",,"R",32,"A",,"A",,"A",,"A",,"A",
492032, 1,"R",5,"A",,"A",,"R",5,"A",,"A",,"A",,"A",,"A",
492032, 2,"R",5,"A",,"A",,"R",5,"A",,"A",,"A",,"A",,"A",
492069, 1,"R",87,"A",,"A",,"R",87,"A",,"A",,"A",,"A",,"A",
492069, 2,"R",87,"A",,"A",,"R",87,"A",,"A",,"A",,"A",,"A",
492069, 3,"R",87,"A",,"A",,"R",87,"A",,"A",,"A",,"A",,"A",
492102, 1,"R",52,"A",,"A",,"R",52,"A",,"A",,"A",,"A",,"A",
492102,12,"R",52,"A",,"A",,"R",52,"A",,"A",,"A",,"A",,"A",
492139, 1,"R",61,"A",,"A",,"R",61,"A",,"A",,"A",,"A",,"A",
492139, 2,"R",61,"A",,"A",,"R",61,"A",,"A",,"A",,"A",,"A",
492209, 1,"R",41,"A",,"A",,"R",41,"A",,"A",,"A",,"A",,"A",
492209,12,"R",41,"A",,"A",,"R",41,"A",,"A",,"A",,"A",,"A",
492306, 1,"R",99,"A",,"A",,"R",99,"A",,"A",,"A",,"A",,"A",
492306, 2,"R",99,"A",,"A",,"R",99,"A",,"A",,"A",,"A",,"A",
492306, 3,"R",99,"A",,"A",,"R",99,"A",,"A",,"A",,"A",,"A",
492315, 1,"R",78,"R",0,"R",0,"R",78,"A",,"A",,"A",,"A",,"A",
492315, 2,"R",78,"R",0,"R",0,"R",78,"A",,"A",,"A",,"A",,"A",
492315, 3,"R",78,"R",0,"R",0,"R",78,"A",,"A",,"A",,"A",,"A",
492324, 1,"R",156,"R",0,"R",0,"R",156,"A",,"A",,"A",,"A",,"A",
492324, 2,"R",156,"R",0,"R",0,"R",156,"A",,"A",,"A",,"A",,"A",
492324, 3,"R",156,"R",0,"R",0,"R",156,"A",,"A",,"A",,"A",,"A",
492360, 1,"R",24,"A",,"A",,"R",24,"A",,"A",,"A",,"A",,"A",
492360, 2,"R",24,"A",,"A",,"R",24,"A",,"A",,"A",,"A",,"A",
492379, 1,"R",16,"A",,"A",,"R",16,"A",,"A",,"A",,"A",,"A",
492379, 2,"R",16,"A",,"A",,"R",16,"A",,"A",,"A",,"A",,"A",
492397, 1,"R",52,"A",,"A",,"R",52,"A",,"A",,"A",,"A",,"A",
492397, 2,"R",52,"A",,"A",,"R",52,"A",,"A",,"A",,"A",,"A",
492421, 1,"R",11,"A",,"A",,"R",11,"A",,"A",,"A",,"A",,"A",
492421, 2,"R",11,"A",,"A",,"R",11,"A",,"A",,"A",,"A",,"A",
492449, 1,"R",223,"R",0,"R",0,"R",223,"A",,"A",,"A",,"A",,"A",
492449, 2,"R",223,"R",0,"R",0,"R",223,"A",,"A",,"A",,"A",,"A",
492449, 3,"R",223,"R",0,"R",0,"R",223,"A",,"A",,"A",,"A",,"A",
492458, 1,"R",103,"R",1,"R",37,"R",65,"R",0,"R",1,"R",0,"R",0,"R",0
492458, 2,"R",103,"R",1,"R",37,"R",65,"R",0,"R",1,"R",0,"R",0,"R",0
492458, 3,"R",103,"R",1,"R",37,"R",65,"R",0,"R",1,"R",0,"R",0,"R",0
492476, 1,"R",69,"R",2,"R",25,"R",42,"R",2,"Z",0,"Z",0,"Z",0,"R",0
492476, 2,"R",69,"R",2,"R",25,"R",42,"R",2,"Z",0,"Z",0,"Z",0,"R",0
492476, 3,"R",69,"R",2,"R",25,"R",42,"R",2,"Z",0,"Z",0,"Z",0,"R",0
492591, 1,"R",34,"A",,"A",,"R",34,"A",,"A",,"A",,"A",,"A",
492591, 2,"R",34,"A",,"A",,"R",34,"A",,"A",,"A",,"A",,"A",
492607, 1,"R",21,"R",0,"R",1,"R",20,"A",,"A",,"A",,"A",,"A",
492607,12,"R",21,"R",0,"R",1,"R",20,"A",,"A",,"A",,"A",,"A",
492643, 1,"R",83,"A",,"A",,"R",83,"A",,"A",,"A",,"A",,"A",
492643, 2,"R",83,"A",,"A",,"R",83,"A",,"A",,"A",,"A",,"A",
492652, 1,"R",8,"A",,"A",,"R",8,"A",,"A",,"A",,"A",,"A",
492652, 2,"R",8,"A",,"A",,"R",8,"A",,"A",,"A",,"A",,"A",
492661, 1,"R",105,"A",,"A",,"R",105,"A",,"A",,"A",,"A",,"A",
492661, 2,"R",105,"A",,"A",,"R",105,"A",,"A",,"A",,"A",,"A",
492689, 1,"R",730,"R",72,"R",196,"R",462,"R",71,"R",1,"R",0,"R",0,"R",0
492689, 2,"R",264,"R",68,"R",196,"R",0,"R",67,"R",1,"R",0,"R",0,"R",0
492689, 3,"R",247,"R",51,"R",196,"R",0,"R",50,"R",1,"R",0,"R",0,"R",0
492689,11,"R",17,"R",17,"R",0,"R",0,"R",17,"R",0,"R",0,"R",0,"R",0
492689,12,"R",466,"R",4,"R",0,"R",462,"R",4,"R",0,"R",0,"R",0,"R",0
492704, 1,"R",62,"A",,"A",,"R",62,"A",,"A",,"A",,"A",,"A",
492704,12,"R",62,"A",,"A",,"R",62,"A",,"A",,"A",,"A",,"A",
492722, 1,"R",143,"R",141,"R",0,"R",2,"R",2,"R",0,"Z",0,"Z",0,"R",139
492722, 2,"R",143,"R",141,"R",0,"R",2,"R",2,"R",0,"Z",0,"Z",0,"R",139
492722, 3,"R",143,"R",141,"R",0,"R",2,"R",2,"R",0,"Z",0,"Z",0,"R",139
492731, 1,"R",62,"A",,"A",,"R",62,"A",,"A",,"A",,"A",,"A",
492731, 2,"R",62,"A",,"A",,"R",62,"A",,"A",,"A",,"A",,"A",
492759, 1,"R",75,"R",1,"R",55,"R",19,"R",1,"R",0,"R",0,"R",0,"R",0
492759, 2,"R",75,"R",1,"R",55,"R",19,"R",1,"R",0,"R",0,"R",0,"R",0
492759, 3,"R",75,"R",1,"R",55,"R",19,"R",1,"R",0,"R",0,"R",0,"R",0
492801, 1,"R",1542,"R",581,"R",481,"R",480,"R",478,"R",95,"R",0,"R",8,"R",0
492801, 2,"R",1542,"R",581,"R",481,"R",480,"R",478,"R",95,"R",0,"R",8,"R",0
492801, 3,"R",1419,"R",557,"R",467,"R",395,"R",454,"R",95,"R",0,"R",8,"R",0
492801,11,"R",123,"R",24,"R",14,"R",85,"R",24,"R",0,"R",0,"R",0,"R",0
492935, 1,"R",18,"A",,"A",,"R",18,"A",,"A",,"A",,"A",,"A",
492935, 2,"R",18,"A",,"A",,"R",18,"A",,"A",,"A",,"A",,"A",
492953, 1,"R",37,"A",,"A",,"R",37,"A",,"A",,"A",,"A",,"A",
492953, 2,"R",37,"A",,"A",,"R",37,"A",,"A",,"A",,"A",,"A",
492962, 1,"R",4714,"R",3116,"R",1598,"R",0,"R",2060,"R",1052,"Z",0,"Z",0,"R",4
492962, 2,"R",4714,"R",3116,"R",1598,"R",0,"R",2060,"R",1052,"Z",0,"Z",0,"R",4
492962, 3,"R",4456,"R",2896,"R",1560,"R",0,"R",1862,"R",1030,"Z",0,"Z",0,"R",4
492962,11,"R",258,"R",220,"R",38,"R",0,"R",198,"R",22,"Z",0,"Z",0,"R",0
493071, 1,"R",46,"A",,"A",,"R",46,"A",,"A",,"A",,"A",,"A",
493071, 2,"R",46,"A",,"A",,"R",46,"A",,"A",,"A",,"A",,"A",
493080, 1,"R",173,"A",,"A",,"R",173,"A",,"A",,"A",,"A",,"A",
493080, 2,"R",173,"A",,"A",,"R",173,"A",,"A",,"A",,"A",,"A",
493132, 1,"R",228,"A",,"A",,"R",228,"A",,"A",,"A",,"A",,"A",
493132, 2,"R",228,"A",,"A",,"R",228,"A",,"A",,"A",,"A",,"A",
493150, 1,"R",58,"A",,"A",,"R",58,"A",,"A",,"A",,"A",,"A",
493150, 2,"R",58,"A",,"A",,"R",58,"A",,"A",,"A",,"A",,"A",
493318, 1,"R",28,"A",,"A",,"R",28,"A",,"A",,"A",,"A",,"A",
493318, 2,"R",28,"A",,"A",,"R",28,"A",,"A",,"A",,"A",,"A",
493318, 3,"R",28,"A",,"A",,"R",28,"A",,"A",,"A",,"A",,"A",
493372, 1,"R",37,"A",,"A",,"R",37,"A",,"A",,"A",,"A",,"A",
493372, 2,"R",37,"A",,"A",,"R",37,"A",,"A",,"A",,"A",,"A",
493424, 1,"R",65,"R",0,"R",0,"R",65,"A",,"A",,"A",,"A",,"A",
493424, 2,"R",65,"R",0,"R",0,"R",65,"A",,"A",,"A",,"A",,"A",
493424, 3,"R",65,"R",0,"R",0,"R",65,"A",,"A",,"A",,"A",,"A",
493451, 1,"R",66,"A",,"A",,"R",66,"A",,"A",,"A",,"A",,"A",
493451, 2,"R",66,"A",,"A",,"R",66,"A",,"A",,"A",,"A",,"A",
493451, 3,"R",66,"A",,"A",,"R",66,"A",,"A",,"A",,"A",,"A",
